Time,x,y,z,q_x,q_y,q_z,q_w
3.52,0.31953649404179835,0.0,0.5205861248487083,0.990260695741049,0.13922555250547017,8.52510636176729e-18,6.063597956803533e-17
3.52,0.31953649404179835,0.0,0.5205861248487083,0.990260695741049,0.13922555250547017,8.52510636176729e-18,6.063597956803533e-17
3.5300000000000002,0.31968522454229575,0.0,0.5202566833183838,0.9898257071109423,0.14228516979054073,8.71245388750617e-18,6.060934419635905e-17
3.54,0.31983565630682054,0.0,0.5199273788970119,0.9893815971842671,0.14534116812902217,8.899579816677216e-18,6.058215030635043e-17
3.55,0.31998778785166565,0.0,0.519598217620072,0.9889283984707691,0.14839347255873447,9.086479559170739e-18,6.055439988865728e-17
3.56,0.3201416176674587,0.0,0.5192692055189059,0.988466144132434,0.15144200838591032,9.273148541312585e-18,6.052609497386559e-17
3.57,0.32029714421918287,0.0,0.5189403486206178,0.9879948679802653,0.15448670119029106,9.459582206176177e-18,6.049723763230218e-17
3.58,0.3204543659461975,0.0,0.5186116529479742,0.9875146044710005,0.1575274768301819,9.645776013892056e-18,6.046782997383376e-17
3.59,0.3206132812622595,0.0,0.518283124519305,0.9870253887037708,0.16056426144746597,9.831725441954899e-18,6.043787414766225e-17
3.6,0.3207738885555449,0.0,0.5179547693484045,0.9865272564166999,0.16359698147257715,1.0017425985528023e-17,6.040737234211659e-17
3.61,0.32093618618867104,0.0,0.5176265934444311,0.9860202439834461,0.16662556362943032,1.0202873157745274e-17,6.037632678444098e-17
3.62,0.3211001724987188,0.0,0.5172986028118088,0.9855043884096858,0.1696499349403092,1.0388062490010319e-17,6.034473974057959e-17
3.63,0.3212658457972557,0.0,0.5169708034501289,0.9849797273295406,0.17267002273070983,1.0572989532293226e-17,6.031261351495773e-17
3.64,0.32143320437035916,0.0,0.5166432013540492,0.9844462990019479,0.17568575463414057,1.0757649853424377e-17,6.027995045025969e-17
3.65,0.3216022464786401,0.0,0.5163158025131964,0.9839041423069752,0.17869705859687654,1.0942039041385594e-17,6.024675292720295e-17
3.66,0.32177297035726693,0.0,0.5159886129120674,0.9833532967420795,0.18170386288266893,1.1126152703598503e-17,6.021302336430926e-17
3.67,0.32194537421599034,0.0,0.5156616385299294,0.9827938024183116,0.18470609607740784,1.1309986467210051e-17,6.017876421767208e-17
3.68,0.3221194562391678,0.0,0.5153348853407224,0.9822257000564667,0.18770368709373822,1.1493535979375143e-17,6.014397798072101e-17
3.69,0.3222952145857891,0.0,0.5150083593129599,0.9816490309831805,0.1906965651756286,1.167679690753641e-17,6.010866718398264e-17
3.7,0.32247264738950177,0.0,0.514682066409631,0.9810638371269738,0.19368465990289163,1.1859764939700997e-17,6.007283439483844e-17
3.71,0.32265175275863767,0.0,0.5143560125881017,0.9804701610142431,0.19666790119565586,1.2042435784714393e-17,6.003648221727914e-17
3.7199999999999998,0.3228325287762387,0.0,0.5140302038000166,0.9798680457652011,0.19964621931878807,1.2224805172531214e-17,5.999961329165629e-17
3.73,0.32301497350008446,0.0,0.513704645991201,0.9792575350897649,0.20261954488626688,1.240686885448301e-17,5.996223029443037e-17
3.74,0.32319908496271904,0.0,0.5133793451015628,0.9786386732833938,0.20558780886550349,1.2588622603542835e-17,5.992433593791603e-17
3.75,0.32338486117147874,0.0,0.5130543070649941,0.9780115052228784,0.20855094258161422,1.2770062214586864e-17,5.988593297002415e-17
3.76,0.3235723001085203,0.0,0.5127295378092739,0.977376076362079,0.21150887772163982,1.2951183504652756e-17,5.984702417400096e-17
3.77,0.3237613997308494,0.0,0.51240504325597,0.9767324327276165,0.21446154633871356,1.3131982313194866e-17,5.980761236816415e-17
3.7800000000000002,0.32395215797034904,0.0,0.5120808293203417,0.9760806209145152,0.21740888085617488,1.3312454502336143e-17,5.97677004056361e-17
3.79,0.3241445727338096,0.0,0.5117569019112417,0.9754206880817982,0.22035081407163293,1.3492595957116941e-17,5.972729117407415e-17
3.8,0.32433864190295786,0.0,0.5114332669310191,0.9747526819480362,0.2232872791609736,1.3672402585740391e-17,5.968638759539803e-17
3.81,0.3245343633344873,0.0,0.5111099302754223,0.9740766507868507,0.22621820968231457,1.3851870319814567e-17,5.964499262551454e-17
3.82,0.3247317348600885,0.0,0.510786897833501,0.9733926434223722,0.22914353957990302,1.4030995114591155e-17,5.960310925403945e-17
3.83,0.3249307542864799,0.0,0.5104641754875098,0.9727007092246528,0.23206320318796214,1.4209772949200984e-17,5.956074050401657e-17
3.84,0.3251314193954392,0.0,0.5101417691128114,0.9720008981050369,0.23497713523447714,1.438819982688586e-17,5.95178894316343e-17
3.85,0.32533372794383497,0.0,0.5098196845777787,0.9712932605114863,0.2378852708449305,1.4566271775227265e-17,5.94745591259394e-17
3.86,0.3255376776636584,0.0,0.5094979277436992,0.9705778474238659,0.240787545545975,1.474398484637129e-17,5.943075270854827e-17
3.87,0.3257432662620562,0.0,0.5091765044646779,0.9698547103491841,0.24368389526905587,1.4921335117250406e-17,5.938647333335559e-17
3.88,0.3259504914213628,0.0,0.5088554205875405,0.969123901316796,0.24657425635396926,1.509831868980137e-17,5.934172418624048e-17
3.89,0.32615935079913416,0.0,0.508534681951738,0.9683854728735631,0.24945856555236895,1.5274931691179942e-17,5.929650848477026e-17
3.9,0.3263698420281808,0.0,0.508214294389249,0.9676394780789754,0.25233676003120914,1.5451170273971703e-17,5.925082947790164e-17
3.91,0.32658196271660234,0.0,0.5078942637244853,0.9668859705002337,0.2552087773761342,1.562703061639961e-17,5.920469044567968e-17
3.92,0.3267957104478213,0.0,0.5075745957741945,0.9661250042072944,0.25807455559480336,1.5802508922527578e-17,5.915809469893431e-17
3.93,0.3270110827806183,0.0,0.5072552963473647,0.9653566337678764,0.2609340331201627,1.5977601422460836e-17,5.911104557897467e-17
3.94,0.32722807724916686,0.0,0.5069363712451288,0.9645809142424314,0.2637871488136508,1.6152304372542198e-17,5.906354645728106e-17
3.95,0.3274466913630692,0.0,0.5066178262606693,0.9637979011790787,0.26663384196834966,1.632661405554503e-17,5.901560073519478e-17
3.96,0.32766692260739205,0.0,0.5062996671791218,0.9630076506085044,0.269474052312071,1.650052678086221e-17,5.896721184360587e-17
3.9699999999999998,0.327888768442703,0.0,0.5059818997774805,0.962210219038826,0.2723077200103856,1.667403888469162e-17,5.89183832426386e-17
3.98,0.3281122263051071,0.0,0.5056645298245033,0.961405663450424,0.2751347856695879,1.6847146730217694e-17,5.886911842133496e-17
3.99,0.32833729360628405,0.0,0.5053475630806156,0.9605940412907398,0.2779551903396022,1.7019846707789357e-17,5.881942089733625e-17
4.0,0.3285639677335256,0.0,0.5050310052978166,0.959775410469042,0.28076887551682406,1.7192135235094012e-17,5.876929421656247e-17
4.01,0.32879224604977336,0.0,0.5047148622195836,0.9589498293511606,0.2835757831469041,1.7364008757328006e-17,5.871874195288997e-17
4.02,0.32902212589365715,0.0,0.5043991395807784,0.958117356754191,0.28637585562746437,1.753546374736294e-17,5.866776770782714e-17
4.03,0.32925360457953357,0.0,0.5040838431075518,0.957278051941168,0.28916903581075637,1.7706496705908458e-17,5.861637511018825e-17
4.04,0.32948667939752496,0.0,0.50376897851725,0.9564319746157106,0.29195526700625324,1.7877104161670944e-17,5.856456781576563e-17
4.05,0.32972134761355876,0.0,0.50345455151832,0.9555791849166384,0.29473449298318155,1.8047282671508565e-17,5.85123495069999e-17
4.06,0.32995760646940747,0.0,0.5031405678102159,0.9547197434125595,0.2975066579729883,1.8217028820582327e-17,5.845972389264866e-17
4.07,0.33019545318272847,0.0,0.5028270330833049,0.9538537110964332,0.30027170667174424,1.8386339222503226e-17,5.840669470745356e-17
4.08,0.3304348849471048,0.0,0.5025139530187736,0.9529811493801057,0.3030295842424838,1.855521051947555e-17,5.83532657118056e-17
4.09,0.3306758989320861,0.0,0.5022013332885344,0.9521021200888194,0.3057802363174822,1.872363938243629e-17,5.829944069140908e-17
4.1,0.3309184922832296,0.0,0.501889179555132,0.9512166854556994,0.3085236090004672,1.8891622511190585e-17,5.824522345694385e-17
4.11,0.3311626621221422,0.0,0.5015774974716506,0.9503249081162147,0.31125964886876695,1.9059156634543227e-17,5.819061784372625e-17
4.12,0.331408405546522,0.0,0.5012662926816202,0.949426851102618,0.3139883029753931,1.9226238510426224e-17,5.813562771136859e-17
4.13,0.33165571963020124,0.0,0.5009555708189242,0.9485225778383611,0.31670951885106036,1.9392864926022468e-17,5.808025694343726e-17
4.14,0.3319046014231887,0.0,0.500645337507706,0.9476121521324904,0.319423244506141,1.95590326978854e-17,5.802450944710945e-17
4.15,0.33215504795171324,0.0,0.5003355983622776,0.9466956381740207,0.32212942843255377,1.972473867205467e-17,5.796838915282877e-17
4.16,0.3324070562182668,0.0,0.5000263589870257,0.9457731005262899,0.3248280196055879,1.9889979724167844e-17,5.791190001395944e-17
4.17,0.33266062320164913,0.0,0.4997176249763206,0.9448446041212939,0.3275189674856639,2.0054752759568217e-17,5.785504600643954e-17
4.18,0.3329157458570111,0.0,0.49940940191442307,0.9439102142540023,0.33020222202002736,2.021905471340851e-17,5.779783112843282e-17
4.19,0.3331724211159003,0.0,0.4991016953753935,0.9429699965766581,0.33287773364437784,2.0382882550750626e-17,5.774025939997975e-17
4.2,0.33343064588630533,0.0,0.4987945109229996,0.9420240170930594,0.3355454532844326,2.0546233266661404e-17,5.768233486264734e-17
4.21,0.33369041705270186,0.0,0.49848785411062446,0.9410723421528248,0.33820533235742567,2.0709103886304406e-17,5.762406157917798e-17
4.22,0.3339517314760979,0.0,0.4981817304811759,0.9401150384456437,0.340857322773541,2.0871491465027663e-17,5.756544363313743e-17
4.23,0.33421458599408016,0.0,0.4978761455669948,0.9391521729955123,0.3435013769372799,2.1033393088447414e-17,5.750648512856177e-17
4.24,0.33447897742086063,0.0,0.49757110488976386,0.9381838131549557,0.34613744774876243,2.1194805872527807e-17,5.744719018960374e-17
4.25,0.3347449025473235,0.0,0.49726661396041755,0.9372100265992354,0.348765488604966,2.1355726963656715e-17,5.738756296017797e-17
4.26,0.33501235814107216,0.0,0.4969626782790502,0.9362308813205464,0.35138545340089544,2.15161535387174e-17,5.732760760360564e-17
4.27,0.33528134094647705,0.0,0.49665930333482644,0.9352464456222025,0.353997296530689,2.1676082805156236e-17,5.726732830225847e-17
4.28,0.33555184768472374,0.0,0.49635649460589054,0.9342567881128087,0.35660097288865955,2.183551200104645e-17,5.720672925720191e-17
4.29,0.3358238750538609,0.0,0.49605425755927646,0.9332619777004264,0.35919643787026745,2.1994438395147706e-17,5.714581468783778e-17
4.3,0.3360974197288496,0.0,0.49575259765081725,0.9322620835867266,0.36178364737303315,2.215285928696199e-17,5.708458883154635e-17
4.31,0.3363724783616118,0.0,0.4954515203250561,0.9312571752611367,0.3643625577973791,2.231077200678514e-17,5.702305594332784e-17
4.32,0.3366490475810804,0.0,0.4951510310151564,0.9302473224949778,0.36693312604741035,2.2468173915754668e-17,5.69612202954435e-17
4.33,0.33692712399324837,0.0,0.4948511351428121,0.929232595335596,0.36949530953162646,2.2625062405893343e-17,5.689908617705627e-17
4.34,0.3372067041812196,0.0,0.49455183811815895,0.9282130641004863,0.37204906616357264,2.2781434900149054e-17,5.683665789387088e-17
4.35,0.33748778470525903,0.0,0.49425314533968534,0.927188799371412,0.3745943543624216,2.293728885243045e-17,5.677393976777386e-17
4.36,0.3377703621028438,0.0,0.4939550621941431,0.9261598719885179,0.3771311330534939,2.3092621747638794e-17,5.671093613647305e-17
4.37,0.3380544328887141,0.0,0.49365759405645954,0.9251263530444411,0.3796593616687096,2.3247431101695628e-17,5.664765135313695e-17
4.38,0.33833999355492544,0.0,0.49336074628964854,0.9240883138784162,0.38217900014698075,2.340171446156679e-17,5.658408978603384e-17
4.39,0.3386270405709,0.0,0.4930645242447226,0.923045826070379,0.38469000893453376,2.3555469405282173e-17,5.652025581817071e-17
4.4,0.3389155703834793,0.0,0.4927689332606046,0.9219989614350687,0.3871923489851714,2.3708693541951756e-17,5.645615384693203e-17
4.41,0.3392055794169769,0.0,0.49247397866404025,0.9209477920161276,0.3896859817604673,2.386138451177751e-17,5.639178828371866e-17
4.42,0.3394970640732312,0.0,0.49217966576951006,0.9198923900802007,0.3921708692299007,2.4013539986061655e-17,5.632716355358632e-17
4.43,0.3397900207316591,0.0,0.4918859998791423,0.9188328281110356,0.3946469738709219,2.4165157667210683e-17,5.62622840948845e-17
4.44,0.3400844457493097,0.0,0.4915929862826258,0.9177691788035827,0.39711425866895983,2.4316235288735787e-17,5.619715435889512e-17
4.45,0.34038033546091834,0.0,0.49130063025712256,0.916701515058098,0.3995726871173599,2.446677061524908e-17,5.613177880947145e-17
4.46,0.3406776861789611,0.0,0.4910089370671815,0.9156299099742471,0.40202222321726466,2.4616761442456297e-17,5.606616192267704e-17
4.47,0.3409764941937096,0.0,0.49071791196465153,0.9145544368452116,0.4044628314774274,2.476620559714534e-17,5.600030818642493e-17
4.48,0.34127675577328626,0.0,0.490427560188595,0.9134751691518009,0.4068944769139643,2.491510093717115e-17,5.5934222100117e-17
4.49,0.34157846716371953,0.0,0.4901378869652022,0.9123921805565672,0.40931712505004275,2.5063445351436587e-17,5.58679081742837e-17
4.5,0.3418816245890002,0.0,0.48984889750770466,0.9113055448979247,0.41173074191551035,2.5211236759869735e-17,5.58013709302239e-17
4.51,0.3421862242511372,0.0,0.48956059701628996,0.9102153361842756,0.41413529404645794,2.5358473113397133e-17,5.573461489964526e-17
4.52,0.34249226233021424,0.0,0.48927299067801616,0.909121628588142,0.41653074848472377,2.550515239391341e-17,5.566764462430485e-17
4.53,0.3427997349844471,0.0,0.488986083666726,0.908024496440305,0.4189170727773345,2.5651272614247074e-17,5.560046465565034e-17
4.54,0.3431086383502403,0.0,0.48869988114296276,0.9069240142239502,0.4212942349758851,2.579683181812253e-17,5.553307955446147e-17
4.55,0.3434189685422451,0.0,0.4884143882538844,0.9058202565688228,0.42366220363585894,2.594182808011844e-17,5.5465493890492154e-17
4.5600000000000005,0.3437307216534171,0.0,0.4881296101331795,0.9047132982453913,0.4260209478158858,2.6086259505622307e-17,5.539771224211316e-17
4.57,0.3440438937550751,0.0,0.4878455519009833,0.90360321415902,0.42837043707693956,2.6230124230781336e-17,5.5329739195955206e-17
4.58,0.34435848089695903,0.0,0.4875622186637921,0.9024900793441522,0.43071064148147753,2.6373420422449733e-17,5.526157934655284e-17
4.59,0.34467447910728927,0.0,0.4872796155143808,0.9013739689585042,0.4330415315925176,2.6516146278132208e-17,5.519323729598889e-17
4.6,0.344991884392826,0.0,0.4869977475317186,0.9002549582772704,0.43536307847265837,2.665830002592395e-17,5.512471765353966e-17
4.61,0.34531069273892884,0.0,0.486716619780885,0.8991331226873405,0.4376752536830383,2.6799879924446932e-17,5.50560250353208e-17
4.62,0.3456309001096164,0.0,0.4864362373129877,0.8980085376815296,0.4399780292822368,2.6940884262782587e-17,5.4987164063934026e-17
4.63,0.3459525024476272,0.0,0.4861566051650783,0.896881278852821,0.4422713778251182,2.7081311360401036e-17,5.4918139368114597e-17
4.64,0.3462754956744801,0.0,0.48587772836007037,0.8957514218886227,0.44455527236161624,2.7221159567086656e-17,5.4848955582379605e-17
4.65,0.3465998756905352,0.0,0.4855996119066567,0.8946190425650391,0.4468296864354614,2.7360427262860165e-17,5.477961734667724e-17
4.66,0.3469256383750549,0.0,0.4853222607992265,0.8934842167411573,0.44909459408285096,2.7499112857897164e-17,5.471012930603691e-17
4.67,0.3472527795862663,0.0,0.48504568001778414,0.8923470203533481,0.45134996983106285,2.763721479244328e-17,5.464049611022029e-17
4.68,0.3475812951614225,0.0,0.4847698745278668,0.8912075294095841,0.453595788697013,2.7774731536725804e-17,5.4570722413373395e-17
4.6899999999999995,0.3479111809168652,0.0,0.4844948492804627,0.8900658199837743,0.4558320261857556,2.79116615908619e-17,5.4500812873679676e-17
4.7,0.3482424326480874,0.0,0.48422060921193,0.8889219682101155,0.4580586582889298,2.804800348476345e-17,5.443077215301416e-17
4.71,0.3485750461297962,0.0,0.4839471592439157,0.8877760502774619,0.4602756614831481,2.81837557780384e-17,5.436060491659867e-17
4.72,0.3489090171159761,0.0,0.4836745042832748,0.8866281424237126,0.46248301272833464,2.831891705988898e-17,5.429031583265816e-17
4.73,0.34924434133995297,0.0,0.48340264922198933,0.8854783209302179,0.4646806894660052,2.8453485949006424e-17,5.421990957207821e-17
4.74,0.34958101451445756,0.0,0.4831315989370883,0.8843266621162063,0.4668686696174944,2.858746109346238e-17,5.4149390808063747e-17
4.75,0.34991903233169014,0.0,0.4828613582905674,0.8831732423332286,0.46904693158213095,2.872084117059721e-17,5.4078764215798905e-17
4.76,0.35025839046338486,0.0,0.48259193212930923,0.8820181379596252,0.4712154542353587,2.8853624886904904e-17,5.4008034472108184e-17
4.77,0.35059908456087474,0.0,0.4823233252850035,0.8808614253950127,0.47337421692680565,2.8985810977914866e-17,5.393720625511887e-17
4.78,0.3509411102551572,0.0,0.48205554257406763,0.879703181054792,0.4755231994783008,2.911739820807047e-17,5.3866284243924774e-17
4.79,0.3512844631569591,0.0,0.48178858879756786,0.8785434813646794,0.47766238218183904,2.9248385370604445e-17,5.379527311825135e-17
4.8,0.3516291388568031,0.0,0.48152246874114013,0.877382402755258,0.47979174579749734,2.9378771287411286e-17,5.3724177558122033e-17
4.8100000000000005,0.35197513292507376,0.0,0.48125718717491156,0.8762200216565541,0.481911271551297,2.950855480891634e-17,5.3653002243526173e-17
4.82,0.35232244091208387,0.0,0.48099274885342197,0.8750564144926353,0.4840209411330189,2.963773481394205e-17,5.358175185408827e-17
4.83,0.3526710583481416,0.0,0.480729158515546,0.8738916576762331,0.48612073669396727,2.976631020957101e-17,5.351043106873867e-17
4.84,0.3530209807436174,0.0,0.48046642088441477,0.8727258276033895,0.48821064084468596,2.9894279931006136e-17,5.3439044565385785e-17
4.85,0.3533722035890117,0.0,0.48020454066733914,0.8715590006481281,0.4902906366526249,3.002164294142775e-17,5.33675970205898e-17
4.86,0.3537247223550227,0.0,0.47994352255573114,0.8703912531571505,0.49236070763976,3.0148398231847893e-17,5.32960931092379e-17
4.87,0.3540785324926141,0.0,0.4796833712250284,0.8692226614445582,0.49442083778016366,3.027454482096151e-17,5.322453750422108e-17
4.88,0.3544336294330841,0.0,0.47942409133461605,0.8680533017865999,0.49647101149753153,3.0400081754995036e-17,5.315293487611255e-17
4.89,0.35479000858813353,0.0,0.4791656875277508,0.8668832504164458,0.4985112136626596,3.052500810755192e-17,5.3081289892847686e-17
4.9,0.3551476653499356,0.0,0.47890816443148454,0.8657125835189877,0.5005414295908779,3.064932297945544e-17,5.30096072194057e-17
4.91,0.3555065950912044,0.0,0.4786515266565886,0.8645413772256682,0.5025616450394368,3.077302549858873e-17,5.293789151749295e-17
4.92,0.35586679316526526,0.0,0.4783957787974775,0.8633697076093344,0.5045718462048516,3.0896114819732104e-17,5.2866147445227884e-17
4.93,0.3562282549061244,0.0,0.47814092543213393,0.8621976506791219,0.5065720197202002,3.101859012439765e-17,5.2794379656827724e-17
4.9399999999999995,0.35659097562853936,0.0,0.4778869711220333,0.861025282375366,0.5085621526523785,3.1140450620661146e-17,5.2722592802296896e-17
4.95,0.3569549506280893,0.0,0.4776339204120689,0.8598526785645417,0.5105422324993132,3.1261695542991387e-17,5.26507915271172e-17
4.96,0.357320175181246,0.0,0.4773817778304773,0.8586799150342334,0.51251224718713,3.138232415207679e-17,5.2578980471939754e-17
4.97,0.3576866445454452,0.0,0.4771305478887641,0.8575070674881313,0.5144721850672836,3.150233573464968e-17,5.250716427227867e-17
4.98,0.35805435395915786,0.0,0.47688023508162924,0.8563342115410614,0.5164220349136437,3.162172960330782e-17,5.2435347558206664e-17
4.99,0.3584232986419621,0.0,0.47663084388689425,0.8551614227140423,0.5183617859195401,3.174050509633351e-17,5.236353495405243e-17
5.0,0.3587934737946152,0.0,0.47638237876542766,0.8539887764293732,0.52029142769477,3.185866157751033e-17,5.229173107809983e-17
5.01,0.3591648745991258,0.0,0.4761348441610723,0.8528163480057531,0.522210950262564,3.197619843593734e-17,5.221994054228904e-17
5.02,0.3595374962188271,0.0,0.47588824450057243,0.8516442126534304,0.524120344056514,3.2093115085840967e-17,5.2148167951919564e-17
5.03,0.359911333798449,0.0,0.47564258419350014,0.8504724454693834,0.5260195999174619,3.2209410966384554e-17,5.2076417905355114e-17
5.04,0.36028638246419203,0.0,0.4753978676321845,0.849301121432533,0.5279087090903519,3.2325085541475534e-17,5.2004694993730454e-17
5.05,0.3606626373238009,0.0,0.4751540991916379,0.8481303153989868,0.529787663221045,3.2440138299570434e-17,5.193300380066021e-17
5.06,0.3610400934666378,0.0,0.4749112832294853,0.8469601020973144,0.5316564543530969,3.2554568753477555e-17,5.186134890194958e-17
5.07,0.3614187459637571,0.0,0.47466942408589174,0.8457905561238573,0.5335150749245012,3.266837644015754e-17,5.178973486530708e-17
5.08,0.3617985898679793,0.0,0.47442852608349234,0.8446217519380685,0.5353635177643952,3.278156092052169e-17,5.171816625005927e-17
5.09,0.3621796202139663,0.0,0.4741885935273198,0.8434537638578871,0.5372017760897331,3.289412177922824e-17,5.164664760686745e-17
5.1,0.3625618320182957,0.0,0.473949630704735,0.8422866660551444,0.5390298435019251,3.3006058624476564e-17,5.157518347744641e-17
5.11,0.36294522027953685,0.0,0.47371164188535586,0.8411205325510044,0.5408477139834418,3.311737108779926e-17,5.1503778394285235e-17
5.12,0.3633297799783256,0.0,0.47347463132098755,0.8399554372114378,0.5426553818943864,3.3228058823852244e-17,5.143243688037015e-17
5.13,0.36371550607744085,0.0,0.4732386032455525,0.8387914537427282,0.5444528419690364,3.333812151020301e-17,5.136116344890937e-17
5.14,0.36410239352188045,0.0,0.47300356187502135,0.8376286556870142,0.5462400893123514,3.344755884711677e-17,5.1289962603060115e-17
5.15,0.36449043723893737,0.0,0.4727695114073429,0.8364671164178635,0.5480171193964514,3.355637055734085e-17,5.121883883565765e-17
5.16,0.36487963213827673,0.0,0.47253645602237615,0.8353069091358841,0.5497839280570648,3.366455638588715e-17,5.1147796628946474e-17
5.17,0.3652699731120125,0.0,0.4723043998818208,0.8341481068643669,0.5515405114899473,3.37721160998129e-17,5.1076840454313566e-17
5.18,0.3656614550347851,0.0,0.4720733471291498,0.8329907824449648,0.5532868662472709,3.38790494879995e-17,5.100597477202377e-17
5.19,0.36605407276383845,0.0,0.4718433018895404,0.8318350085334062,0.5550229892339847,3.3985356360929765e-17,5.0935204030957356e-17
5.2,0.36644782113909824,0.0,0.47161426826980724,0.830680857595244,0.5567488777041494,3.409103655046339e-17,5.0864532668349696e-17
5.21,0.36684269498324956,0.0,0.47138625035833454,0.829528401901638,0.5584645292572434,3.419608990961083e-17,5.0793965109533007e-17
5.22,0.3672386891018158,0.0,0.471159252225009,0.8283777135251745,0.5601699418344436,3.430051631230552e-17,5.072350576768041e-17
5.23,0.3676357982832367,0.0,0.47093327792115314,0.8272288643357203,0.5618651137148795,3.440431565317454e-17,5.0653159043552e-17
5.24,0.3680340172989476,0.0,0.47070833147945856,0.8260819259963128,0.5635500435118627,3.450748784730771e-17,5.058292932524326e-17
5.25,0.36843334090345836,0.0,0.4704844169139201,0.8249369699590844,0.5652247301690936,3.4610032830025343e-17,5.051282098793545e-17
5.26,0.36883376383443295,0.0,0.47026153821976974,0.8237940674612247,0.5668891729568409,3.471195055664428e-17,5.044283839364838e-17
5.27,0.36923528081276924,0.0,0.47003969937341095,0.8226532895209766,0.568543371468102,3.481324100224278e-17,5.037298589099524e-17
5.28,0.3696378865426786,0.0,0.4698189043323535,0.8215147069336697,0.5701873256147375,3.4913904161423894e-17,5.030326781493973e-17
5.29,0.3700415757117663,0.0,0.4695991570351487,0.8203783902677891,0.5718210356235865,3.50139400480775e-17,5.0233688486555303e-17
5.3,0.37044634299111245,0.0,0.46938046140132456,0.8192444098610802,0.5734445020325599,3.511334869514112e-17,5.0164252212786705e-17
5.31,0.3708521830353517,0.0,0.46916282133132126,0.8181128358166898,0.5750577256867122,3.521213015435944e-17,5.0094963286213665e-17
5.32,0.3712590904827553,0.0,0.46894624070642754,0.8169837379993443,0.5766607077342957,3.5310284496042625e-17,5.002582598481684e-17
5.33,0.37166705995531163,0.0,0.4687307233887171,0.8158571860315627,0.5782534496227932,3.540781180882345e-17,4.995684457174599e-17
5.34,0.3720760860588082,0.0,0.4685162732209845,0.8147332492899065,0.5798359530949344,3.5504712199413315e-17,4.988802329509033e-17
5.35,0.3724861633829132,0.0,0.4683028940266828,0.8136119969012673,0.5814082201846927,3.5600985792357177e-17,4.981936638765116e-17
5.36,0.3728972865012575,0.0,0.46809058960986055,0.8124934977391882,0.5829702532132661,3.569663272978742e-17,4.9750878066716704e-17
5.37,0.37330944997151677,0.0,0.46787936375509936,0.8113778204202247,0.5845220547850403,3.579165317117667e-17,4.968256253383921e-17
5.38,0.37372264833549473,0.0,0.4676692202274519,0.810265033300339,0.5860636277835373,3.5886047293089734e-17,4.961442397461419e-17
5.39,0.37413687611920504,0.0,0.46746016277237984,0.8091552044713334,0.5875949753673483,3.5979815288934547e-17,4.9546466558462025e-17
5.4,0.37455212783295494,0.0,0.4672521951156928,0.8080484017573187,0.5891161009660513,3.607295736871218e-17,4.9478694438411745e-17
5.41,0.37496839797142806,0.0,0.4670453209634869,0.8069446927112199,0.5906270082761157,3.616547375876612e-17,4.9411111750887e-17
5.42,0.3753856810137685,0.0,0.46683954400208405,0.8058441446113171,0.5921277012567936,3.625736470153062e-17,4.934372261549432e-17
5.43,0.3758039714236642,0.0,0.4666348678979715,0.8047468244578246,0.5936181841259979,3.634863045527837e-17,4.927653113481359e-17
5.44,0.3762232636494311,0.0,0.46643129629774166,0.8036527989695053,0.5950984613561693,3.643927129386738e-17,4.92095413941908e-17
5.45,0.3766435521240973,0.0,0.46622883282803224,0.8025621345803217,0.5965685376701303,3.6529287506487115e-17,4.914275746153291e-17
5.46,0.3770648312654878,0.0,0.46602748109546677,0.8014748974361237,0.5980284180369316,3.661867939740418e-17,4.9076183387105104e-17
5.47,0.377487095476309,0.0,0.4658272446865952,0.8003911533913721,0.5994781076676855,3.6707447285707174e-17,4.9009823203330105e-17
5.48,0.3779103391442338,0.0,0.4656281271678357,0.7993109680058993,0.6009176120113906,3.679559150505103e-17,4.894368092458985e-17
5.49,0.3783345566419867,0.0,0.46543013208541534,0.7982344065417053,0.6023469367507496,3.688311240340093e-17,4.887776054702932e-17
5.5,0.3787597423274295,0.0,0.46523326296531253,0.7971615339597902,0.6037660877979769,3.697001034277561e-17,4.881206604836256e-17
5.51,0.3791858905436468,0.0,0.46503752331319853,0.796092414917023,0.6051750712905998,3.705628569899022e-17,4.874660138768094e-17
5.52,0.37961299561903195,0.0,0.46484291661438104,0.795027113763047,0.6065738935872522,3.7141938861398783e-17,4.868137050526371e-17
5.53,0.3800410518673733,0.0,0.4646494463337454,0.7939656945372193,0.6079625612634637,3.7226970232636375e-17,4.8616377322390544e-17
5.54,0.3804700535879404,0.0,0.4644571159156996,0.7929082209655889,0.6093410811074409,3.731138022836076e-17,4.855162574115654e-17
5.55,0.3808999950655709,0.0,0.4642659287841161,0.7918547564579076,0.6107094601158457,3.739516927699393e-17,4.848711964428917e-17
5.5600000000000005,0.38133087057075704,0.0,0.4640758883422769,0.7908053641046792,0.612067705489569,3.747833781946328e-17,4.8422862894967626e-17
5.57,0.3817626743597331,0.0,0.4638869979728169,0.7897601066742429,0.6134158246294992,3.756088630894252e-17,4.835885933664419e-17
5.58,0.38219540067456254,0.0,0.4636992610376686,0.7887190466098922,0.6147538251322904,3.7642815210592556e-17,4.829511279286783e-17
5.59,0.3826290437432253,0.0,0.4635126808780077,0.7876822460270301,0.6160817147861257,3.772412500130207e-17,4.823162706711002e-17
5.6,0.38306359777970594,0.0,0.46332726081419695,0.786649766710358,0.617399501566481,3.7804816169428115e-17,4.81684059425926e-17
5.61,0.3834990569840814,0.0,0.4631430041457327,0.7856216701111017,0.6187071936318853,3.78848892145365e-17,4.810545318211793e-17
5.62,0.383935415542609,0.0,0.46295991415119053,0.7845980173442709,0.620004799319682,3.796434464714228e-17,4.804277252790104e-17
5.63,0.3843726676278154,0.0,0.46277799408817144,0.7835788691859534,0.6212923271417912,3.804318298845024e-17,4.798036770140402e-17
5.64,0.3848108073985846,0.0,0.462597247193248,0.7825642860706462,0.6225697857804695,3.812140477009527e-17,4.7918242403172525e-17
5.65,0.3852498290002472,0.0,0.4624176766819121,0.781554328088618,0.6238371840840755,3.819901053388306e-17,4.785640031267432e-17
5.66,0.38568972656466904,0.0,0.46223928574852163,0.780549054983309,0.6250945310628332,3.827600083153072e-17,4.779484508814004e-17
5.67,0.3861304942103411,0.0,0.46206207756624806,0.7795485261487629,0.6263418358846004,3.8352376224407633e-17,4.773358036640596e-17
5.68,0.38657212604246843,0.0,0.46188605528702487,0.7785528006270946,0.6275791078706392,3.842813728327649e-17,4.7672609762758943e-17
5.6899999999999995,0.38701461615305993,0.0,0.46171122204149506,0.7775619371059911,0.6288063564913914,3.8503284588034596e-17,4.761193687078338e-17
5.7,0.3874579586210186,0.0,0.4615375809389607,0.7765759939162451,0.6300235913622568,3.857781872745539e-17,4.75515652622102e-17
5.71,0.38790214751223095,0.0,0.46136513506733123,0.7755950290293253,0.631230822239377,3.8651740298930247e-17,4.749149848676809e-17
5.72,0.3883471768796581,0.0,0.4611938874930732,0.7746191000549766,0.6324280590154253,3.87250499082107e-17,4.743174007203652e-17
5.73,0.3887930407634257,0.0,0.4610238412611599,0.7736482642388556,0.633615311715402,3.8797748169150975e-17,4.737229352330101e-17
5.74,0.389239733190915,0.0,0.46085499939502145,0.7726825784601989,0.6347925904924367,3.886983570345096e-17,4.7313162323410315e-17
5.75,0.3896872481768536,0.0,0.4606873648964949,0.7717220992295246,0.6359599056235982,3.8941313140399614e-17,4.725434993263567e-17
5.76,0.39013557972340646,0.0,0.46052094074577554,0.7707668826863645,0.6371172675057112,3.901218111661886e-17,4.719585978853199e-17
5.77,0.3905847218202676,0.0,0.46035572990136736,0.7698169845970322,0.638264686651183,3.908244027580798e-17,4.713769530580114e-17
5.78,0.39103466844475127,0.0,0.46019173530003543,0.7688724603524196,0.6394021736838379,3.9152091268488605e-17,4.7079859876157047e-17
5.79,0.3914854135618837,0.0,0.46002895985675674,0.7679333649658293,0.6405297393347621,3.922113475175025e-17,4.7022356868192955e-17
5.8,0.391936951124495,0.0,0.45986740646467306,0.766999753070836,0.6416473944381575,3.9289571388996444e-17,4.696518962725048e-17
5.8100000000000005,0.3923892750733115,0.0,0.45970707799504335,0.7660716789191805,0.6427551499272083,3.9357401849691635e-17,4.690836147529066e-17
5.82,0.39284237933704774,0.0,0.4595479772971967,0.7651491963786958,0.6438530168299562,3.942462680910864e-17,4.6851875710766974e-17
5.83,0.39329625783249905,0.0,0.45939010719848516,0.7642323589312637,0.6449410062651901,3.9491246948076906e-17,4.679573560850016e-17
5.84,0.3937509044646343,0.0,0.4592334705042383,0.7633212196708024,0.6460191294383463,3.955726295273152e-17,4.6739944419555086e-17
5.85,0.3942063131266886,0.0,0.4590780699977162,0.762415831301285,0.6470873976374215,3.9622675514262944e-17,4.668450537111935e-17
5.86,0.3946624777002565,0.0,0.4589239084400645,0.7615162461347892,0.6481458222289018,3.96874853286677e-17,4.662942166638388e-17
5.87,0.39511939205538504,0.0,0.45877098857026877,0.7606225160895759,0.6491944146537021,3.975169309649979e-17,4.657469648442526e-17
5.88,0.39557705005066723,0.0,0.4586193131051098,0.7597346926881995,0.6502331864231224,3.9815299522623055e-17,4.6520332980090076e-17
5.89,0.39603544553333575,0.0,0.4584688847391189,0.7588528270556467,0.6512621491148191,3.987830531596447e-17,4.646633428388089e-17
5.9,0.3964945723393566,0.0,0.4583197061445339,0.7579769699175056,0.6522813143687904,3.994071118926838e-17,4.641270350184415e-17
5.91,0.3969544242935229,0.0,0.4581717799712552,0.7571071715981645,0.6532906938833795,4.0002517858851704e-17,4.63594437154599e-17
5.92,0.3974149952095493,0.0,0.45802510884680203,0.7562434820190389,0.654290299411293,4.006372604436017e-17,4.630655798153325e-17
5.93,0.3978762788901662,0.0,0.45787969537627027,0.7553859506968279,0.6552801427556382,4.0124336468525645e-17,4.625404933208753e-17
5.9399999999999995,0.398338269127214,0.0,0.4577355421422884,0.7545346267417992,0.6562602357659755,4.0184349856924464e-17,4.6201920774259364e-17
5.95,0.398800959701738,0.0,0.4575926517049766,0.7536895588561027,0.6572305903343919,4.024376693773692e-17,4.615017529019534e-17
5.96,0.39926434438408304,0.0,0.4574510266019036,0.7528507953321117,0.6581912183915908,4.0302588441507905e-17,4.6098815836950486e-17
5.97,0.3997284169339887,0.0,0.4573106693480457,0.7520183840507929,0.6591421319030017,4.0360815100908676e-17,4.6047845346388426e-17
5.98,0.40019317110068414,0.0,0.45717158243574546,0.751192372480102,0.660083342864911,4.041844765049991e-17,4.5997266725083155e-17
5.99,0.40065860062298353,0.0,0.4570337683346706,0.7503728076734095,0.6610148633006102,4.0475486826495876e-17,4.5947082854222676e-17
6.0,0.4011246992293819,0.0,0.4568972294917735,0.7495597362679518,0.6619367052565666,4.053193336652996e-17,4.589729658951407e-17
6.01,0.40159146063815004,0.0,0.4567619683312518,0.7487532044833085,0.6628488807986153,4.058778800942148e-17,4.584791076109037e-17
6.02,0.40205887855743105,0.0,0.4566279872545076,0.7479532581199085,0.6637514020081716,4.0643051494943775e-17,4.5798928173419e-17
6.03,0.4025269466853358,0.0,0.45649528864010874,0.7471599425575606,0.6646442809784666,4.069772456359366e-17,4.575035160521184e-17
6.04,0.40299565871003923,0.0,0.4563638748437496,0.7463733027540106,0.6655275298108037,4.075180795636227e-17,4.5702183809336875e-17
6.05,0.40346500830987675,0.0,0.4562337481982125,0.7455933832435245,0.6664011606108401,4.080530241450733e-17,4.5654427512731405e-17
6.06,0.4039349891534404,0.0,0.4561049110133296,0.7448202281354969,0.6672651854848912,4.085820867932685e-17,4.560708541631688e-17
6.07,0.4044055948996757,0.0,0.455977365575945,0.7440538811130849,0.6681196165362572,4.091052749193422e-17,4.556016019491524e-17
6.08,0.4048768191979783,0.0,0.4558511141498767,0.7432943854318667,0.668964465861576,4.096225959303489e-17,4.551365449716673e-17
6.09,0.4053486556882907,0.0,0.4557261589758806,0.7425417839185248,0.6697997455472007,4.101340572270455e-17,4.546757094544935e-17
6.1,0.4058210980011998,0.0,0.45560250227161264,0.7417961189695542,0.6706254676656017,4.10639666201688e-17,4.542191213579969e-17
6.11,0.4062941397580333,0.0,0.45548014623159294,0.7410574325499946,0.671441644271794,4.1113943023584415e-17,4.5376680637835325e-17
6.12,0.4067677745709578,0.0,0.4553590930271699,0.7403257661921857,0.6722482873997919,4.116333566982226e-17,4.5331878994678604e-17
6.13,0.4072419960430758,0.0,0.4552393448064847,0.7396011609945472,0.67304540905909,4.1212145294251784e-17,4.5287509722881925e-17
6.14,0.40771679776852354,0.0,0.4551209036944356,0.7388836576203819,0.6738330212311698,4.126037263052713e-17,4.5243575312354474e-17
6.15,0.40819217333256874,0.0,0.45500377179264345,0.738173296296701,0.6746111358660356,4.1308018410375035e-17,4.520007822629028e-17
6.16,0.4086681163117085,0.0,0.4548879511794172,0.7374701168130738,0.6753797648787763,4.135508336338427e-17,4.5157020901097776e-17
6.17,0.40914462027376725,0.0,0.45477344390971997,0.7367741585204983,0.6761389201461572,4.1401568216796964e-17,4.5114405746330644e-17
6.18,0.409621678777995,0.0,0.454660252015135,0.736085460330295,0.6768886135032394,4.14474736953016e-17,4.507223514462009e-17
6.19,0.4100992853751658,0.0,0.45454837750383253,0.7354040607130228,0.6776288567400275,4.149280052082775e-17,4.5030511451608456e-17
6.2,0.41057743360767596,0.0,0.45443782236053726,0.7347299976974161,0.6783596615981488,4.153754941234273e-17,4.498923699588414e-17
6.21,0.4110561170096427,0.0,0.45432858854649494,0.7340633088693438,0.6790810397675601,4.1581721085649946e-17,4.494841407891784e-17
6.22,0.41153532910700297,0.0,0.4542206779994411,0.7334040313707888,0.6797930028832858,4.162531625318917e-17,4.4908044975000073e-17
6.23,0.4120150634176123,0.0,0.4541140926335688,0.7327522018988496,0.6804955625221869,4.166833562383869e-17,4.4868131931180066e-17
6.24,0.4124953134513435,0.0,0.4540088343394974,0.7321078567047614,0.6811887301997593,4.171077990271926e-17,4.482867716720576e-17
6.25,0.4129760727101861,0.0,0.45390490498424146,0.7314710315929382,0.6818725173669655,4.1752649791000114e-17,4.478968287546522e-17
6.26,0.41345733468834545,0.0,0.4538023064111806,0.730841761920035,0.6825469354070963,4.1793945985706786e-17,4.475115122092914e-17
6.27,0.41393909287234204,0.0,0.4537010404400283,0.7302200825940293,0.6832119956326652,4.1834669179530946e-17,4.471308434109469e-17
6.28,0.414421340741111,0.0,0.45360110886680305,0.7296060280733231,0.6838677092823358,4.1874820060642256e-17,4.467548434593045e-17
6.29,0.4149040717661015,0.0,0.45350251346379866,0.7289996323658636,0.6845140875178799,4.191439931250214e-17,4.4638353317822606e-17
6.3,0.4153872794113768,0.0,0.4534052559795548,0.7284009290282828,0.6851511414211717,4.1953407613679675e-17,4.4601693311522245e-17
6.31,0.4158709571337139,0.0,0.45330933813882873,0.7278099511650569,0.6857788819912127,4.199184563766946e-17,4.4565506354093917e-17
6.32,0.4163550983827034,0.0,0.45321476164256697,0.7272267314276825,0.6863973201411916,4.2029714052711565e-17,4.4529794444865164e-17
6.33,0.41683969660084963,0.0,0.4531215281678773,0.7266513020138736,0.687006466695578,4.2067013521613613e-17,4.449455955537735e-17
6.34,0.41732474522367097,0.0,0.45302963936800156,0.7260836946667737,0.6876063323872514,4.2103744701574924e-17,4.445980362933743e-17
6.35,0.41781023767979975,0.0,0.45293909687228806,0.7255239406741885,0.6881969278546634,4.2139908244012773e-17,4.442552858257095e-17
6.36,0.418296167391083,0.0,0.45284990228616534,0.7249720708678333,0.6887782636390359,4.2175504794390854e-17,4.439173630297601e-17
6.37,0.41878252777268277,0.0,0.4527620571911155,0.724428115622601,0.6893503501815949,4.221053499204986e-17,4.435842865047835e-17
6.38,0.41926931223317676,0.0,0.4526755631446487,0.7238921048558437,0.689913197820839,4.2244999470040264e-17,4.432560745698746e-17
6.39,0.4197565141746589,0.0,0.4525904216802772,0.7233640680266736,0.6904668167898453,4.2278898854957304e-17,4.4293274526353704e-17
6.4,0.42024412699284064,0.0,0.45250663430749033,0.7228440341352791,0.6910112172136105,4.231223376677822e-17,4.426143163432648e-17
6.41,0.42073214407715087,0.0,0.45242420251173016,0.722332031722258,0.6915464091064277,4.234500481870164e-17,4.4230080528513385e-17
6.42,0.42122055881083814,0.0,0.4523431277543664,0.7218280888679661,0.6920724023693039,4.2377212616989355e-17,4.41992229283403e-17
6.43,0.4217093645710708,0.0,0.45226341147267335,0.7213322331918819,0.6925892067874091,4.2408857760810244e-17,4.4168860525012515e-17
6.44,0.4221985547290387,0.0,0.4521850550798052,0.720844491851987,0.6930968320275679,4.2439940842086587e-17,4.413899498147681e-17
6.45,0.42268812265005434,0.0,0.45210805996477427,0.7203648915441618,0.6935952876357855,4.2470462445342626e-17,4.41096279323844e-17
6.46,0.4231780616936542,0.0,0.452032427492427,0.7198934585015961,0.6940845830348134,4.250042314755547e-17,4.4080760984054883e-17
6.47,0.42366836521370027,0.0,0.45195815900342234,0.7194302184942151,0.6945647275217522,4.252982351800837e-17,4.405239571444107e-17
6.48,0.42415902655848176,0.0,0.4518852558142093,0.718975196828119,0.6950357302656949,4.255866411814632e-17,4.4024533673094704e-17
6.49,0.42465003907081633,0.0,0.45181371921700575,0.7185284183450387,0.6954976003054052,4.258694550143399e-17,4.39971763811331e-17
6.5,0.4251413960881525,0.0,0.45174355047977716,0.718089907421804,0.6959503465470399,4.2614668213216184e-17,4.397032533120657e-17
6.51,0.4256330909426707,0.0,0.4516747508462155,0.7176596879698275,0.6963939777619059,4.264183279058056e-17,4.394398198746687e-17
6.52,0.4261251169613859,0.0,0.4516073215357194,0.7172377834346002,0.6968285025842595,4.266843976222283e-17,4.3918147785536286e-17
6.53,0.42661746746624907,0.0,0.45154126374337367,0.7168242167952034,0.6972539295091447,4.2694489648314415e-17,4.3892824132477706e-17
6.54,0.42711013577424956,0.0,0.45147657863992996,0.716419010563831,0.6976702668902707,4.271998296037248e-17,4.386801240676547e-17
6.55,0.42760311519751704,0.0,0.4514132673717875,0.7160221867853276,0.6980775229379309,4.2744920201132507e-17,4.3843713958256984e-17
6.5600000000000005,0.42809639904342395,0.0,0.4513513310609745,0.715633767036738,0.6984757057169618,4.27693018644233e-17,4.381993010816519e-17
6.57,0.4285899806146875,0.0,0.45129077080512947,0.7152537724268698,0.698864823144742,4.2793128435044466e-17,4.379666214903178e-17
6.58,0.4290838532094725,0.0,0.4512315876774832,0.7148822235958691,0.6992448829892328,4.2816400388646475e-17,4.377391134470117e-17
6.59,0.4295780101214934,0.0,0.4511737827268417,0.7145191407148077,0.6996158928670595,4.28391181916131e-17,4.3751678930295327e-17
6.6,0.43007244464011674,0.0,0.4511173569775683,0.7141645434852835,0.6999778602416341,4.286128230094653e-17,4.372996611218916e-17
6.61,0.43056715005046436,0.0,0.45106231142956743,0.7138184511390322,0.7003307924213193,4.288289316415491e-17,4.370877406798686e-17
6.62,0.4310621196335152,0.0,0.4510086470582678,0.713480882437551,0.7006746965576347,4.290395121914252e-17,4.3688103946498796e-17
6.63,0.4315573466662088,0.0,0.45095636481460705,0.7131518556717344,0.7010095796435036,4.2924456894102416e-17,4.366795686771924e-17
6.64,0.4320528244215476,0.0,0.4509054656250151,0.7128313886615207,0.7013354485115436,4.294441060741176e-17,4.364833392280471e-17
6.65,0.43254854616869975,0.0,0.4508559503914003,0.7125194987555505,0.7016523098323977,4.296381276752964e-17,4.362923617405307e-17
6.66,0.43304450517310245,0.0,0.45080781999113323,0.7122162028308364,0.701960170113109,4.2982663772897525e-17,4.3610664654883294e-17
6.67,0.43354069469656453,0.0,0.4507610752770338,0.7119215172924427,0.7022590356955375,4.300096401184234e-17,4.359262036981585e-17
6.68,0.43403710799736966,0.0,0.450715717077356,0.7116354580731773,0.7025489127548197,4.301871386248215e-17,4.3575104294453854e-17
6.6899999999999995,0.4345337383303792,0.0,0.4506717461957749,0.7113580406332934,0.7028298072978704,4.30359136926344e-17,4.3558117375464784e-17
6.7,0.4350305789471358,0.0,0.45062916341137355,0.7110892799602021,0.7031017251619294,4.3052563859726945e-17,4.354166053056288e-17
6.71,0.435527623095966,0.0,0.4505879694786302,0.7108291905681952,0.7033646720131489,4.306866471071154e-17,4.352573464849221e-17
6.72,0.4360248640220837,0.0,0.4505481651274057,0.7105777864981778,0.7036186533452266,4.308421658198014e-17,4.351034058901024e-17
6.73,0.43652229496769385,0.0,0.4505097510629315,0.710335081317413,0.7038636744780797,4.3099219799283746e-17,4.3495479182872235e-17
6.74,0.43701990917209493,0.0,0.45047272796579857,0.7101010881192733,0.7040997405565663,4.311367467765404e-17,4.348115123181603e-17
6.75,0.43751769987178324,0.0,0.45043709649194574,0.709875819523005,0.7043268565492459,4.3127581521327545e-17,4.346735750854762e-17
6.76,0.4380156603005558,0.0,0.45040285727264917,0.7096592876735,0.7045450272471878,4.314094062367267e-17,4.345409875672712e-17
6.77,0.43851378368961375,0.0,0.450370010914512,0.7094515042410791,0.7047542572628208,4.3153752267119193e-17,4.3441375690955614e-17
6.78,0.43901206326766623,0.0,0.45033855799945444,0.7092524804212829,0.7049545510288289,4.3166016723090735e-17,4.3429188996762244e-17
6.79,0.4395104922610335,0.0,0.4503084990847041,0.7090622269346739,0.7051459127970898,4.3177734251939734e-17,4.341753933059213e-17
6.8,0.44000906389375105,0.0,0.450279834702787,0.7088807540266465,0.7053283466376585,4.318890510288517e-17,4.340642731979474e-17
6.8100000000000005,0.4405077713876726,0.0,0.4502525653615187,0.7087080714672466,0.7055018564377957,4.31995295139531e-17,4.339585356261286e-17
6.82,0.44100660796257424,0.0,0.4502266915439962,0.7085441885510005,0.7056664459010392,4.320960771191983e-17,4.338581862817208e-17
6.83,0.44150556683625786,0.0,0.4502022137085898,0.7083891140967525,0.7058221185463219,4.321913991225784e-17,4.3376323056470856e-17
6.84,0.44200464122465505,0.0,0.4501791322889358,0.7082428564475115,0.7059688777071335,4.322812631908451e-17,4.336736735837117e-17
6.85,0.44250382434193075,0.0,0.45015744769392896,0.7081054234703062,0.7061067265307266,4.3236567125113487e-17,4.3358952015589584e-17
6.86,0.44300310940058696,0.0,0.4501371603077164,0.7079768225560491,0.706235667977369,4.3244462511608894e-17,4.335107748068896e-17
6.87,0.4435024896115666,0.0,0.450118270489691,0.7078570606194093,0.7063557048196396,4.325181264834221e-17,4.334374417707068e-17
6.88,0.4440019581843573,0.0,0.4501007785744854,0.7077461440986939,0.7064668396417703,4.325861769355202e-17,4.3336952498967343e-17
6.89,0.4445015083270955,0.0,0.4500846848719666,0.7076440789557371,0.7065690748390326,4.3264877793906397e-17,4.3330702811436014e-17
6.9,0.44500113324666996,0.0,0.4500699896672311,0.7075508706757989,0.7066624126171696,4.3270593084468145e-17,4.3324995450352e-17
6.91,0.4455008261488258,0.0,0.45005669322059993,0.7074665242674714,0.7067468549918728,4.327576368866278e-17,4.33198307224031e-17
6.92,0.44600058023826844,0.0,0.45004479576761464,0.7073910442625935,0.7068224037883049,4.3280389718249276e-17,4.331520890508444e-17
6.93,0.44650038871876757,0.0,0.45003429751903307,0.7073244347161743,0.7068890606406669,4.32844712732936e-17,4.331113024669369e-17
6.9399999999999995,0.4470002447932609,0.0,0.45002519866082635,0.7072666992063238,0.7069468269918124,4.328800844214504e-17,4.3307594966326914e-17
6.95,0.44750014166395835,0.0,0.45001749935417545,0.707217840834193,0.7069957040929046,4.3291001301415244e-17,4.330460325387484e-17
6.96,0.4480000725324459,0.0,0.45001119973546894,0.7071778622239212,0.7070356930031219,4.3293449915960193e-17,4.330215527001965e-17
6.97,0.4485000305997894,0.0,0.4500062999163004,0.7071467655225917,0.7070667945894056,4.329535433886473e-17,4.3300251146232294e-17
6.98,0.44900000906663895,0.0,0.45000279998346676,0.7071245524001958,0.7070890095262568,4.329671461143013e-17,4.329889098477023e-17
6.99,0.4495000011333325,0.0,0.45000069999896664,0.7071112240496041,0.7071023382955754,4.329753076316427e-17,4.329807485867573e-17
7.0,0.45,0.0,0.45000000000000007,0.7071067811865476,0.7071067811865475,4.329780281177466e-17,4.329780281177467e-17
7.01,0.45049999886666753,0.0,0.45000069999896664,0.7071112240496041,0.7071023382955754,4.329753076316427e-17,4.329807485867573e-17
7.02,0.4509999909333611,0.0,0.45000279998346676,0.7071245524001958,0.7070890095262568,4.329671461143013e-17,4.329889098477023e-17
7.03,0.45149996940021064,0.0,0.4500062999163004,0.7071467655225917,0.7070667945894056,4.329535433886473e-17,4.3300251146232294e-17
7.04,0.45199992746755413,0.0,0.45001119973546894,0.7071778622239212,0.7070356930031219,4.3293449915960193e-17,4.330215527001965e-17
7.05,0.45249985833604167,0.0,0.45001749935417545,0.707217840834193,0.7069957040929046,4.3291001301415244e-17,4.330460325387484e-17
7.06,0.4529997552067391,0.0,0.45002519866082635,0.7072666992063238,0.7069468269918124,4.328800844214504e-17,4.3307594966326914e-17
7.07,0.45349961128123245,0.0,0.45003429751903307,0.7073244347161743,0.7068890606406669,4.32844712732936e-17,4.331113024669369e-17
7.08,0.4539994197617316,0.0,0.45004479576761464,0.7073910442625935,0.7068224037883049,4.3280389718249276e-17,4.331520890508444e-17
7.09,0.4544991738511742,0.0,0.45005669322059993,0.7074665242674714,0.7067468549918728,4.327576368866278e-17,4.33198307224031e-17
7.1,0.45499886675333007,0.0,0.4500699896672311,0.7075508706757989,0.7066624126171696,4.3270593084468145e-17,4.3324995450352e-17
7.11,0.4554984916729045,0.0,0.4500846848719666,0.7076440789557371,0.7065690748390326,4.3264877793906397e-17,4.3330702811436014e-17
7.12,0.45599804181564274,0.0,0.4501007785744854,0.7077461440986939,0.7064668396417703,4.325861769355202e-17,4.3336952498967343e-17
7.13,0.45649751038843345,0.0,0.450118270489691,0.7078570606194093,0.7063557048196396,4.325181264834221e-17,4.334374417707068e-17
7.14,0.45699689059941306,0.0,0.4501371603077164,0.7079768225560491,0.706235667977369,4.3244462511608894e-17,4.335107748068896e-17
7.15,0.45749617565806927,0.0,0.45015744769392896,0.7081054234703062,0.7061067265307266,4.3236567125113487e-17,4.3358952015589584e-17
7.16,0.457995358775345,0.0,0.4501791322889358,0.7082428564475115,0.7059688777071335,4.322812631908451e-17,4.336736735837117e-17
7.17,0.45849443316374217,0.0,0.4502022137085898,0.7083891140967525,0.7058221185463219,4.321913991225784e-17,4.3376323056470856e-17
7.18,0.4589933920374258,0.0,0.4502266915439962,0.7085441885510005,0.7056664459010392,4.320960771191983e-17,4.338581862817208e-17
7.19,0.45949222861232747,0.0,0.4502525653615187,0.7087080714672466,0.7055018564377957,4.31995295139531e-17,4.339585356261286e-17
7.2,0.45999093610624897,0.0,0.450279834702787,0.7088807540266464,0.7053283466376586,4.3188905102885173e-17,4.3406427319794736e-17
7.21,0.4604895077389665,0.0,0.4503084990847041,0.7090622269346739,0.7051459127970898,4.3177734251939734e-17,4.341753933059213e-17
7.22,0.4609879367323338,0.0,0.45033855799945444,0.7092524804212829,0.7049545510288289,4.3166016723090735e-17,4.3429188996762244e-17
7.23,0.4614862163103863,0.0,0.450370010914512,0.7094515042410791,0.7047542572628208,4.3153752267119193e-17,4.3441375690955614e-17
7.24,0.46198433969944425,0.0,0.45040285727264917,0.7096592876735,0.7045450272471878,4.314094062367267e-17,4.345409875672712e-17
7.25,0.4624823001282168,0.0,0.45043709649194574,0.709875819523005,0.7043268565492459,4.3127581521327545e-17,4.346735750854762e-17
7.26,0.4629800908279051,0.0,0.45047272796579857,0.7101010881192733,0.7040997405565663,4.311367467765404e-17,4.348115123181603e-17
7.27,0.4634777050323062,0.0,0.4505097510629315,0.710335081317413,0.7038636744780797,4.3099219799283746e-17,4.3495479182872235e-17
7.28,0.46397513597791634,0.0,0.4505481651274057,0.7105777864981778,0.7036186533452266,4.308421658198014e-17,4.351034058901024e-17
7.29,0.46447237690403403,0.0,0.4505879694786302,0.7108291905681952,0.7033646720131489,4.306866471071154e-17,4.352573464849221e-17
7.3,0.4649694210528642,0.0,0.45062916341137355,0.7110892799602021,0.7031017251619294,4.3052563859726945e-17,4.354166053056288e-17
7.31,0.4654662616696207,0.0,0.4506717461957749,0.7113580406332934,0.7028298072978704,4.30359136926344e-17,4.3558117375464784e-17
7.32,0.46596289200263036,0.0,0.450715717077356,0.7116354580731773,0.7025489127548197,4.301871386248215e-17,4.3575104294453854e-17
7.33,0.4664593053034355,0.0,0.4507610752770338,0.7119215172924427,0.7022590356955375,4.300096401184234e-17,4.359262036981585e-17
7.34,0.4669554948268976,0.0,0.45080781999113323,0.7122162028308363,0.7019601701131091,4.298266377289753e-17,4.361066465488329e-17
7.35,0.46745145383130027,0.0,0.4508559503914003,0.7125194987555505,0.7016523098323977,4.296381276752964e-17,4.362923617405307e-17
7.36,0.46794717557845245,0.0,0.4509054656250151,0.7128313886615207,0.7013354485115436,4.294441060741176e-17,4.364833392280471e-17
7.37,0.4684426533337912,0.0,0.45095636481460705,0.7131518556717343,0.7010095796435037,4.292445689410242e-17,4.3667956867719234e-17
7.38,0.4689378803664848,0.0,0.4510086470582678,0.713480882437551,0.7006746965576347,4.290395121914252e-17,4.3688103946498796e-17
7.39,0.46943284994953566,0.0,0.45106231142956743,0.7138184511390322,0.7003307924213193,4.288289316415491e-17,4.370877406798686e-17
7.4,0.4699275553598833,0.0,0.4511173569775683,0.7141645434852835,0.6999778602416341,4.286128230094653e-17,4.372996611218916e-17
7.41,0.47042198987850664,0.0,0.4511737827268417,0.7145191407148077,0.6996158928670595,4.28391181916131e-17,4.3751678930295327e-17
7.42,0.4709161467905275,0.0,0.4512315876774832,0.7148822235958691,0.6992448829892328,4.2816400388646475e-17,4.377391134470117e-17
7.43,0.4714100193853125,0.0,0.45129077080512947,0.7152537724268698,0.6988648231447421,4.279312843504447e-17,4.379666214903178e-17
7.44,0.47190360095657613,0.0,0.4513513310609745,0.715633767036738,0.6984757057169618,4.27693018644233e-17,4.381993010816519e-17
7.45,0.472396884802483,0.0,0.4514132673717875,0.7160221867853276,0.6980775229379309,4.2744920201132507e-17,4.3843713958256984e-17
7.46,0.47288986422575047,0.0,0.45147657863992996,0.716419010563831,0.6976702668902707,4.271998296037248e-17,4.386801240676547e-17
7.47,0.47338253253375095,0.0,0.45154126374337367,0.7168242167952033,0.6972539295091448,4.269448964831442e-17,4.38928241324777e-17
7.48,0.47387488303861414,0.0,0.4516073215357194,0.7172377834346002,0.6968285025842595,4.266843976222283e-17,4.3918147785536286e-17
7.49,0.4743669090573293,0.0,0.4516747508462155,0.7176596879698275,0.6963939777619059,4.264183279058056e-17,4.394398198746687e-17
7.5,0.47485860391184753,0.0,0.45174355047977716,0.718089907421804,0.6959503465470399,4.2614668213216184e-17,4.397032533120657e-17
7.51,0.4753499609291837,0.0,0.45181371921700575,0.7185284183450386,0.6954976003054052,4.258694550143399e-17,4.399717638113309e-17
7.52,0.47584097344151827,0.0,0.4518852558142093,0.718975196828119,0.6950357302656949,4.255866411814632e-17,4.4024533673094704e-17
7.53,0.47633163478629975,0.0,0.45195815900342234,0.7194302184942151,0.6945647275217522,4.252982351800837e-17,4.405239571444107e-17
7.54,0.47682193830634584,0.0,0.452032427492427,0.7198934585015961,0.6940845830348134,4.250042314755547e-17,4.4080760984054883e-17
7.55,0.4773118773499457,0.0,0.45210805996477427,0.7203648915441618,0.6935952876357855,4.2470462445342626e-17,4.41096279323844e-17
7.5600000000000005,0.4778014452709613,0.0,0.4521850550798052,0.720844491851987,0.6930968320275679,4.2439940842086587e-17,4.413899498147681e-17
7.57,0.47829063542892924,0.0,0.45226341147267335,0.7213322331918819,0.6925892067874091,4.2408857760810244e-17,4.4168860525012515e-17
7.58,0.4787794411891619,0.0,0.4523431277543664,0.7218280888679661,0.6920724023693039,4.2377212616989355e-17,4.41992229283403e-17
7.59,0.47926785592284915,0.0,0.45242420251173016,0.722332031722258,0.6915464091064277,4.234500481870164e-17,4.4230080528513385e-17
7.6,0.4797558730071594,0.0,0.45250663430749033,0.7228440341352791,0.6910112172136105,4.231223376677822e-17,4.426143163432648e-17
7.61,0.4802434858253411,0.0,0.4525904216802772,0.7233640680266736,0.6904668167898453,4.2278898854957304e-17,4.4293274526353704e-17
7.62,0.48073068776682326,0.0,0.4526755631446487,0.7238921048558437,0.689913197820839,4.2244999470040264e-17,4.432560745698746e-17
7.63,0.48121747222731726,0.0,0.4527620571911155,0.724428115622601,0.6893503501815949,4.221053499204986e-17,4.435842865047835e-17
7.64,0.481703832608917,0.0,0.45284990228616534,0.7249720708678333,0.6887782636390359,4.2175504794390854e-17,4.439173630297601e-17
7.65,0.4821897623202003,0.0,0.45293909687228806,0.7255239406741884,0.6881969278546634,4.2139908244012773e-17,4.4425528582570947e-17
7.66,0.48267525477632905,0.0,0.45302963936800156,0.7260836946667737,0.6876063323872514,4.2103744701574924e-17,4.445980362933743e-17
7.67,0.4831603033991504,0.0,0.4531215281678773,0.7266513020138735,0.6870064666955781,4.206701352161362e-17,4.4494559555377343e-17
7.68,0.4836449016172966,0.0,0.45321476164256697,0.7272267314276825,0.6863973201411916,4.2029714052711565e-17,4.4529794444865164e-17
7.6899999999999995,0.4841290428662861,0.0,0.45330933813882873,0.7278099511650568,0.6857788819912127,4.199184563766946e-17,4.456550635409391e-17
7.7,0.4846127205886232,0.0,0.4534052559795548,0.7284009290282828,0.6851511414211718,4.195340761367968e-17,4.4601693311522245e-17
7.71,0.4850959282338985,0.0,0.45350251346379866,0.7289996323658636,0.6845140875178799,4.191439931250214e-17,4.4638353317822606e-17
7.72,0.48557865925888904,0.0,0.45360110886680305,0.7296060280733231,0.6838677092823358,4.1874820060642256e-17,4.467548434593045e-17
7.73,0.486060907127658,0.0,0.4537010404400283,0.7302200825940293,0.6832119956326652,4.1834669179530946e-17,4.471308434109469e-17
7.74,0.4865426653116546,0.0,0.4538023064111806,0.730841761920035,0.6825469354070963,4.1793945985706786e-17,4.475115122092914e-17
7.75,0.4870239272898139,0.0,0.45390490498424146,0.7314710315929382,0.6818725173669655,4.1752649791000114e-17,4.478968287546522e-17
7.76,0.48750468654865653,0.0,0.4540088343394974,0.7321078567047613,0.6811887301997595,4.171077990271927e-17,4.4828677167205755e-17
7.77,0.48798493658238773,0.0,0.4541140926335688,0.7327522018988495,0.680495562522187,4.1668335623838697e-17,4.4868131931180054e-17
7.78,0.48846467089299705,0.0,0.4542206779994411,0.7334040313707887,0.6797930028832859,4.1625316253189177e-17,4.490804497500007e-17
7.79,0.48894388299035735,0.0,0.45432858854649494,0.7340633088693438,0.6790810397675601,4.1581721085649946e-17,4.494841407891784e-17
7.8,0.48942256639232407,0.0,0.45443782236053726,0.7347299976974161,0.6783596615981488,4.153754941234273e-17,4.498923699588414e-17
7.8100000000000005,0.4899007146248342,0.0,0.4545483775038326,0.7354040607130228,0.6776288567400275,4.149280052082775e-17,4.5030511451608456e-17
7.82,0.49037832122200503,0.0,0.454660252015135,0.736085460330295,0.6768886135032394,4.14474736953016e-17,4.507223514462009e-17
7.83,0.4908553797262328,0.0,0.45477344390971997,0.7367741585204983,0.6761389201461573,4.140156821679697e-17,4.5114405746330644e-17
7.84,0.4913318836882915,0.0,0.4548879511794172,0.7374701168130738,0.6753797648787763,4.135508336338427e-17,4.5157020901097776e-17
7.85,0.4918078266674313,0.0,0.45500377179264345,0.738173296296701,0.6746111358660356,4.1308018410375035e-17,4.520007822629028e-17
7.86,0.4922832022314765,0.0,0.4551209036944356,0.7388836576203819,0.6738330212311698,4.126037263052713e-17,4.5243575312354474e-17
7.87,0.4927580039569242,0.0,0.4552393448064847,0.7396011609945472,0.67304540905909,4.1212145294251784e-17,4.5287509722881925e-17
7.88,0.4932322254290422,0.0,0.4553590930271699,0.7403257661921856,0.672248287399792,4.1163335669822266e-17,4.533187899467859e-17
7.89,0.4937058602419667,0.0,0.45548014623159294,0.7410574325499946,0.671441644271794,4.1113943023584415e-17,4.5376680637835325e-17
7.9,0.4941789019988002,0.0,0.45560250227161264,0.7417961189695542,0.6706254676656017,4.10639666201688e-17,4.542191213579969e-17
7.91,0.4946513443117093,0.0,0.4557261589758806,0.7425417839185248,0.6697997455472007,4.101340572270455e-17,4.546757094544935e-17
7.92,0.4951231808020217,0.0,0.4558511141498767,0.7432943854318667,0.668964465861576,4.096225959303489e-17,4.551365449716673e-17
7.93,0.4955944051003243,0.0,0.455977365575945,0.7440538811130849,0.6681196165362572,4.091052749193422e-17,4.556016019491524e-17
7.9399999999999995,0.49606501084655963,0.0,0.4561049110133297,0.7448202281354969,0.6672651854848912,4.085820867932685e-17,4.560708541631688e-17
7.95,0.4965349916901233,0.0,0.4562337481982125,0.7455933832435245,0.6664011606108402,4.0805302414507334e-17,4.5654427512731405e-17
7.96,0.4970043412899608,0.0,0.4563638748437496,0.7463733027540106,0.6655275298108037,4.075180795636227e-17,4.5702183809336875e-17
7.97,0.49747305331466424,0.0,0.45649528864010874,0.7471599425575606,0.6646442809784666,4.069772456359366e-17,4.575035160521184e-17
7.98,0.49794112144256897,0.0,0.4566279872545076,0.7479532581199085,0.6637514020081716,4.0643051494943775e-17,4.5798928173419e-17
7.99,0.49840853936185,0.0,0.4567619683312518,0.7487532044833084,0.6628488807986153,4.058778800942148e-17,4.5847910761090366e-17
8.0,0.49887530077061815,0.0,0.4568972294917735,0.7495597362679518,0.6619367052565666,4.053193336652996e-17,4.589729658951407e-17
8.01,0.4993413993770165,0.0,0.4570337683346706,0.7503728076734095,0.6610148633006102,4.0475486826495876e-17,4.5947082854222676e-17
8.02,0.4998068288993159,0.0,0.45717158243574546,0.751192372480102,0.6600833428649111,4.0418447650499914e-17,4.5997266725083155e-17
8.03,0.5002715830660113,0.0,0.4573106693480457,0.7520183840507927,0.659142131903002,4.0360815100908695e-17,4.6047845346388414e-17
8.04,0.5007356556159169,0.0,0.4574510266019036,0.7528507953321117,0.6581912183915909,4.030258844150792e-17,4.6098815836950486e-17
8.05,0.501199040298262,0.0,0.4575926517049766,0.7536895588561028,0.6572305903343919,4.024376693773692e-17,4.615017529019535e-17
8.06,0.501661730872786,0.0,0.4577355421422884,0.7545346267417992,0.6562602357659755,4.0184349856924464e-17,4.6201920774259364e-17
8.07,0.5021237211098338,0.0,0.45787969537627027,0.7553859506968279,0.6552801427556382,4.0124336468525645e-17,4.625404933208753e-17
8.08,0.5025850047904508,0.0,0.45802510884680203,0.7562434820190389,0.6542902994112931,4.0063726044360176e-17,4.630655798153325e-17
8.09,0.5030455757064771,0.0,0.4581717799712552,0.7571071715981645,0.6532906938833795,4.0002517858851704e-17,4.63594437154599e-17
8.1,0.5035054276606434,0.0,0.4583197061445339,0.7579769699175055,0.6522813143687906,3.994071118926839e-17,4.6412703501844135e-17
8.11,0.5039645544666642,0.0,0.4584688847391189,0.7588528270556465,0.6512621491148192,3.987830531596448e-17,4.646633428388087e-17
8.12,0.5044229499493328,0.0,0.4586193131051098,0.7597346926881993,0.6502331864231227,3.981529952262307e-17,4.6520332980090064e-17
8.13,0.504880607944615,0.0,0.4587709885702688,0.7606225160895759,0.6491944146537021,3.975169309649979e-17,4.657469648442526e-17
8.14,0.5053375222997436,0.0,0.4589239084400645,0.7615162461347892,0.6481458222289017,3.968748532866769e-17,4.662942166638388e-17
8.15,0.5057936868733115,0.0,0.4590780699977162,0.762415831301285,0.6470873976374215,3.9622675514262944e-17,4.668450537111935e-17
8.16,0.5062490955353657,0.0,0.4592334705042383,0.7633212196708024,0.6460191294383463,3.955726295273152e-17,4.6739944419555086e-17
8.17,0.5067037421675009,0.0,0.45939010719848516,0.7642323589312636,0.6449410062651902,3.949124694807692e-17,4.6795735608500156e-17
8.18,0.5071576206629523,0.0,0.4595479772971967,0.7651491963786958,0.6438530168299563,3.942462680910865e-17,4.6851875710766974e-17
8.19,0.5076107249266886,0.0,0.45970707799504335,0.7660716789191805,0.6427551499272083,3.9357401849691635e-17,4.690836147529066e-17
8.2,0.508063048875505,0.0,0.459867406464673,0.7669997530708359,0.6416473944381578,3.9289571388996456e-17,4.6965189627250476e-17
8.21,0.5085145864381164,0.0,0.46002895985675674,0.7679333649658294,0.6405297393347621,3.922113475175025e-17,4.702235686819296e-17
8.22,0.5089653315552488,0.0,0.46019173530003543,0.7688724603524196,0.6394021736838379,3.9152091268488605e-17,4.7079859876157047e-17
8.23,0.5094152781797324,0.0,0.46035572990136736,0.7698169845970321,0.6382646866511831,3.9082440275807987e-17,4.713769530580113e-17
8.24,0.5098644202765936,0.0,0.46052094074577554,0.7707668826863645,0.6371172675057112,3.901218111661886e-17,4.719585978853199e-17
8.25,0.5103127518231465,0.0,0.4606873648964949,0.7717220992295245,0.6359599056235982,3.8941313140399614e-17,4.7254349932635664e-17
8.26,0.510760266809085,0.0,0.46085499939502145,0.7726825784601989,0.6347925904924367,3.886983570345096e-17,4.7313162323410315e-17
8.27,0.5112069592365743,0.0,0.4610238412611599,0.7736482642388555,0.6336153117154021,3.879774816915098e-17,4.7372293523301005e-17
8.28,0.5116528231203419,0.0,0.4611938874930732,0.7746191000549764,0.6324280590154254,3.872504990821071e-17,4.7431740072036506e-17
8.29,0.5120978524877691,0.0,0.4613651350673312,0.7755950290293253,0.6312308222393771,3.865174029893025e-17,4.749149848676809e-17
8.3,0.5125420413789814,0.0,0.46153758093896075,0.7765759939162453,0.6300235913622566,3.857781872745538e-17,4.7551565262210215e-17
8.31,0.51298538384694,0.0,0.46171122204149506,0.777561937105991,0.6288063564913915,3.85032845880346e-17,4.7611936870783373e-17
8.32,0.5134278739575315,0.0,0.46188605528702487,0.7785528006270946,0.6275791078706392,3.842813728327649e-17,4.7672609762758943e-17
8.33,0.513869505789659,0.0,0.46206207756624806,0.7795485261487629,0.6263418358846004,3.8352376224407633e-17,4.773358036640596e-17
8.34,0.514310273435331,0.0,0.46223928574852163,0.7805490549833088,0.6250945310628333,3.8276000831530726e-17,4.779484508814003e-17
8.35,0.5147501709997528,0.0,0.4624176766819121,0.781554328088618,0.6238371840840756,3.819901053388307e-17,4.785640031267432e-17
8.36,0.5151891926014154,0.0,0.462597247193248,0.782564286070646,0.6225697857804698,3.812140477009529e-17,4.791824240317251e-17
8.37,0.5156273323721846,0.0,0.4627779940881714,0.7835788691859534,0.6212923271417913,3.8043182988450246e-17,4.798036770140402e-17
8.38,0.516064584457391,0.0,0.46295991415119053,0.7845980173442709,0.620004799319682,3.796434464714228e-17,4.804277252790104e-17
8.39,0.5165009430159186,0.0,0.4631430041457327,0.7856216701111017,0.6187071936318853,3.78848892145365e-17,4.810545318211793e-17
8.4,0.516936402220294,0.0,0.46332726081419695,0.786649766710358,0.617399501566481,3.7804816169428115e-17,4.81684059425926e-17
8.41,0.5173709562567747,0.0,0.4635126808780077,0.7876822460270301,0.6160817147861258,3.772412500130208e-17,4.823162706711002e-17
8.42,0.5178045993254374,0.0,0.4636992610376686,0.7887190466098922,0.6147538251322904,3.7642815210592556e-17,4.829511279286783e-17
8.43,0.5182373256402669,0.0,0.4638869979728169,0.7897601066742429,0.6134158246294992,3.756088630894252e-17,4.835885933664419e-17
8.44,0.5186691294292429,0.0,0.4640758883422769,0.790805364104679,0.6120677054895691,3.7478337819463286e-17,4.842286289496762e-17
8.45,0.5191000049344291,0.0,0.4642659287841161,0.7918547564579075,0.610709460115846,3.739516927699395e-17,4.8487119644289165e-17
8.46,0.5195299464120596,0.0,0.46445711591569966,0.792908220965589,0.6093410811074408,3.7311380228360756e-17,4.8551625741156543e-17
8.47,0.5199589481326268,0.0,0.46464944633374544,0.7939656945372193,0.6079625612634637,3.7226970232636375e-17,4.8616377322390544e-17
8.48,0.5203870043809681,0.0,0.46484291661438104,0.7950271137630469,0.6065738935872523,3.714193886139879e-17,4.86813705052637e-17
8.49,0.5208141094563532,0.0,0.46503752331319853,0.796092414917023,0.6051750712905998,3.705628569899022e-17,4.874660138768094e-17
8.5,0.5212402576725705,0.0,0.46523326296531253,0.7971615339597901,0.603766087797977,3.6970010342775617e-17,4.881206604836255e-17
8.51,0.5216654433580133,0.0,0.46543013208541534,0.7982344065417052,0.6023469367507497,3.688311240340094e-17,4.8877760547029316e-17
8.52,0.5220896608557662,0.0,0.4656281271678357,0.7993109680058992,0.6009176120113907,3.679559150505104e-17,4.8943680924589844e-17
8.53,0.522512904523691,0.0,0.4658272446865952,0.8003911533913719,0.5994781076676856,3.670744728570718e-17,4.900982320333009e-17
8.54,0.5229351687345122,0.0,0.4660274810954667,0.8014748974361234,0.598028418036932,3.66186793974042e-17,4.9076183387105086e-17
8.55,0.5233564478759027,0.0,0.46622883282803224,0.8025621345803217,0.5965685376701303,3.6529287506487115e-17,4.914275746153291e-17
8.56,0.523776736350569,0.0,0.4664312962977417,0.8036527989695053,0.5950984613561692,3.6439271293867374e-17,4.92095413941908e-17
8.57,0.5241960285763358,0.0,0.4666348678979715,0.8047468244578246,0.593618184125998,3.634863045527838e-17,4.927653113481359e-17
8.58,0.5246143189862316,0.0,0.46683954400208405,0.8058441446113171,0.5921277012567936,3.625736470153062e-17,4.934372261549432e-17
8.59,0.5250316020285719,0.0,0.4670453209634869,0.8069446927112199,0.5906270082761157,3.616547375876612e-17,4.9411111750887e-17
8.6,0.525447872167045,0.0,0.4672521951156928,0.8080484017573186,0.5891161009660515,3.6072957368712194e-17,4.947869443841174e-17
8.61,0.5258631238807949,0.0,0.46746016277237984,0.8091552044713333,0.5875949753673485,3.597981528893456e-17,4.954646655846202e-17
8.62,0.5262773516645052,0.0,0.46766922022745183,0.8102650333003388,0.5860636277835375,3.588604729308975e-17,4.9614423974614176e-17
8.63,0.5266905500284833,0.0,0.46787936375509936,0.8113778204202247,0.5845220547850403,3.579165317117667e-17,4.968256253383921e-17
8.64,0.5271027134987426,0.0,0.4680905896098606,0.8124934977391883,0.5829702532132661,3.569663272978742e-17,4.975087806671671e-17
8.65,0.5275138366170868,0.0,0.4683028940266828,0.8136119969012673,0.5814082201846928,3.560098579235718e-17,4.981936638765116e-17
8.66,0.5279239139411918,0.0,0.4685162732209845,0.8147332492899065,0.5798359530949344,3.5504712199413315e-17,4.988802329509033e-17
8.67,0.5283329400446883,0.0,0.4687307233887171,0.8158571860315627,0.5782534496227932,3.540781180882345e-17,4.995684457174599e-17
8.68,0.5287409095172447,0.0,0.46894624070642754,0.8169837379993442,0.5766607077342958,3.531028449604263e-17,5.0025825984816835e-17
8.69,0.5291478169646483,0.0,0.4691628213313212,0.8181128358166896,0.5750577256867124,3.5212130154359453e-17,5.009496328621365e-17
8.7,0.5295536570088876,0.0,0.4693804614013245,0.81924440986108,0.57344450203256,3.511334869514113e-17,5.01642522127867e-17
8.71,0.5299584242882337,0.0,0.4695991570351487,0.8203783902677891,0.5718210356235865,3.50139400480775e-17,5.0233688486555303e-17
8.72,0.5303621134573214,0.0,0.4698189043323535,0.8215147069336697,0.5701873256147375,3.4913904161423894e-17,5.030326781493973e-17
8.73,0.5307647191872308,0.0,0.47003969937341095,0.8226532895209766,0.5685433714681021,3.481324100224279e-17,5.037298589099524e-17
8.74,0.5311662361655671,0.0,0.47026153821976974,0.8237940674612246,0.566889172956841,3.4711950556644285e-17,5.0442838393648375e-17
8.75,0.5315666590965417,0.0,0.4704844169139201,0.8249369699590844,0.5652247301690936,3.4610032830025343e-17,5.051282098793545e-17
8.76,0.5319659827010524,0.0,0.47070833147945856,0.8260819259963127,0.5635500435118629,3.4507487847307725e-17,5.0582929325243255e-17
8.77,0.5323642017167632,0.0,0.47093327792115314,0.8272288643357203,0.5618651137148795,3.440431565317454e-17,5.0653159043552e-17
8.78,0.5327613108981842,0.0,0.47115925222500893,0.8283777135251744,0.5601699418344438,3.430051631230553e-17,5.0723505767680396e-17
8.79,0.5331573050167504,0.0,0.4713862503583345,0.8295284019016379,0.5584645292572437,3.419608990961084e-17,5.0793965109533e-17
8.8,0.5335521788609019,0.0,0.4716142682698073,0.830680857595244,0.5567488777041494,3.409103655046339e-17,5.0864532668349696e-17
8.81,0.5339459272361616,0.0,0.4718433018895404,0.8318350085334063,0.5550229892339847,3.3985356360929765e-17,5.093520403095736e-17
8.82,0.5343385449652149,0.0,0.4720733471291498,0.8329907824449647,0.5532868662472709,3.38790494879995e-17,5.1005974772023765e-17
8.83,0.5347300268879875,0.0,0.4723043998818208,0.8341481068643669,0.5515405114899473,3.37721160998129e-17,5.1076840454313566e-17
8.84,0.5351203678617232,0.0,0.47253645602237615,0.835306909135884,0.549783928057065,3.366455638588717e-17,5.114779662894647e-17
8.85,0.5355095627610627,0.0,0.4727695114073429,0.8364671164178634,0.5480171193964515,3.355637055734086e-17,5.1218838835657644e-17
8.86,0.5358976064781196,0.0,0.47300356187502135,0.837628655687014,0.5462400893123515,3.344755884711678e-17,5.12899626030601e-17
8.87,0.5362844939225592,0.0,0.47323860324555245,0.8387914537427281,0.5444528419690365,3.3338121510203017e-17,5.136116344890936e-17
8.88,0.5366702200216744,0.0,0.47347463132098755,0.8399554372114378,0.5426553818943864,3.3228058823852244e-17,5.143243688037015e-17
8.89,0.5370547797204632,0.0,0.47371164188535586,0.8411205325510045,0.5408477139834416,3.311737108779924e-17,5.150377839428524e-17
8.9,0.5374381679817043,0.0,0.473949630704735,0.8422866660551442,0.5390298435019252,3.300605862447657e-17,5.1575183477446397e-17
8.91,0.5378203797860337,0.0,0.4741885935273198,0.8434537638578871,0.5372017760897331,3.289412177922824e-17,5.164664760686745e-17
8.92,0.5382014101320207,0.0,0.47442852608349234,0.8446217519380684,0.5353635177643953,3.2781560920521694e-17,5.1718166250059266e-17
8.93,0.5385812540362429,0.0,0.47466942408589174,0.8457905561238572,0.5335150749245013,3.2668376440157546e-17,5.1789734865307077e-17
8.94,0.5389599065333622,0.0,0.4749112832294853,0.8469601020973143,0.5316564543530972,3.255456875347757e-17,5.186134890194957e-17
8.95,0.5393373626761991,0.0,0.47515409919163787,0.8481303153989866,0.5297876632210451,3.244013829957044e-17,5.1933003800660205e-17
8.96,0.5397136175358079,0.0,0.4753978676321845,0.8493011214325331,0.5279087090903518,3.232508554147553e-17,5.200469499373046e-17
8.97,0.540088666201551,0.0,0.47564258419350014,0.8504724454693834,0.5260195999174619,3.2209410966384554e-17,5.2076417905355114e-17
8.98,0.540462503781173,0.0,0.47588824450057243,0.8516442126534304,0.524120344056514,3.2093115085840967e-17,5.2148167951919564e-17
8.99,0.5408351254008742,0.0,0.4761348441610723,0.8528163480057531,0.522210950262564,3.197619843593734e-17,5.221994054228904e-17
9.0,0.5412065262053848,0.0,0.47638237876542766,0.853988776429373,0.5202914276947702,3.185866157751034e-17,5.229173107809981e-17
9.01,0.5415767013580379,0.0,0.47663084388689425,0.8551614227140423,0.5183617859195402,3.174050509633352e-17,5.236353495405243e-17
9.02,0.5419456460408422,0.0,0.47688023508162924,0.8563342115410614,0.5164220349136438,3.162172960330783e-17,5.2435347558206664e-17
9.03,0.5423133554545548,0.0,0.4771305478887641,0.8575070674881312,0.514472185067284,3.1502335734649705e-17,5.250716427227866e-17
9.04,0.542679824818754,0.0,0.47738177783047725,0.8586799150342332,0.5125122471871302,3.13823241520768e-17,5.257898047193975e-17
9.05,0.5430450493719108,0.0,0.47763392041206887,0.8598526785645418,0.5105422324993131,3.126169554299138e-17,5.2650791527117205e-17
9.06,0.5434090243714607,0.0,0.4778869711220333,0.861025282375366,0.5085621526523786,3.114045062066115e-17,5.2722592802296896e-17
9.07,0.5437717450938756,0.0,0.47814092543213393,0.8621976506791219,0.5065720197202002,3.101859012439765e-17,5.2794379656827724e-17
9.08,0.5441332068347348,0.0,0.4783957787974775,0.8633697076093343,0.5045718462048518,3.089611481973212e-17,5.286614744522787e-17
9.09,0.5444934049087956,0.0,0.4786515266565886,0.8645413772256682,0.5025616450394369,3.0773025498588734e-17,5.293789151749295e-17
9.1,0.5448523346500644,0.0,0.47890816443148454,0.8657125835189877,0.5005414295908779,3.064932297945544e-17,5.30096072194057e-17
9.11,0.5452099914118664,0.0,0.47916568752775074,0.8668832504164455,0.4985112136626599,3.0525008107551937e-17,5.3081289892847673e-17
9.12,0.5455663705669159,0.0,0.47942409133461605,0.8680533017865998,0.4964710114975317,3.040008175499505e-17,5.3152934876112544e-17
9.13,0.5459214675073859,0.0,0.47968337122502847,0.8692226614445583,0.49442083778016355,3.02745448209615e-17,5.322453750422109e-17
9.14,0.5462752776449773,0.0,0.4799435225557312,0.8703912531571506,0.49236070763975975,3.0148398231847875e-17,5.3296093109237905e-17
9.15,0.5466277964109882,0.0,0.48020454066733914,0.8715590006481281,0.4902906366526249,3.002164294142775e-17,5.33675970205898e-17
9.16,0.5469790192563826,0.0,0.48046642088441477,0.8727258276033893,0.4882106408446861,2.989427993100614e-17,5.343904456538578e-17
9.17,0.5473289416518584,0.0,0.480729158515546,0.873891657676233,0.4861207366939675,2.976631020957103e-17,5.351043106873866e-17
9.18,0.5476775590879162,0.0,0.48099274885342197,0.8750564144926352,0.484020941133019,2.963773481394206e-17,5.3581751854088264e-17
9.19,0.5480248670749263,0.0,0.48125718717491156,0.876220021656554,0.4819112715512971,2.950855480891635e-17,5.365300224352617e-17
9.2,0.5483708611431969,0.0,0.4815224687411401,0.8773824027552579,0.4797917457974974,2.9378771287411286e-17,5.372417755812203e-17
9.21,0.548715536843041,0.0,0.4817885887975679,0.8785434813646794,0.477662382181839,2.924838537060444e-17,5.379527311825135e-17
9.22,0.5490588897448428,0.0,0.48205554257406763,0.8797031810547921,0.47552319947830063,2.911739820807046e-17,5.386628424392478e-17
9.23,0.5494009154391253,0.0,0.4823233252850035,0.8808614253950127,0.4733742169268057,2.898581097791487e-17,5.393720625511887e-17
9.24,0.5497416095366152,0.0,0.48259193212930923,0.8820181379596251,0.471215454235359,2.885362488690492e-17,5.400803447210818e-17
9.25,0.5500809676683098,0.0,0.4828613582905674,0.8831732423332286,0.4690469315821311,2.872084117059722e-17,5.4078764215798905e-17
9.26,0.5504189854855425,0.0,0.4831315989370883,0.8843266621162063,0.4668686696174945,2.8587461093462393e-17,5.4149390808063747e-17
9.27,0.550755658660047,0.0,0.48340264922198933,0.8854783209302179,0.46468068946600527,2.845348594900643e-17,5.421990957207821e-17
9.28,0.5510909828840239,0.0,0.48367450428327474,0.8866281424237124,0.4624830127283349,2.8318917059889e-17,5.4290315832658144e-17
9.29,0.5514249538702038,0.0,0.4839471592439156,0.8877760502774616,0.4602756614831484,2.818375577803842e-17,5.4360604916598654e-17
9.3,0.5517575673519126,0.0,0.48422060921193,0.8889219682101156,0.4580586582889295,2.804800348476344e-17,5.443077215301417e-17
9.31,0.5520888190831348,0.0,0.4844948492804627,0.8900658199837743,0.4558320261857556,2.79116615908619e-17,5.4500812873679676e-17
9.32,0.5524187048385775,0.0,0.4847698745278668,0.891207529409584,0.45359578869701317,2.7774731536725817e-17,5.457072241337339e-17
9.33,0.5527472204137337,0.0,0.48504568001778414,0.892347020353348,0.451349969831063,2.7637214792443288e-17,5.4640496110220284e-17
9.34,0.553074361624945,0.0,0.4853222607992265,0.8934842167411572,0.4490945940828511,2.7499112857897173e-17,5.4710129306036905e-17
9.35,0.5534001243094648,0.0,0.4855996119066567,0.8946190425650391,0.44682968643546145,2.7360427262860168e-17,5.477961734667724e-17
9.36,0.5537245043255199,0.0,0.4858777283600703,0.8957514218886226,0.44455527236161646,2.722115956708667e-17,5.48489555823796e-17
9.37,0.5540474975523728,0.0,0.4861566051650783,0.8968812788528208,0.4422713778251186,2.7081311360401058e-17,5.4918139368114584e-17
9.38,0.5543690998903836,0.0,0.48643623731298774,0.8980085376815297,0.4399780292822366,2.6940884262782574e-17,5.498716406393403e-17
9.39,0.5546893072610712,0.0,0.48671661978088504,0.8991331226873406,0.4376752536830381,2.6799879924446923e-17,5.5056025035320805e-17
9.4,0.555008115607174,0.0,0.4869977475317186,0.9002549582772703,0.43536307847265854,2.6658300025923962e-17,5.5124717653539656e-17
9.41,0.5553255208927108,0.0,0.4872796155143808,0.9013739689585042,0.43304153159251785,2.651614627813222e-17,5.519323729598889e-17
9.42,0.555641519103041,0.0,0.4875622186637921,0.9024900793441522,0.43071064148147764,2.637342042244974e-17,5.526157934655284e-17
9.43,0.555956106244925,0.0,0.4878455519009833,0.90360321415902,0.4283704370769396,2.623012423078134e-17,5.5329739195955206e-17
9.44,0.5562692783465829,0.0,0.4881296101331795,0.9047132982453913,0.4260209478158858,2.6086259505622307e-17,5.539771224211316e-17
9.45,0.556581031457755,0.0,0.48841438825388434,0.9058202565688226,0.4236622036358594,2.5941828080118467e-17,5.546549389049214e-17
9.46,0.5568913616497597,0.0,0.4886998811429628,0.9069240142239502,0.4212942349758849,2.5796831818122517e-17,5.553307955446147e-17
9.47,0.557200265015553,0.0,0.4889860836667261,0.908024496440305,0.4189170727773343,2.5651272614247064e-17,5.560046465565034e-17
9.48,0.5575077376697858,0.0,0.48927299067801616,0.909121628588142,0.41653074848472393,2.550515239391342e-17,5.566764462430485e-17
9.49,0.5578137757488628,0.0,0.48956059701628996,0.9102153361842755,0.41413529404645816,2.5358473113397145e-17,5.573461489964525e-17
9.5,0.5581183754109998,0.0,0.48984889750770466,0.9113055448979247,0.4117307419155104,2.5211236759869738e-17,5.58013709302239e-17
9.51,0.5584215328362805,0.0,0.4901378869652022,0.9123921805565672,0.4093171250500428,2.506344535143659e-17,5.58679081742837e-17
9.52,0.5587232442267138,0.0,0.490427560188595,0.9134751691518009,0.4068944769139643,2.491510093717115e-17,5.5934222100117e-17
9.53,0.5590235058062903,0.0,0.49071791196465153,0.9145544368452114,0.40446283147742784,2.4766205597145367e-17,5.600030818642492e-17
9.54,0.5593223138210389,0.0,0.4910089370671815,0.915629909974247,0.4020222232172648,2.4616761442456303e-17,5.606616192267703e-17
9.55,0.5596196645390816,0.0,0.49130063025712256,0.9167015150580982,0.3995726871173596,2.4466770615249065e-17,5.613177880947146e-17
9.56,0.5599155542506904,0.0,0.4915929862826259,0.9177691788035827,0.39711425866895983,2.4316235288735787e-17,5.619715435889512e-17
9.57,0.5602099792683409,0.0,0.4918859998791423,0.9188328281110356,0.39464697387092185,2.416515766721068e-17,5.62622840948845e-17
9.58,0.5605029359267688,0.0,0.49217966576951006,0.9198923900802007,0.3921708692299007,2.4013539986061655e-17,5.632716355358632e-17
9.59,0.5607944205830231,0.0,0.49247397866404025,0.9209477920161276,0.3896859817604674,2.3861384511777515e-17,5.639178828371866e-17
9.6,0.5610844296165207,0.0,0.4927689332606046,0.9219989614350687,0.3871923489851713,2.370869354195175e-17,5.645615384693203e-17
9.61,0.5613729594290999,0.0,0.4930645242447226,0.9230458260703788,0.3846900089345342,2.35554694052822e-17,5.65202558181707e-17
9.62,0.5616600064450745,0.0,0.49336074628964854,0.9240883138784161,0.38217900014698086,2.3401714461566796e-17,5.658408978603384e-17
9.63,0.561945567111286,0.0,0.4936575940564596,0.9251263530444412,0.3796593616687094,2.3247431101695616e-17,5.664765135313697e-17
9.64,0.5622296378971563,0.0,0.49395506219414315,0.9261598719885179,0.37713113305349383,2.309262174763879e-17,5.671093613647305e-17
9.65,0.562512215294741,0.0,0.49425314533968534,0.9271887993714121,0.37459435436242156,2.2937288852430446e-17,5.677393976777386e-17
9.66,0.5627932958187805,0.0,0.49455183811815895,0.9282130641004863,0.3720490661635727,2.2781434900149057e-17,5.683665789387088e-17
9.67,0.5630728760067517,0.0,0.4948511351428121,0.929232595335596,0.3694953095316265,2.2625062405893346e-17,5.689908617705627e-17
9.68,0.5633509524189196,0.0,0.4951510310151564,0.9302473224949779,0.3669331260474103,2.2468173915754665e-17,5.696122029544352e-17
9.69,0.5636275216383881,0.0,0.4954515203250561,0.9312571752611366,0.3643625577973796,2.231077200678517e-17,5.702305594332784e-17
9.7,0.5639025802711504,0.0,0.4957525976508172,0.9322620835867266,0.36178364737303326,2.2152859286961995e-17,5.708458883154635e-17
9.71,0.5641761249461391,0.0,0.49605425755927646,0.9332619777004264,0.3591964378702673,2.1994438395147697e-17,5.714581468783778e-17
9.72,0.5644481523152763,0.0,0.4963564946058906,0.9342567881128087,0.3566009728886595,2.1835512001046447e-17,5.720672925720191e-17
9.73,0.5647186590535229,0.0,0.49665930333482644,0.9352464456222026,0.3539972965306889,2.167608280515623e-17,5.726732830225848e-17
9.74,0.5649876418589279,0.0,0.4969626782790502,0.9362308813205464,0.3513854534008955,2.1516153538717404e-17,5.732760760360564e-17
9.75,0.5652550974526765,0.0,0.49726661396041755,0.9372100265992352,0.34876548860496603,2.1355726963656718e-17,5.738756296017796e-17
9.76,0.5655210225791394,0.0,0.49757110488976386,0.9381838131549557,0.3461374477487624,2.1194805872527804e-17,5.744719018960374e-17
9.77,0.5657854140059199,0.0,0.4978761455669948,0.9391521729955122,0.3435013769372801,2.1033393088447426e-17,5.750648512856177e-17
9.78,0.5660482685239021,0.0,0.49818173048117587,0.9401150384456436,0.34085732277354114,2.087149146502767e-17,5.756544363313742e-17
9.79,0.5663095829472982,0.0,0.4984878541106244,0.9410723421528246,0.33820533235742606,2.0709103886304428e-17,5.762406157917797e-17
9.8,0.5665693541136947,0.0,0.49879451092299965,0.9420240170930594,0.3355454532844326,2.0546233266661404e-17,5.768233486264734e-17
9.81,0.5668275788840997,0.0,0.49910169537539356,0.9429699965766583,0.3328777336443775,2.0382882550750605e-17,5.774025939997975e-17
9.82,0.5670842541429889,0.0,0.49940940191442307,0.9439102142540022,0.33020222202002747,2.0219054713408515e-17,5.77978311284328e-17
9.83,0.5673393767983509,0.0,0.4997176249763206,0.9448446041212939,0.327518967485664,2.0054752759568223e-17,5.785504600643954e-17
9.84,0.5675929437817332,0.0,0.5000263589870257,0.94577310052629,0.3248280196055878,1.988997972416784e-17,5.791190001395945e-17
9.85,0.5678449520482868,0.0,0.5003355983622776,0.9466956381740206,0.322129428432554,1.9724738672054682e-17,5.796838915282875e-17
9.86,0.5680953985768114,0.0,0.500645337507706,0.9476121521324903,0.3194232445061411,1.9559032697885406e-17,5.802450944710945e-17
9.87,0.5683442803697988,0.0,0.5009555708189241,0.948522577838361,0.3167095188510607,1.939286492602249e-17,5.808025694343725e-17
9.88,0.5685915944534781,0.0,0.5012662926816202,0.949426851102618,0.31398830297539304,1.922623851042622e-17,5.813562771136859e-17
9.89,0.5688373378778578,0.0,0.5015774974716507,0.9503249081162148,0.3112596488687666,1.9059156634543206e-17,5.819061784372625e-17
9.9,0.5690815077167704,0.0,0.501889179555132,0.9512166854556993,0.3085236090004673,1.889162251119059e-17,5.824522345694384e-17
9.91,0.569324101067914,0.0,0.5022013332885344,0.9521021200888194,0.30578023631748225,1.8723639382436293e-17,5.829944069140908e-17
9.92,0.5695651150528952,0.0,0.5025139530187736,0.9529811493801058,0.3030295842424837,1.8555210519475546e-17,5.83532657118056e-17
9.93,0.5698045468172716,0.0,0.5028270330833049,0.9538537110964332,0.30027170667174446,1.838633922250324e-17,5.840669470745356e-17
9.94,0.5700423935305925,0.0,0.5031405678102159,0.9547197434125594,0.29750665797298836,1.821702882058233e-17,5.845972389264866e-17
9.95,0.5702786523864412,0.0,0.50345455151832,0.9555791849166383,0.2947344929831819,1.8047282671508586e-17,5.85123495069999e-17
9.96,0.5705133206024751,0.0,0.50376897851725,0.9564319746157107,0.2919552670062531,1.7877104161670938e-17,5.856456781576564e-17
9.97,0.5707463954204665,0.0,0.5040838431075518,0.9572780519411681,0.28916903581075604,1.7706496705908436e-17,5.861637511018827e-17
9.98,0.5709778741063428,0.0,0.5043991395807784,0.958117356754191,0.2863758556274645,1.7535463747362947e-17,5.866776770782714e-17
9.99,0.5712077539502267,0.0,0.5047148622195836,0.9589498293511606,0.28357578314690424,1.7364008757328012e-17,5.871874195288997e-17
10.0,0.5714360322664744,0.0,0.5050310052978166,0.959775410469042,0.28076887551682417,1.7192135235094018e-17,5.876929421656247e-17
10.01,0.571662706393716,0.0,0.5053475630806156,0.9605940412907398,0.2779551903396024,1.701984670778937e-17,5.881942089733625e-17
10.02,0.571887773694893,0.0,0.5056645298245033,0.961405663450424,0.275134785669588,1.68471467302177e-17,5.886911842133496e-17
10.03,0.572111231557297,0.0,0.5059818997774805,0.9622102190388259,0.27230772001038595,1.667403888469164e-17,5.891838324263859e-17
10.04,0.572333077392608,0.0,0.5062996671791217,0.9630076506085042,0.2694740523120714,1.650052678086223e-17,5.896721184360587e-17
10.05,0.5725533086369309,0.0,0.5066178262606693,0.9637979011790788,0.26663384196834927,1.6326614055545006e-17,5.90156007351948e-17
10.06,0.5727719227508332,0.0,0.5069363712451288,0.9645809142424314,0.2637871488136509,1.6152304372542204e-17,5.906354645728106e-17
10.07,0.5729889172193817,0.0,0.5072552963473647,0.9653566337678764,0.2609340331201627,1.5977601422460836e-17,5.911104557897467e-17
10.08,0.5732042895521787,0.0,0.5075745957741945,0.9661250042072944,0.25807455559480347,1.5802508922527587e-17,5.915809469893431e-17
10.09,0.5734180372833977,0.0,0.5078942637244853,0.9668859705002336,0.2552087773761344,1.5627030616399622e-17,5.920469044567966e-17
10.1,0.5736301579718192,0.0,0.508214294389249,0.9676394780789754,0.2523367600312093,1.5451170273971712e-17,5.925082947790164e-17
10.11,0.5738406492008659,0.0,0.5085346819517379,0.968385472873563,0.2494585655523692,1.5274931691179958e-17,5.929650848477024e-17
10.12,0.5740495085786372,0.0,0.5088554205875405,0.9691239013167959,0.24657425635396968,1.5098318689801395e-17,5.934172418624048e-17
10.13,0.5742567337379438,0.0,0.5091765044646779,0.9698547103491842,0.24368389526905548,1.4921335117250382e-17,5.938647333335559e-17
10.14,0.5744623223363416,0.0,0.5094979277436992,0.9705778474238658,0.2407875455459751,1.4743984846371296e-17,5.943075270854827e-17
10.15,0.574666272056165,0.0,0.5098196845777787,0.9712932605114863,0.2378852708449304,1.4566271775227262e-17,5.94745591259394e-17
10.16,0.5748685806045608,0.0,0.5101417691128114,0.9720008981050369,0.23497713523447722,1.4388199826885863e-17,5.95178894316343e-17
10.17,0.5750692457135201,0.0,0.5104641754875098,0.9727007092246528,0.23206320318796236,1.4209772949201e-17,5.956074050401657e-17
10.18,0.5752682651399115,0.0,0.510786897833501,0.9733926434223722,0.2291435395799031,1.4030995114591158e-17,5.960310925403945e-17
10.19,0.5754656366655126,0.0,0.5111099302754222,0.9740766507868507,0.22621820968231482,1.3851870319814582e-17,5.964499262551454e-17
10.2,0.5756613580970421,0.0,0.5114332669310191,0.9747526819480361,0.223287279160974,1.3672402585740414e-17,5.968638759539802e-17
10.21,0.5758554272661904,0.0,0.5117569019112417,0.9754206880817983,0.22035081407163257,1.349259595711692e-17,5.972729117407415e-17
10.22,0.576047842029651,0.0,0.5120808293203417,0.9760806209145152,0.2174088808561748,1.3312454502336137e-17,5.97677004056361e-17
10.23,0.5762386002691507,0.0,0.51240504325597,0.9767324327276165,0.21446154633871348,1.3131982313194862e-17,5.980761236816415e-17
10.24,0.5764276998914797,0.0,0.5127295378092739,0.9773760763620789,0.2115088777216399,1.295118350465276e-17,5.984702417400095e-17
10.25,0.5766151388285212,0.0,0.5130543070649941,0.9780115052228783,0.2085509425816145,1.2770062214586881e-17,5.988593297002414e-17
10.26,0.576800915037281,0.0,0.5133793451015628,0.9786386732833938,0.2055878088655034,1.2588622603542829e-17,5.992433593791603e-17
10.27,0.5769850264999156,0.0,0.5137046459912009,0.9792575350897649,0.20261954488626713,1.2406868854483025e-17,5.996223029443037e-17
10.28,0.5771674712237613,0.0,0.5140302038000165,0.979868045765201,0.19964621931878848,1.2224805172531239e-17,5.999961329165628e-17
10.29,0.5773482472413624,0.0,0.5143560125881017,0.980470161014243,0.19666790119565614,1.204243578471441e-17,6.003648221727913e-17
10.3,0.5775273526104983,0.0,0.514682066409631,0.9810638371269738,0.19368465990289155,1.1859764939700992e-17,6.007283439483844e-17
10.31,0.577704785414211,0.0,0.5150083593129599,0.9816490309831805,0.1906965651756285,1.1676796907536403e-17,6.010866718398264e-17
10.32,0.5778805437608322,0.0,0.5153348853407224,0.9822257000564667,0.18770368709373814,1.1493535979375138e-17,6.014397798072101e-17
10.33,0.5780546257840097,0.0,0.5156616385299294,0.9827938024183116,0.1847060960774081,1.1309986467210066e-17,6.017876421767208e-17
10.34,0.5782270296427331,0.0,0.5159886129120674,0.9833532967420795,0.18170386288266888,1.11261527035985e-17,6.021302336430926e-17
10.35,0.5783977535213599,0.0,0.5163158025131965,0.9839041423069751,0.17869705859687682,1.0942039041385611e-17,6.024675292720295e-17
10.36,0.5785667956296409,0.0,0.5166432013540492,0.9844462990019478,0.1756857546341408,1.075764985342439e-17,6.027995045025968e-17
10.37,0.5787341542027443,0.0,0.5169708034501289,0.9849797273295405,0.17267002273071008,1.0572989532293242e-17,6.031261351495773e-17
10.38,0.5788998275012812,0.0,0.5172986028118088,0.9855043884096858,0.1696499349403091,1.0388062490010314e-17,6.034473974057959e-17
10.39,0.579063813811329,0.0,0.517626593444431,0.9860202439834461,0.16662556362943026,1.020287315774527e-17,6.037632678444098e-17
10.4,0.5792261114444551,0.0,0.5179547693484045,0.9865272564166999,0.16359698147257706,1.0017425985528017e-17,6.040737234211659e-17
10.41,0.5793867187377405,0.0,0.518283124519305,0.9870253887037708,0.16056426144746624,9.831725441954916e-18,6.043787414766225e-17
10.42,0.5795456340538025,0.0,0.5186116529479742,0.9875146044710005,0.15752747683018184,9.645776013892052e-18,6.046782997383376e-17
10.43,0.5797028557808172,0.0,0.5189403486206178,0.9879948679802651,0.15448670119029131,9.459582206176193e-18,6.049723763230218e-17
10.44,0.5798583823325413,0.0,0.5192692055189059,0.988466144132434,0.15144200838591057,9.2731485413126e-18,6.052609497386559e-17
10.45,0.5800122121483344,0.0,0.5195982176200719,0.988928398470769,0.14839347255873475,9.086479559170756e-18,6.055439988865728e-17
10.46,0.5801643436931795,0.0,0.5199273788970119,0.9893815971842671,0.1453411681290221,8.899579816677211e-18,6.058215030635043e-17
10.47,0.5803147754577043,0.0,0.5202566833183839,0.9898257071109424,0.14228516979054046,8.712453887506153e-18,6.060934419635905e-17
10.48,0.5804635059582017,0.0,0.5205861248487083,0.9902606957410491,0.1392255525054701,8.525106361767287e-18,6.063597956803534e-17
10.49,0.5806105337366496,0.0,0.5209156974484662,0.990686531220244,0.13616239149927048,8.337541845691518e-18,6.066205447086331e-17
10.5,0.5807558573607307,0.0,0.5212453950742004,0.9911031823526882,0.133095762255505,8.149764961314067e-18,6.068756699464875e-17
10.51,0.5808994754238515,0.0,0.521575211678614,0.9915106186040881,0.13002574051063323,7.961780346155566e-18,6.071251526970543e-17
10.52,0.5810413865451616,0.0,0.5219051412106713,0.9919088101046737,0.12695240224875734,7.773592652900396e-18,6.073689746703742e-17
10.53,0.5811815893695716,0.0,0.5222351776156973,0.992297727652116,0.12387582369634098,7.585206549073292e-18,6.07607117985178e-17
10.54,0.5813200825677718,0.0,0.5225653148354772,0.9926773427143807,0.12079608131688664,7.396626716713432e-18,6.078395651706333e-17
10.55,0.5814568648362488,0.0,0.5228955468083568,0.9930476274325197,0.11771325180557834,7.207857852046395e-18,6.080662991680543e-17
10.56,0.5815919348973037,0.0,0.5232258674693433,0.9934085546233979,0.11462741208389594,7.01890466515439e-18,6.082873033325714e-17
10.57,0.581725291499068,0.0,0.5235562707502042,0.9937600977823577,0.11153863929418667,6.829771879643845e-18,6.085025614347626e-17
10.58,0.5818569334155212,0.0,0.5238867505795685,0.9941022310858177,0.10844701079421006,6.64046423231139e-18,6.087120576622445e-17
10.59,0.5819868594465056,0.0,0.5242173008830264,0.9944349293938066,0.10535260415165283,6.4509864728079895e-18,6.089157766212248e-17
10.6,0.5821150684177423,0.0,0.5245479155832302,0.9947581682524335,0.10225549713860499,6.261343363300697e-18,6.091137033380134e-17
10.61,0.5822415591808465,0.0,0.524878588599994,0.9950719238962904,0.09915576772601384,6.0715396781330635e-18,6.093058232604953e-17
10.62,0.5823663306133424,0.0,0.5252093138503946,0.9953761732507905,0.09605349407810364,5.8815802034834435e-18,6.09492122259561e-17
10.63,0.5824893816186769,0.0,0.5255400852488723,0.9956708939344391,0.09294875454676604,5.6914697370215015e-18,6.096725866304974e-17
10.64,0.5826107111262343,0.0,0.5258708967073302,0.9959560642610378,0.08984162766592944,5.501213087563439e-18,6.098472030943378e-17
10.65,0.5827303180913495,0.0,0.5262017421352366,0.9962316632418226,0.08673219214589101,5.3108150747249316e-18,6.10015958799171e-17
10.66,0.5828482014953207,0.0,0.526532615439724,0.9964976705875334,0.08362052686762926,5.120280528572871e-18,6.101788413214082e-17
10.67,0.5829643603454233,0.0,0.5268635105256906,0.9967540667104159,0.08050671087709287,4.929614289275659e-18,6.103358386670091e-17
10.68,0.583078793674921,0.0,0.5271944212959012,0.9970008327261566,0.07739082337945698,4.7388212067515065e-18,6.104869392726667e-17
10.69,0.5831915005430781,0.0,0.5275253416510873,0.9972379504557478,0.07427294373336452,4.547906140315816e-18,6.106321320069491e-17
10.7,0.5833024800351713,0.0,0.5278562654900484,0.9974654024272848,0.07115315144513949,4.356873958326847e-18,6.107714061714004e-17
10.71,0.5834117312625005,0.0,0.5281871867097527,0.9976831718776938,0.06803152616297778,4.165729537830008e-18,6.109047515015982e-17
10.72,0.5835192533623991,0.0,0.528518099205438,0.9978912427543913,0.06490814767112348,3.974477764201255e-18,6.110321581681699e-17
10.73,0.5836250454982455,0.0,0.5288489968707125,0.9980895997168724,0.06178309588401483,3.783123530788638e-18,6.111536167777654e-17
10.74,0.5837291068594713,0.0,0.5291798735976561,0.9982782281382309,0.058656450840417484,3.591671738553068e-18,6.112691183739878e-17
10.75,0.5838314366615722,0.0,0.5295107232769207,0.9984571141066081,0.0555282926975407,3.4001272957080283e-18,6.113786544382806e-17
10.76,0.5839320341461158,0.0,0.5298415397978322,0.9986262444265728,0.05239870172512802,3.208495117357746e-18,6.114822168907724e-17
10.77,0.5840308985807514,0.0,0.5301723170484905,0.9987856066204289,0.049267758299539825,3.0167801251348446e-18,6.115797980910779e-17
10.78,0.5841280292592173,0.0,0.5305030489158713,0.998935188929454,0.0461355428978147,2.8249872468367087e-18,6.116713908390562e-17
10.79,0.5842234255013488,0.0,0.5308337292859269,0.999074980315066,0.04300213609171574,2.6331214160609278e-18,6.117569883755253e-17
10.8,0.5843170866530859,0.0,0.5311643520436874,0.9992049704599193,0.039867618541767305,2.44118757184015e-18,6.118365843829328e-17
10.81,0.5844090120864802,0.0,0.5314949110733616,0.9993251497689288,0.036732070991273534,2.249190658275824e-18,6.11910172985984e-17
10.82,0.5844992011997011,0.0,0.5318254002584384,0.999435509370224,0.03359557426032419,2.057135624171161e-18,6.119777487522246e-17
10.83,0.5845876534170423,0.0,0.5321558134817883,0.9995360411160295,0.030458209239795937,1.8650274226638218e-18,6.120393066925814e-17
10.84,0.5846743681889276,0.0,0.5324861446257636,0.9996267375834753,0.027320056885332993,1.6728710108573329e-18,6.120948422618571e-17
10.85,0.5847593449919157,0.0,0.5328163875723005,0.9997075920753351,0.024181198211327058,1.4806713494524692e-18,6.121443513591835e-17
10.86,0.584842583328706,0.0,0.5331465362030203,0.9997785986206913,0.021041714284883287,1.2884334023777728e-18,6.12187830328428e-17
10.87,0.584924082728142,0.0,0.5334765843993301,0.9998397519755297,0.017901686219778355,1.0961621364195922e-18,6.12225275958558e-17
10.88,0.5850038427452166,0.0,0.5338065260425242,0.9998910476232602,0.014761195170416052,9.038625208519694e-19,6.122566854839596e-17
10.89,0.5850818629610747,0.0,0.5341363550138856,0.9999324817751672,0.011620322325771927,7.115395270658559e-19,6.122820565847138e-17
10.9,0.5851581429830172,0.0,0.5344660651947871,0.9999640513707856,0.008479148903332404,5.191981281979909e-19,6.12301387386826e-17
10.91,0.5852326824445035,0.0,0.5347956504667927,0.9999857540782056,0.005337756143036588,3.2684329875994393e-19,6.123146764624133e-17
10.92,0.5853054810051543,0.0,0.5351251047117587,0.999997588294305,0.0021962253012046155,1.3448001426633321e-19,6.123219228298466e-17
10.93,0.5853765383507532,0.0,0.5354544218119347,0.9999995531449085,-0.0009453623555273974,-5.788674913655146e-20,6.123231259538478e-17
10.94,0.5854458541932485,0.0,0.5357835956500657,0.9999916484848748,-0.004086925556279177,-2.502520150425405e-19,6.123182857455435e-17
10.95,0.5855134282707544,0.0,0.5361126201094926,0.9999738748981108,-0.007228383031998754,-4.426108071574157e-19,6.123074025624737e-17
10.96,0.585579260347552,0.0,0.5364414890742538,0.9999462336975141,-0.01036965352153011,-6.3495814967044645e-19,6.12290477208556e-17
10.97,0.5856433502140896,0.0,0.536770196429186,0.9999087269248413,-0.013510655777684535,-8.272890676261529e-19,6.122675109340059e-17
10.98,0.5857056976869823,0.0,0.5370987360600264,0.9998613573505061,-0.016651308573310222,-1.0195985872959622e-18,6.122385054352125e-17
10.99,0.5857663026090121,0.0,0.5374271018535133,0.9998041284733025,-0.01979153070735192,-1.2118817365492542e-18,6.122034628545695e-17
11.0,0.5858251648491266,0.0,0.5377552876974871,0.9997370445200574,-0.022931241010916748,-1.4041335452247855e-18,6.121623857802616e-17
11.01,0.5858822843024385,0.0,0.5380832874809921,0.9996601104452099,-0.026070358353326162,-1.5963490455012673e-18,6.121152772460079e-17
11.02,0.5859376608902227,0.0,0.5384110950943775,0.9995733319303182,-0.029208801648167398,-1.788523272267907e-18,6.120621407307595e-17
11.03,0.5859912945599155,0.0,0.5387387044293982,0.9994767153834949,-0.03234648985933832,-1.9806512634945498e-18,6.120029801583537e-17
11.04,0.5860431852851111,0.0,0.5390661093793169,0.9993702679387698,-0.03548334200707948,-2.172728060601035e-18,6.119377998971237e-17
11.05,0.5860933330655596,0.0,0.5393933038390044,0.9992539974553803,-0.03861927717400681,-2.364748708826594e-18,6.118666047594644e-17
11.06,0.5861417379271625,0.0,0.5397202817050412,0.9991279125169905,-0.04175421451112489,-2.556708257598053e-18,6.117894000013546e-17
11.07,0.5861883999219704,0.0,0.5400470368758182,0.998992022430838,-0.044888073243836916,-2.7486017608978415e-18,6.117061913218333e-17
11.08,0.5862333191281777,0.0,0.5403735632516388,0.9988463372268095,-0.04802077267794322,-2.9404242776312918e-18,6.11616984862435e-17
11.09,0.5862764956501186,0.0,0.5406998547348183,0.9986908676564445,-0.0511522322056229,-3.132170871992912e-18,6.115217872065788e-17
11.1,0.5863179296182621,0.0,0.5410259052297869,0.9985256251918678,-0.05428237131140701,-3.323836613832135e-18,6.114206053789153e-17
11.11,0.5863576211892066,0.0,0.541351708643189,0.9983506220246507,-0.05741110957813794,-3.515416579018229e-18,6.113134468446288e-17
11.12,0.5863955705456739,0.0,0.5416772588839858,0.9981658710646016,-0.06053836669290899,-3.706905849803987e-18,6.11200319508697e-17
11.13,0.5864317778965032,0.0,0.5420025498635546,0.9979713859384851,-0.06366406245299729,-3.898299515189016e-18,6.110812317151069e-17
11.14,0.5864662434766446,0.0,0.5423275754957909,0.9977671809886716,-0.06678811677177014,-4.089592671281398e-18,6.109561922460273e-17
11.15,0.5864989675471518,0.0,0.5426523296972093,0.9975532712717149,-0.06991044968458125,-4.280780421658726e-18,6.108252103209385e-17
11.16,0.586529950395175,0.0,0.5429768063870435,0.9973296725568618,-0.07303098135464801,-4.471857877727986e-18,6.106882955957193e-17
11.17,0.5865591923339528,0.0,0.5433009994873481,0.9970964013244895,-0.07614963207890513,-4.662820159083989e-18,6.105454581616904e-17
11.18,0.5865866937028039,0.0,0.5436249029230988,0.9968534747644754,-0.07926632229384276,-4.853662393866851e-18,6.103967085446158e-17
11.19,0.5866124548671189,0.0,0.5439485106222935,0.9966009107744961,-0.0823809725813237,-5.0443797191181965e-18,6.102420577036618e-17
11.2,0.5866364762183506,0.0,0.5442718165160525,0.9963387279582581,-0.08549350367437394,-5.2349672811357264e-18,6.100815170303131e-17
11.21,0.586658758174005,0.0,0.5445948145387197,0.9960669456236589,-0.08860383646295955,-5.425420235826948e-18,6.099150983472473e-17
11.22,0.5866793011776315,0.0,0.5449174986279632,0.9957855837808809,-0.09171189199973012,-5.615733749060862e-18,6.097428139071671e-17
11.23,0.5866981056988118,0.0,0.5452398627248752,0.9954946631404157,-0.09481759150574505,-5.8059029970185974e-18,6.095646763915913e-17
11.24,0.5867151722331501,0.0,0.5455619007740736,0.9951942051110209,-0.09792085637617434,-5.99592316654248e-18,6.09380698909603e-17
11.25,0.5867305013022615,0.0,0.5458836067238015,0.99488423179761,-0.10102160818596874,-6.185789455483234e-18,6.091908949965583e-17
11.26,0.5867440934537609,0.0,0.5462049745260283,0.9945647659990746,-0.1041197686955075,-6.375497073045802e-18,6.089952786127516e-17
11.27,0.5867559492612504,0.0,0.5465259981365496,0.9942358312060391,-0.10721525985621887,-6.5650412401335075e-18,6.08793864142042e-17
11.28,0.5867660693243075,0.0,0.5468466715150877,0.9938974515985503,-0.11030800381616668,-6.7544171896901275e-18,6.08586666390438e-17
11.29,0.5867744542684723,0.0,0.547166988625392,0.9935496520436993,-0.11339792292561673,-6.94362016704074e-18,6.083737005846414e-17
11.3,0.586781104745234,0.0,0.547486943435339,0.9931924580931789,-0.11648493974256516,-7.132645430230237e-18,6.081549823705517e-17
11.31,0.5867860214320176,0.0,0.5478065299170326,0.9928258959807754,-0.11956897703823757,-7.321488250360051e-18,6.079305278117298e-17
11.32,0.5867892050321701,0.0,0.5481257420469039,0.9924499926197942,-0.12264995780256333,-7.510143911923356e-18,6.077003533878226e-17
11.33,0.5867906562749456,0.0,0.5484445738058117,0.9920647756004225,-0.12572780524960755,-7.698607713137684e-18,6.074644759929474e-17
11.34,0.586790375915491,0.0,0.5487630191791417,0.9916702731870276,-0.12880244282297634,-7.886874966275898e-18,6.072229129340373e-17
11.35,0.5867883647348306,0.0,0.5490810721569077,0.9912665143153897,-0.13187379420118767,-8.074940997995064e-18,6.06975681929148e-17
11.36,0.5867846235398505,0.0,0.5493987267338497,0.9908535285898746,-0.13494178330300283,-8.262801149662908e-18,6.067228011057252e-17
11.37,0.5867791531632826,0.0,0.549715976909535,0.9904313462805401,-0.13800633429273054,-8.450450777682602e-18,6.064642889988336e-17
11.38,0.5867719544636881,0.0,0.5500328166884572,0.9899999983201828,-0.1410673715854872,-8.63788525381486e-18,6.062001645493484e-17
11.39,0.586763028325441,0.0,0.5503492400801361,0.9895595163013223,-0.14412481985242187,-8.825099965497867e-18,6.059304471021087e-17
11.4,0.5867523756587103,0.0,0.550665241099217,0.9891099324731222,-0.14717860402591007,-9.012090316165325e-18,6.056551564040318e-17
11.41,0.5867399973994432,0.0,0.5509808137655706,0.9886512797382532,-0.15022864930469917,-9.198851725561505e-18,6.053743126021931e-17
11.42,0.586725894509346,0.0,0.551295952104392,0.9881835916496934,-0.15327488115902121,-9.385379630054314e-18,6.050879362418661e-17
11.43,0.5867100679758668,0.0,0.5516106501462996,0.9877069024074697,-0.1563172253356654,-9.571669482945909e-18,6.047960482645275e-17
11.44,0.5866925188121755,0.0,0.5519249019274354,0.98722124685534,-0.159355607863005,-9.757716754780493e-18,6.044986700058255e-17
11.45,0.5866732480571457,0.0,0.5522387014895632,0.9867266604774156,-0.16238995505599146,-9.943516933650125e-18,6.041958231935121e-17
11.46,0.5866522567753341,0.0,0.5525520428801682,0.9862231793947261,-0.16542019352109866,-1.012906552549746e-17,6.038875299453387e-17
11.47,0.5866295460569609,0.0,0.5528649201525555,0.9857108403617267,-0.16844625016122616,-1.0314358054415998e-17,6.035738127669181e-17
11.48,0.5866051170178895,0.0,0.5531773273659495,0.9851896807627467,-0.1714680521805658,-1.0499390062948062e-17,6.032546945495502e-17
11.49,0.586578970799605,0.0,0.5534892585855922,0.9846597386083831,-0.17448552708941417,-1.0684157112379493e-17,6.029301985680129e-17
11.5,0.5865511085691937,0.0,0.553800707882842,0.9841210525318373,-0.177498602708947,-1.0868654783031982e-17,6.026003484783195e-17
11.51,0.5865215315193208,0.0,0.5541116693352728,0.9835736617851961,-0.18050720717594784,-1.1052878674552634e-17,6.022651683154409e-17
11.52,0.5864902408682087,0.0,0.5544221370267719,0.9830176062356581,-0.18351126894748582,-1.1236824406200378e-17,6.01924682490996e-17
11.53,0.5864572378596146,0.0,0.5547321050476388,0.9824529263617051,-0.186510716805555,-1.142048761713007e-17,6.015789157909062e-17
11.54,0.5864225237628069,0.0,0.5550415674946834,0.9818796632492205,-0.18950547986165842,-1.1603863966673159e-17,6.012278933730195e-17
11.55,0.5863860998725432,0.0,0.555350518471324,0.9812978585875536,-0.19249548756134963,-1.1786949134615799e-17,6.008716407646997e-17
11.56,0.5863479675090454,0.0,0.5556589520876858,0.9807075546655326,-0.19548066968872255,-1.1969738821473754e-17,6.005101838603862e-17
11.57,0.5863081280179763,0.0,0.5559668624606987,0.9801087943674239,-0.1984609563708555,-1.2152228748764536e-17,6.001435489191186e-17
11.58,0.5862665827704149,0.0,0.5562742437141954,0.979501621168842,-0.20143627808220235,-1.2334414659276262e-17,5.997717625620329e-17
11.59,0.5862233331628317,0.0,0.5565810899790091,0.9788860791326062,-0.2044065656489368,-1.2516292317333689e-17,5.993948517698245e-17
11.6,0.5861783806170631,0.0,0.5568873953930712,0.9782622129045503,-0.2073717502532404,-1.2697857509060759e-17,5.99012843880182e-17
11.61,0.5861317265802863,0.0,0.5571931541015087,0.9776300677092801,-0.2103317634375476,-1.2879106042640548e-17,5.9862576658519e-17
11.62,0.5860833725249925,0.0,0.557498360256742,0.9769896893458836,-0.21328653710873044,-1.3060033748571495e-17,5.982336479287016e-17
11.63,0.5860333199489611,0.0,0.5578030080185827,0.9763411241835929,-0.21623600354223665,-1.3240636479920792e-17,5.978365163036827e-17
11.64,0.5859815703752322,0.0,0.5581070915543296,0.9756844191573979,-0.2191800953861711,-1.3420910112574299e-17,5.974344004495259e-17
11.65,0.5859281253520803,0.0,0.5584106050388671,0.9750196217636145,-0.22211874566532722,-1.3600850545483401e-17,5.970273294493368e-17
11.66,0.5858729864529854,0.0,0.5587135426547614,0.9743467800554048,-0.22505188778516114,-1.3780453700908345e-17,5.966153327271909e-17
11.67,0.5858161552766059,0.0,0.5590158985923585,0.9736659426382536,-0.227979455535715,-1.3959715524658484e-17,5.961984400453639e-17
11.68,0.5857576334467499,0.0,0.5593176670498794,0.9729771586653999,-0.23090138309547928,-1.4138631986328775e-17,5.957766815015342e-17
11.69,0.5856974226123463,0.0,0.5596188422335182,0.9722804778332224,-0.23381760503520843,-1.4317199079533402e-17,5.953500875259575e-17
11.7,0.5856355244474153,0.0,0.5599194183575383,0.9715759503765845,-0.2367280563216718,-1.4495412822135484e-17,5.949186888786159e-17
11.71,0.5855719406510393,0.0,0.560219389644368,0.9708636270641342,-0.23963267232135466,-1.4673269256473676e-17,5.944825166463408e-17
11.72,0.5855066729473328,0.0,0.5605187503246982,0.9701435591935637,-0.24253138880409783,-1.485076444958503e-17,5.940416022399092e-17
11.73,0.5854397230854116,0.0,0.5608174946375775,0.969415798586826,-0.24542414194668466,-1.502789449342465e-17,5.935959773911158e-17
11.74,0.585371092839362,0.0,0.5611156168305086,0.968680397585313,-0.24831086833636565,-1.5204655505081503e-17,5.931456741498196e-17
11.75,0.5853007840082101,0.0,0.5614131111595445,0.9679374090449916,-0.2511915049743296,-1.5381043626990962e-17,5.926907248809656e-17
11.76,0.58522879841589,0.0,0.561709971889384,0.9671868863315026,-0.25406598927911034,-1.555705502714341e-17,5.922311622615848e-17
11.77,0.5851551379112117,0.0,0.5620061932934676,0.9664288833152196,-0.2569342590899424,-1.5732685899289734e-17,5.917670192777673e-17
11.78,0.5850798043678285,0.0,0.5623017696540723,0.9656634543662712,-0.25979625267005,-1.590793246314269e-17,5.912983292216151e-17
11.79,0.5850027996842047,0.0,0.5625966952624081,0.964890654349526,-0.26265190870988064,-1.608279096457491e-17,5.908251256881711e-17
11.8,0.5849241257835824,0.0,0.5628909644187127,0.9641105386195409,-0.26550116633027976,-1.6257257675813306e-17,5.903474425723257e-17
11.81,0.5848437846139478,0.0,0.5631845714323463,0.963323163015475,-0.26834396508559777,-1.643132889562932e-17,5.898653140657027e-17
11.82,0.5847617781479971,0.0,0.5634775106218872,0.9625285838559677,-0.2711802449667475,-1.660500094952612e-17,5.893787746535228e-17
11.83,0.5846781083831027,0.0,0.5637697763152264,0.9617268579339829,-0.2740099464041927,-1.6778270189921617e-17,5.888878591114468e-17
11.84,0.584592777341278,0.0,0.5640613628496621,0.960918042511621,-0.276833010270875,-1.695113299632767e-17,5.883926025023985e-17
11.85,0.5845057870691426,0.0,0.5643522645719945,0.9601021953148969,-0.2796493778850859,-1.7123585775525954e-17,5.878930401733677e-17
11.86,0.5844171396378866,0.0,0.5646424758386198,0.9592793745284872,-0.28245899101326954,-1.7295624961739578e-17,5.873892077521935e-17
11.87,0.5843268371432351,0.0,0.5649319910156253,0.9584496387904469,-0.2852617918727673,-1.7467247016801146e-17,5.868811411443288e-17
11.88,0.5842348817054115,0.0,0.5652208044788827,0.9576130471868934,-0.28805772313450073,-1.763844843031704e-17,5.863688765295862e-17
11.89,0.5841412754691016,0.0,0.5655089106141422,0.9567696592466653,-0.2908467279255861,-1.7809225719827506e-17,5.858524503588663e-17
11.9,0.5840460206034154,0.0,0.5657963038171263,0.955919534935948,-0.293628749831894,-1.7979575430963397e-17,5.853318993508676e-17
11.91,0.583949119301851,0.0,0.5660829784936241,0.9550627346528732,-0.2964037329005416,-1.8149494137598765e-17,5.848072604887795e-17
11.92,0.5838505737822561,0.0,0.566368929059584,0.954199319222093,-0.2991716216423181,-1.8318978441999395e-17,5.842785710169598e-17
11.93,0.5837503862867899,0.0,0.5666541499412071,0.953329349889324,-0.30193236103405485,-1.8488024974967916e-17,5.83745868437594e-17
11.94,0.5836485590818847,0.0,0.5669386355750405,0.9524528883158688,-0.3046858965209237,-1.8656630395984546e-17,5.832091905073402e-17
11.95,0.583545094458207,0.0,0.5672223804080709,0.951569996573111,-0.307432174018676,-1.8824791393344183e-17,5.826685752339592e-17
11.96,0.583439994730618,0.0,0.5675053788978166,0.9506807371369856,-0.3101711399158174,-1.899250468428958e-17,5.821240608729279e-17
11.97,0.5833332622381344,0.0,0.5677876255124205,0.9497851728824289,-0.3129027410757128,-1.9159767015140236e-17,5.81575685924041e-17
11.98,0.5832248993438874,0.0,0.5680691147307424,0.9488833670778017,-0.31562692483863575,-1.9326575161417875e-17,5.810234891279965e-17
11.99,0.5831149084350836,0.0,0.5683498410424522,0.9479753833792933,-0.3183436390237472,-1.949292592796762e-17,5.804675094629683e-17
12.0,0.583003291922963,0.0,0.5686297989481212,0.9470612858253049,-0.32105283193100814,-1.9658816149075113e-17,5.799077861411681e-17
12.01,0.5828900522427585,0.0,0.5689089829593144,0.9461411388308101,-0.32375445234303396,-1.9824242688580042e-17,5.793443586053915e-17
12.02,0.5827751918536539,0.0,0.5691873875986823,0.9452150071816984,-0.3264484495268769,-1.9989202439985306e-17,5.787772665255547e-17
12.03,0.5826587132387425,0.0,0.5694650074000527,0.9442829560290988,-0.3291347732357476,-2.0153692326562412e-17,5.782065497952184e-17
12.04,0.5825406189049843,0.0,0.5697418369085223,0.9433450508836857,-0.33181337371066966,-2.0317709301452805e-17,5.776322485281014e-17
12.05,0.5824209113831635,0.0,0.5700178706805479,0.9424013576099662,-0.3344842016820714,-2.0481250347765323e-17,5.770544030545827e-17
12.06,0.5822995932278455,0.0,0.5702931032840372,0.9414519424205545,-0.3371472083713061,-2.0644312478669286e-17,5.764730539181952e-17
12.07,0.5821766670173334,0.0,0.5705675292984403,0.9404968718704262,-0.33980234549211574,-2.080689273748413e-17,5.758882418721079e-17
12.08,0.5820521353536241,0.0,0.5708411433148406,0.9395362128511601,-0.3424495652520232,-2.0968988197764643e-17,5.753000078755997e-17
12.09,0.5819260008623643,0.0,0.5711139399360448,0.938570032585166,-0.34508882035365956,-2.113059596338226e-17,5.747083930905253e-17
12.1,0.5817982661928061,0.0,0.5713859137766736,0.9375983986198987,-0.3477200639960278,-2.1291713168602413e-17,5.741134388777716e-17
12.11,0.5816689340177615,0.0,0.5716570594632525,0.9366213788220578,-0.3503432498757002,-2.145233697815788e-17,5.735151867937068e-17
12.12,0.5815380070335578,0.0,0.5719273716343005,0.9356390413717787,-0.3529583321879498,-2.1612464587318047e-17,5.729136785866233e-17
12.13,0.5814054879599915,0.0,0.5721968449404219,0.9346514547568087,-0.35556526562781865,-2.1772093221954327e-17,5.723089561931715e-17
12.14,0.5812713795402825,0.0,0.572465474044394,0.9336586877666772,-0.3581640053911148,-2.1931220138601205e-17,5.717010617347896e-17
12.15,0.5811356845410276,0.0,0.5727332536212579,0.9326608094868514,-0.3607545071753522,-2.2089842624513795e-17,5.710900375141259e-17
12.16,0.5809984057521538,0.0,0.573000178358408,0.9316578892928863,-0.36333672718061955,-2.2247957997721042e-17,5.704759260114561e-17
12.17,0.5808595459868712,0.0,0.5732662429556795,0.9306499968445664,-0.3659106221103845,-2.2405563607074955e-17,5.698587698810963e-17
12.18,0.5807191080816256,0.0,0.5735314421254392,0.9296372020800382,-0.36847614917223387,-2.2562656832295942e-17,5.6923861194781e-17
12.19,0.5805770948960504,0.0,0.573795770592673,0.9286195752099375,-0.37103326607854875,-2.2719235084014147e-17,5.686154952032124e-17
12.2,0.5804335093129186,0.0,0.5740592230950748,0.927597186711511,-0.3735819310471133,-2.2875295803806727e-17,5.679894628021708e-17
12.21,0.5802883542380943,0.0,0.5743217943831352,0.9265701073227306,-0.3761221028016614,-2.303083646423132e-17,5.673605580592008e-17
12.22,0.5801416326004838,0.0,0.5745834792202291,0.9255384080364065,-0.37865374057235235,-2.318585456885518e-17,5.667288244448611e-17
12.23,0.5799933473519856,0.0,0.5748442723827036,0.9245021600942934,-0.3811768040961904,-2.3340347652280864e-17,5.660943055821452e-17
12.24,0.5798435014674421,0.0,0.5751041686599663,0.9234614349811953,-0.38369125361737355,-2.349431328016759e-17,5.654570452428712e-17
12.25,0.5796920979445883,0.0,0.5753631628545721,0.9224163044190682,-0.3861970498875787,-2.3647749049248697e-17,5.648170873440712e-17
12.26,0.579539139804002,0.0,0.5756212497823112,0.9213668403611204,-0.38869415416618464,-2.3800652587345292e-17,5.641744759443782e-17
12.27,0.5793846300890532,0.0,0.5758784242722955,0.9203131149859124,-0.3911825282204292,-2.395302155337589e-17,5.635292552404138e-17
12.28,0.5792285718658529,0.0,0.5761346811670465,0.9192552006914563,-0.39366213432550295,-2.410485363736213e-17,5.628814695631748e-17
12.29,0.5790709682232014,0.0,0.5763900153225807,0.9181931700893161,-0.39613293526458027,-2.4256146560430694e-17,5.622311633744211e-17
12.3,0.5789118222725369,0.0,0.5766444216084972,0.9171270959987091,-0.39859489432878414,-2.440689807481115e-17,5.615783812630632e-17
12.31,0.5787511371478834,0.0,0.5768978949080632,0.9160570514406098,-0.4010479753170885,-2.4557105963829957e-17,5.609231679415525e-17
12.32,0.5785889160057974,0.0,0.5771504301183006,0.9149831096318541,-0.40349214253616184,-2.470676804190091e-17,5.60265568242271e-17
12.33,0.5784251620253162,0.0,0.5774020221500716,0.9139053439792509,-0.4059273608001401,-2.4855882154511215e-17,5.596056271139252e-17
12.34,0.5782598784079042,0.0,0.5776526659281642,0.9128238280736934,-0.40835359543034294,-2.5004446178204136e-17,5.589433896179413e-17
12.35,0.5780930683773986,0.0,0.5779023563913779,0.9117386356842782,-0.41077081225492523,-2.5152458020557627e-17,5.58278900924863e-17
12.36,0.5779247351799572,0.0,0.5781510884926084,0.9106498407524282,-0.41317897760846595,-2.5299915620159188e-17,5.576122063107541e-17
12.37,0.5777548820840024,0.0,0.5783988571989335,0.9095575173860214,-0.4155780583314973,-2.544681694657701e-17,5.569433511536022e-17
12.38,0.5775835123801675,0.0,0.5786456574916964,0.9084617398535276,-0.4179680217699694,-2.5593160000327212e-17,5.562723809297291e-17
12.39,0.5774106293812421,0.0,0.5788914843665914,0.9073625825781518,-0.42034883577465354,-2.5738942812837296e-17,5.555993412102048e-17
12.4,0.5772362364221157,0.0,0.5791363328337482,0.9062601201319841,-0.42272046870048974,-2.5884163446406184e-17,5.5492427765726505e-17
12.41,0.5770603368597231,0.0,0.5793801979178151,0.9051544272301609,-0.4250828894058656,-2.6028819994160082e-17,5.542472360207362e-17
12.42,0.576882934072988,0.0,0.5796230746580434,0.9040455787250333,-0.42743606725184,-2.6172910580004935e-17,5.535682621344643e-17
12.43,0.5767040314627664,0.0,0.5798649581083711,0.9029336496003466,-0.4297799721013051,-2.63164333585751e-17,5.5288740191275116e-17
12.44,0.5765236324517906,0.0,0.5801058433375059,0.9018187149654291,-0.43211457431808764,-2.6459386515178356e-17,5.52204701346796e-17
12.45,0.5763417404846118,0.0,0.5803457254290086,0.9007008500493932,-0.43443984476599345,-2.6601768265737345e-17,5.515202065011447e-17
12.46,0.5761583590275425,0.0,0.5805845994813763,0.8995801301953475,-0.43675575480778905,-2.6743576856727255e-17,5.508339635101458e-17
12.47,0.5759734915685993,0.0,0.5808224606081243,0.8984566308546228,-0.43906227630412537,-2.6884810565109894e-17,5.5014601857441444e-17
12.48,0.5757871416174449,0.0,0.581059303937869,0.8973304275810071,-0.4413593816124078,-2.7025467698264517e-17,5.494564179573031e-17
12.49,0.5755993127053292,0.0,0.5812951246144104,0.8962015960249995,-0.4436470435856003,-2.7165546593914586e-17,5.4876520798138244e-17
12.5,0.5754100083850309,0.0,0.5815299177968134,0.8950702119280743,-0.44592523557097774,-2.7305045620051366e-17,5.480724350249297e-17
12.51,0.5752192322307985,0.0,0.5817636786594904,0.8939363511169616,-0.4481939314088181,-2.744396317485387e-17,5.4737814551842575e-17
12.52,0.5750269878382914,0.0,0.5819964023922816,0.8928000894979422,-0.4504531054310386,-2.7582297686605333e-17,5.466823859410627e-17
12.53,0.5748332788245192,0.0,0.5822280842005375,0.8916615030511592,-0.45270273245977616,-2.7720047613606273e-17,5.4598520281726004e-17
12.54,0.5746381088277821,0.0,0.5824587193051989,0.8905206678249459,-0.454942787805909,-2.7857211444084e-17,5.452866427131917e-17
12.55,0.5744414815076111,0.0,0.5826883029428783,0.8893776599301703,-0.4571732472675259,-2.7993787696098854e-17,5.445867522333231e-17
12.56,0.5742434005447064,0.0,0.5829168303659399,0.8882325555345977,-0.45939408712833674,-2.8129774917446894e-17,5.4388557801695935e-17
12.57,0.574043869640877,0.0,0.5831442968425806,0.8870854308572703,-0.46160528415603197,-2.826517168555945e-17,5.431831667348034e-17
12.58,0.5738428925189789,0.0,0.5833706976569089,0.885936362162907,-0.4638068156005843,-2.839997660739911e-17,5.424795650855272e-17
12.59,0.5736404729228539,0.0,0.5835960281090258,0.884785425756321,-0.4659986591924978,-2.853418831935254e-17,5.417748197923533e-17
12.6,0.5734366146172672,0.0,0.5838202835151036,0.8836326979768578,-0.4681807931410034,-2.8667805487119945e-17,5.410689775996494e-17
12.61,0.5732313213878453,0.0,0.5840434592074654,0.8824782551928528,-0.47035319613220256,-2.8800826805601453e-17,5.4036208526953416e-17
12.62,0.5730245970410127,0.0,0.584265550534664,0.8813221737961102,-0.47251584732715457,-2.893325099877996e-17,5.3965418957849685e-17
12.63,0.5728164454039302,0.0,0.584486552861561,0.880164530196403,-0.4746687263599164,-2.9065076819601123e-17,5.389453373140294e-17
12.64,0.5726068703244301,0.0,0.5847064615694045,0.8790054008159942,-0.47681181333552697,-2.9196303049849916e-17,5.3823557527127175e-17
12.65,0.5723958756709538,0.0,0.584925272055908,0.8778448620841804,-0.4789450888279431,-2.9326928500024264e-17,5.3752495024967065e-17
12.66,0.5721834653324873,0.0,0.5851429797353287,0.8766829904318579,-0.4810685338779236,-2.9456952009205457e-17,5.3681350904965227e-17
12.67,0.5719696432184964,0.0,0.585359580038544,0.8755198622861127,-0.483182129990862,-2.9586372444925476e-17,5.361012984693097e-17
12.68,0.5717544132588632,0.0,0.5855750684131298,0.8743555540648327,-0.48528585913457184,-2.9715188703031335e-17,5.353883653011039e-17
12.69,0.5715377794038203,0.0,0.5857894403234379,0.8731901421713445,-0.48737970373702183,-2.984339970754645e-17,5.346747563285797e-17
12.7,0.5713197456238864,0.0,0.5860026912506725,0.8720237029890759,-0.4894636466840208,-2.9971004410528854e-17,5.3396051832309706e-17
12.71,0.5711003159097996,0.0,0.5862148166929665,0.8708563128762408,-0.4915376713168576,-3.0098001791926674e-17,5.332456980405771e-17
12.72,0.5708794942724525,0.0,0.5864258121654586,0.8696880481605516,-0.49360176142989004,-3.0224390859430515e-17,5.325303422182643e-17
12.73,0.5706572847428261,0.0,0.5866356732003692,0.8685189851339564,-0.49565590126808984,-3.035017064832314e-17,5.3181449757150366e-17
12.74,0.5704336913719223,0.0,0.5868443953470762,0.8673492000474019,-0.4977000755245392,-3.047534022132614e-17,5.31098210790534e-17
12.75,0.5702087182306981,0.0,0.5870519741721903,0.8661787691056241,-0.49973426933788107,-3.059989866844387e-17,5.303815285372984e-17
12.76,0.569982369409998,0.0,0.5872584052596308,0.865007768461965,-0.5017584682897255,-3.072384510680455e-17,5.296644974422702e-17
12.77,0.5697546490204869,0.0,0.5874636842107003,0.8638362742132167,-0.50377265840201,-3.084717868049873e-17,5.289471641012956e-17
12.78,0.5695255611925819,0.0,0.5876678066441597,0.8626643623944937,-0.5057768261343154,-3.0969898560414834e-17,5.282295750724545e-17
12.79,0.5692951100763849,0.0,0.5878707681963025,0.8614921089741332,-0.5077709583811387,-3.1092003944072275e-17,5.275117768729375e-17
12.8,0.5690632998416135,0.0,0.588072564521029,0.8603195898486228,-0.5097550424691231,-3.121349405545173e-17,5.267938159759398e-17
12.81,0.5688301346775332,0.0,0.5882731912899202,0.8591468808375593,-0.5117290661542421,-3.1334368144822834e-17,5.260757388075747e-17
12.82,0.5685956187928877,0.0,0.588472644192312,0.8579740576786339,-0.5136930176189475,-3.145462548856945e-17,5.2535759174380277e-17
12.83,0.56835975641583,0.0,0.5886709189353676,0.8568011960226489,-0.51564688546927,-3.1574265389012165e-17,5.2463942110738046e-17
12.84,0.5681225517938531,0.0,0.5888680112441516,0.8556283714285638,-0.517590658731882,-3.1693287174228466e-17,5.239212731648267e-17
12.85,0.5678840091937194,0.0,0.5890639168617018,0.8544556593585706,-0.5195243268511209,-3.181169019787043e-17,5.2320319412340734e-17
12.86,0.5676441329013915,0.0,0.5892586315491026,0.8532831351732013,-0.5214478796859685,-3.1929473838979773e-17,5.2248523012813964e-17
12.87,0.5674029272219606,0.0,0.589452151085557,0.8521108741264642,-0.5233613075069965,-3.2046637501800846e-17,5.217674272588138e-17
12.88,0.5671603964795772,0.0,0.5896444712684583,0.8509389513610133,-0.52526460099327,-3.2163180615590987e-17,5.210498315270351e-17
12.89,0.5669165450173786,0.0,0.5898355879134617,0.8497674419033471,-0.5271577512292138,-3.227910263442867e-17,5.2033248887328424e-17
12.9,0.5666713771974186,0.0,0.5900254968545562,0.8485964206590406,-0.5290407497014427,-3.239440303701939e-17,5.1961544516399746e-17
12.91,0.5664248974005953,0.0,0.5902141939441352,0.8474259624080086,-0.5309135882955534,-3.250908132649925e-17,5.188987461886665e-17
12.92,0.5661771100265793,0.0,0.5904016750530677,0.8462561417998011,-0.5327762592928807,-3.2623137030236335e-17,5.1818243765695755e-17
12.93,0.5659280194937417,0.0,0.5905879360707683,0.8450870333489308,-0.5346287553672203,-3.2736569699629986e-17,5.174665651958503e-17
12.94,0.5656776302390812,0.0,0.590772972905268,0.8439187114302348,-0.5364710695815126,-3.284937890990782e-17,5.167511743467979e-17
12.95,0.5654259467181519,0.0,0.5909567814832835,0.8427512502742673,-0.5383031953844962,-3.296156425992078e-17,5.160363105629057e-17
12.96,0.5651729734049895,0.0,0.5911393577502875,0.841584723962727,-0.5401251266073266,-3.307312537193607e-17,5.153220192061312e-17
12.97,0.5649187147920385,0.0,0.5913206976705773,0.840419206423917,-0.5419368574601598,-3.318406189142801e-17,5.146083455445043e-17
12.98,0.5646631753900779,0.0,0.5915007972273443,0.8392547714282383,-0.5437383825287078,-3.3294373486867053e-17,5.138953347493678e-17
12.99,0.5644063597281482,0.0,0.5916796524227428,0.8380914925837185,-0.5455296967707578,-3.340405984950674e-17,5.131830318926393e-17
13.0,0.5641482723534764,0.0,0.5918572592779583,0.8369294433315717,-0.5473107955126644,-3.35131206931688e-17,5.124714819440927e-17
13.01,0.5638889178314016,0.0,0.5920336138332751,0.8357686969417963,-0.5490816744458075,-3.3621555754026356e-17,5.1176072976866256e-17
13.02,0.5636283007453006,0.0,0.5922087121481454,0.8346093265088037,-0.5508423296230247,-3.3729364790385426e-17,5.1105082012376735e-17
13.03,0.5633664256965122,0.0,0.5923825503012551,0.833451404947084,-0.5525927574550101,-3.383654758246439e-17,5.1034179765665546e-17
13.04,0.5631032973042627,0.0,0.5925551243905929,0.8322950049869057,-0.5543329547066876,-3.3943103932171986e-17,5.096337069017722e-17
13.05,0.5628389202055893,0.0,0.5927264305335156,0.8311401991700491,-0.5560629184935559,-3.404903366288344e-17,5.0892659227814716e-17
13.06,0.5625732990552653,0.0,0.5928964648668156,0.8299870598455777,-0.5577826462780044,-3.4154336619214926e-17,5.0822049808680473e-17
13.07,0.5623064385257229,0.0,0.593065223546787,0.828835659165641,-0.5594921358656058,-3.425901266679651e-17,5.075154685081944e-17
13.08,0.5620383433069772,0.0,0.5932327027492917,0.8276860690813158,-0.5611913854013791,-3.436306169204338e-17,5.0681154759964424e-17
13.09,0.5617690181065496,0.0,0.5933988986698246,0.8265383613384817,-0.5628803933660307,-3.4466483601925626e-17,5.06108779292835e-17
13.1,0.5614984676493905,0.0,0.5935638075235798,0.8253926074737314,-0.5645591585721682,-3.456927832373644e-17,5.0540720739129644e-17
13.11,0.5612266966778023,0.0,0.5937274255455146,0.8242488788103186,-0.5662276801604923,-3.467144580485891e-17,5.0470687556792565e-17
13.12,0.5609537099513617,0.0,0.5938897489904155,0.8231072464541399,-0.5678859575959628,-3.4772986012531273e-17,5.04007827362527e-17
13.13,0.5606795122468423,0.0,0.5940507741329615,0.8219677812897545,-0.5695339906639448,-3.4873898933610926e-17,5.0331010617937476e-17
13.14,0.5604041083581358,0.0,0.5942104972677887,0.8208305539764365,-0.5711717794663321,-3.497418457433708e-17,5.0261375528479584e-17
13.15,0.5601275030961741,0.0,0.5943689147095544,0.8196956349442681,-0.5727993244176472,-3.50738429600919e-17,5.0191881780477764e-17
13.16,0.5598497012888509,0.0,0.594526022793,0.8185630943902652,-0.5744166262411228,-3.517287413516063e-17,5.012253367225955e-17
13.17,0.5595707077809426,0.0,0.5946818178730144,0.8174330022745397,-0.5760236859647633,-3.5271278162490376e-17,5.005333548764631e-17
13.18,0.5592905274340292,0.0,0.5948362963246973,0.8163054283165001,-0.5776205049173855,-3.536905512344771e-17,4.998429149572055e-17
13.19,0.5590091651264147,0.0,0.5949894545434206,0.8151804419910857,-0.5792070847246414,-3.5466205117575095e-17,4.991540595059539e-17
13.2,0.5587266257530481,0.0,0.5951412889448919,0.8140581125250408,-0.5807834273050223,-3.5562728262346256e-17,4.984668309118636e-17
13.21,0.5584429142254428,0.0,0.5952917959652158,0.8129385088932207,-0.5823495348658457,-3.5658624692920397e-17,4.9778127140985245e-17
13.22,0.5581580354715969,0.0,0.5954409720609549,0.8118216998149375,-0.5839054098992281,-3.5753894561895647e-17,4.9709742307836326e-17
13.23,0.5578719944359127,0.0,0.5955888137091923,0.8107077537503417,-0.5854510551780358,-3.5848538039061096e-17,4.964153278371483e-17
13.24,0.5575847960791159,0.0,0.5957353174075913,0.8095967388968399,-0.586986473751825,-3.594255531114822e-17,4.9573502744507525e-17
13.25,0.557296445378175,0.0,0.5958804796744568,0.8084887231855485,-0.5885116689427674,-3.603594658158134e-17,4.950565634979563e-17
13.26,0.5570069473262195,0.0,0.5960242970487951,0.8073837742777851,-0.5900266443415574,-3.61287120702271e-17,4.943799774263993e-17
13.27,0.5567163069324594,0.0,0.596166766090374,0.8062819595615948,-0.5915314038033103,-3.622085201314322e-17,4.9370531049368135e-17
13.28,0.5564245292221031,0.0,0.5963078833797822,0.8051833461483155,-0.5930259514434439,-3.6312366662326364e-17,4.93032603793645e-17
13.29,0.5561316192362749,0.0,0.5964476455184893,0.8040880008691775,-0.5945102916335507,-3.640325628545937e-17,4.923618982486162e-17
13.3,0.5558375820319339,0.0,0.5965860491289035,0.8029959902719389,-0.5959844289972585,-3.649352116565778e-17,4.916932346073446e-17
13.31,0.5555424226817913,0.0,0.5967230908544314,0.8019073806175598,-0.5974483684060774,-3.6583161601215566e-17,4.910266534429665e-17
13.32,0.5552461462742271,0.0,0.5968587673595355,0.8008222378769126,-0.5989021149752384,-3.6672177905350287e-17,4.9036219515099066e-17
13.33,0.554948757913208,0.0,0.5969930753297926,0.7997406277275251,-0.600345674059524,-3.676057040594781e-17,4.896998999473043e-17
13.34,0.554650262718204,0.0,0.597126011471951,0.7986626155503648,-0.6017790512490861,-3.684833944530622e-17,4.890398078662037e-17
13.35,0.554350665824105,0.0,0.5972575725139881,0.7975882664266558,-0.6032022523652593,-3.6935485379879434e-17,4.883819587584452e-17
13.36,0.5540499723811371,0.0,0.5973877552051675,0.7965176451347344,-0.6046152834563623,-3.702200858002019e-17,4.8772639228931995e-17
13.37,0.5537481875547792,0.0,0.5975165563160947,0.7954508161469386,-0.6060181507934967,-3.710790942972269e-17,4.8707314793674906e-17
13.38,0.5534453165256784,0.0,0.5976439726387743,0.7943878436265337,-0.607410860866338,-3.7193188326364954e-17,4.8642226498940133e-17
13.39,0.5531413644895664,0.0,0.5977700009866658,0.7933287914246769,-0.6087934203789175,-3.7277845680450517e-17,4.857737825448344e-17
13.4,0.5528363366571739,0.0,0.5978946381947385,0.792273723077414,-0.610165836245404,-3.7361881915350104e-17,4.8512773950765573e-17
13.41,0.5525302382541469,0.0,0.5980178811195277,0.7912227018027125,-0.6115281155858787,-3.744529746704295e-17,4.844841745877063e-17
13.42,0.5522230745209612,0.0,0.5981397266391887,0.7901757904975332,-0.6128802657221055,-3.752809278385779e-17,4.8384312629826676e-17
13.43,0.5519148507128371,0.0,0.5982601716535518,0.7891330517349332,-0.6142222941732995,-3.761026832621376e-17,4.832046329542843e-17
13.44,0.5516055720996542,0.0,0.5983792130841765,0.7880945477612086,-0.6155542086518913,-3.769182456636103e-17,4.8256873267062247e-17
13.45,0.5512952439658657,0.0,0.5984968478744055,0.7870603404930688,-0.6168760170592908,-3.777276198812143e-17,4.8193546336033136e-17
13.46,0.5509838716104125,0.0,0.5986130729894177,0.7860304915148473,-0.6181877274816507,-3.785308108662899e-17,4.8130486273293926e-17
13.47,0.5506714603466367,0.0,0.5987278854162816,0.7850050620757486,-0.6194893481856246,-3.793278236807027e-17,4.806769682927674e-17
13.48,0.5503580155021961,0.0,0.5988412821640087,0.7839841130871293,-0.6207808876141302,-3.801186634942487e-17,4.8005181733726476e-17
13.49,0.5500435424189765,0.0,0.5989532602636052,0.7829677051198127,-0.6220623543821101,-3.809033355820588e-17,4.794294469553637e-17
13.5,0.5497280464530061,0.0,0.5990638167681241,0.7819558984014403,-0.6233337572722949,-3.816818453220046e-17,4.788098940258584e-17
13.51,0.5494115329743676,0.0,0.5991729487527178,0.7809487528138559,-0.6245951052309672,-3.824541981921041e-17,4.781931952158031e-17
13.52,0.5490940073671117,0.0,0.5992806533146888,0.7799463278905259,-0.6258464073637272,-3.832203997679295e-17,4.775793869789323e-17
13.53,0.5487754750291688,0.0,0.5993869275735407,0.7789486828139917,-0.6270876729312636,-3.839804557200171e-17,4.769685055541009e-17
13.54,0.5484559413722625,0.0,0.5994917686710296,0.7779558764133575,-0.6283189113451265,-3.847343718112794e-17,4.763605869637461e-17
13.55,0.5481354118218206,0.0,0.5995951737712137,0.7769679671618112,-0.6295401321635046,-3.854821538944188e-17,4.757556670123689e-17
13.56,0.5478138918168878,0.0,0.5996971400605039,0.7759850131741811,-0.6307513450870049,-3.862238079093441e-17,4.751537812850388e-17
13.57,0.5474913868100375,0.0,0.599797664747713,0.7750070722045221,-0.6319525599544435,-3.8695933988059255e-17,4.745549651459149e-17
13.58,0.5471679022672824,0.0,0.5998967450641052,0.7740342016437388,-0.6331437867386365,-3.876887559147528e-17,4.739592537367909e-17
13.59,0.5468434436679871,0.0,0.5999943782634454,0.7730664585172399,-0.6343250355421994,-3.884120621978928e-17,4.7336668197565895e-17
13.6,0.5465180165047782,0.0,0.6000905616220468,0.772103899482627,-0.6354963165933548,-3.891292649929925e-17,4.7277728455529444e-17
13.61,0.5461916262834554,0.0,0.6001852924388205,0.771146580827415,-0.6366576402417449,-3.8984037063738e-17,4.7219109594185976e-17
13.62,0.5458642785229031,0.0,0.600278568035322,0.7701945584667845,-0.6378090169542563,-3.9054538554017496e-17,4.7160815037352835e-17
13.63,0.5455359787549994,0.0,0.6003703857557996,0.7692478879413682,-0.63895045731085,-3.91244316179735e-17,4.710284818591292e-17
13.64,0.5452067325245279,0.0,0.6004607429672413,0.7683066244150694,-0.6400819720004006,-3.9193716910110817e-17,4.704521241768112e-17
13.65,0.5448765453890868,0.0,0.6005496370594213,0.76737082267291,-0.6412035718165497,-3.926239509134938e-17,4.698791108727252e-17
13.66,0.544545422918999,0.0,0.6006370654449471,0.7664405371189138,-0.642315267653565,-3.933046682877069e-17,4.6930947525972796e-17
13.67,0.5442133706972223,0.0,0.6007230255593048,0.7655158217740181,-0.6434170705022131,-3.939793279536511e-17,4.687432504161035e-17
13.68,0.5438803943192585,0.0,0.6008075148609052,0.7645967302740191,-0.6445089914456421,-3.946479366977972e-17,4.681804691843048e-17
13.69,0.5435464993930628,0.0,0.6008905308311291,0.7636833158675475,-0.6455910416552786,-3.9531050136067124e-17,4.6762116416971454e-17
13.7,0.5432116915389531,0.0,0.6009720709743721,0.7627756314140735,-0.646663232386736,-3.959670288343486e-17,4.6706536773942314e-17
13.71,0.5428759763895188,0.0,0.6010521328180897,0.7618737293819443,-0.6477255749757361,-3.966175260599571e-17,4.6651311202102747e-17
13.72,0.5425393595895297,0.0,0.6011307139128406,0.7609776618464537,-0.6487780808340433,-3.97262000025187e-17,4.659644289014482e-17
13.73,0.5422018467958447,0.0,0.6012078118323314,0.7600874804879356,-0.6498207614454174,-3.9790045776181316e-17,4.654193500257633e-17
13.74,0.5418634436773195,0.0,0.6012834241734599,0.759203236589895,-0.6508536283615756,-3.9853290634322224e-17,4.648779067960628e-17
13.75,0.5415241559147159,0.0,0.6013575485563583,0.7583249810371632,-0.6518766931981739,-3.991593528819524e-17,4.643401303703196e-17
13.76,0.5411839892006093,0.0,0.601430182624435,0.7574527643140857,-0.6528899676308023,-3.9977980452724055e-17,4.638060516612798e-17
13.77,0.5408429492392961,0.0,0.6015013240444189,0.7565866365027377,-0.6538934633909979,-4.003942684625813e-17,4.6327570133536987e-17
13.78,0.5405010417467024,0.0,0.6015709705063996,0.7557266472811683,-0.654887192262274,-4.0100275190329556e-17,4.627491098116218e-17
13.79,0.5401582724502908,0.0,0.6016391197238697,0.7548728459216753,-0.6558711660761668,-4.0160526209410986e-17,4.622263072606164e-17
13.8,0.5398146470889675,0.0,0.6017057694337667,0.7540252812891057,-0.6568453967083008,-4.02201806306747e-17,4.61707323603443e-17
13.81,0.5394701714129906,0.0,0.6017709173965129,0.753184001839189,-0.6578098960744697,-4.027923918375262e-17,4.611921885106785e-17
13.82,0.5391248511838757,0.0,0.6018345613960561,0.7523490556168916,-0.658764676126742,-4.033770260049787e-17,4.606809314013801e-17
13.83,0.5387786921743036,0.0,0.6018966992399104,0.7515204902548056,-0.6597097488495806,-4.0395571614747154e-17,4.601735814420987e-17
13.84,0.5384317001680269,0.0,0.6019573287591957,0.7506983529715613,-0.660645126255984,-4.0452846962084496e-17,4.5967016754590625e-17
13.85,0.538083880959776,0.0,0.6020164478086767,0.7498826905702685,-0.6615708203836494,-4.050952937960624e-17,4.5917071837144216e-17
13.86,0.5377352403551657,0.0,0.6020740542668023,0.7490735494369826,-0.6624868432911558,-4.0565619605687407e-17,4.5867526232197365e-17
13.87,0.5373857841706017,0.0,0.602130146035744,0.7482709755392007,-0.6633932070541669,-4.062111837974914e-17,4.581838275444748e-17
13.88,0.5370355182331856,0.0,0.6021847210414346,0.7474750144243811,-0.6642899237616593,-4.0676026442027766e-17,4.5769644192872e-17
13.89,0.5366844483806221,0.0,0.6022377772336056,0.7466857112184916,-0.6651770055121685,-4.073034453334492e-17,4.5721313310639535e-17
13.9,0.5363325804611235,0.0,0.6022893125858251,0.7459031106245798,-0.666054464410063,-4.078407339487942e-17,4.5673392845022286e-17
13.91,0.5359799203333157,0.0,0.6023393250955343,0.7451272569213738,-0.6669223125618373,-4.0837213767940235e-17,4.56258855073104e-17
13.92,0.5356264738661434,0.0,0.6023878127840854,0.7443581939619051,-0.6677805620724302,-4.08897663937411e-17,4.557879398272759e-17
13.93,0.5352722469387753,0.0,0.6024347736967768,0.7435959651721573,-0.6686292250415681,-4.094173201317658e-17,4.553212093034846e-17
13.94,0.5349172454405097,0.0,0.6024802059028898,0.7428406135497395,-0.6694683135601316,-4.0993111366599585e-17,4.548586898301722e-17
13.95,0.5345614752706782,0.0,0.6025241074957238,0.7420921816625851,-0.6702978397065478,-4.1043905193600465e-17,4.5440040747268045e-17
13.96,0.5342049423385514,0.0,0.602566476592632,0.7413507116476733,-0.6711178155432088,-4.109411423278772e-17,4.539463880324678e-17
13.97,0.5338476525632435,0.0,0.6026073113350554,0.7406162452097773,-0.6719282531129132,-4.1143739221570085e-17,4.534966570463425e-17
13.98,0.5334896118736161,0.0,0.6026466098885583,0.7398888236202326,-0.6727291644353383,-4.119278089594052e-17,4.530512397857092e-17
13.99,0.5331308262081828,0.0,0.602684370442862,0.7391684877157311,-0.6735205615035366,-4.124123999026171e-17,4.526101612558299e-17
14.0,0.5327713015150135,0.0,0.6027205912118778,0.7384552778971388,-0.6743024562804584,-4.128911723705307e-17,4.5217344619510015e-17
14.01,0.5324110437516383,0.0,0.6027552704337416,0.7377492341283349,-0.6750748606955048,-4.133641336677977e-17,4.517411190743383e-17
14.02,0.5320500588849514,0.0,0.6027884063708452,0.7370503959350742,-0.6758377866411069,-4.138312910764317e-17,4.5131320409608897e-17
14.03,0.5316883528911144,0.0,0.6028199973098706,0.7363588024038717,-0.676591245969334,-4.142926518537322e-17,4.5088972519393994e-17
14.04,0.5313259317554606,0.0,0.6028500415618208,0.73567449218091,-0.6773352504885304,-4.147482232302247e-17,4.5047070603185294e-17
14.05,0.5309628014723978,0.0,0.6028785374620523,0.7349975034709678,-0.6780698119599815,-4.151980124076195e-17,4.500561700035082e-17
14.06,0.5305989680453124,0.0,0.6029054833703059,0.7343278740363703,-0.6787949420946098,-4.156420265567884e-17,4.4964614023166085e-17
14.07,0.5302344374864713,0.0,0.6029308776707383,0.7336656411959604,-0.6795106525497009,-4.1608027281576024e-17,4.4924063956751174e-17
14.08,0.5298692158169263,0.0,0.6029547187719521,0.7330108418240916,-0.6802169549256594,-4.165127582877341e-17,4.488396905900903e-17
14.09,0.529503309066416,0.0,0.6029770051070266,0.7323635123496417,-0.6809138607627958,-4.1693949003911224e-17,4.484433156056509e-17
14.1,0.5291367232732692,0.0,0.6029977351335469,0.731723688755046,-0.6816013815381455,-4.173604750975519e-17,4.480515366470806e-17
14.11,0.5287694644843075,0.0,0.6030169073336341,0.7310914065753514,-0.6822795286623176,-4.17775720450036e-17,4.4766437547332017e-17
14.12,0.5284015387547472,0.0,0.6030345202139739,0.7304667008972914,-0.6829483134763765,-4.181852330409639e-17,4.4728185356879745e-17
14.13,0.5280329521481024,0.0,0.6030505723058449,0.7298496063583789,-0.6836077472487562,-4.18589019770261e-17,4.4690399214287224e-17
14.14,0.5276637107360872,0.0,0.6030650621651478,0.72924015714602,-0.6842578411722061,-4.189870874915101e-17,4.465308121292931e-17
14.15,0.5272938205985176,0.0,0.6030779883724321,0.7286383869966455,-0.6848986063607713,-4.193794430101008e-17,4.4616233418566616e-17
14.16,0.5269232878232133,0.0,0.6030893495329246,0.728044329194863,-0.685530053846804,-4.197660930814006e-17,4.4579857869293544e-17
14.17,0.5265521185059004,0.0,0.603099144276556,0.7274580165726268,-0.6861521945780105,-4.201470444089462e-17,4.454395657548748e-17
14.18,0.5261803187501127,0.0,0.6031073712579873,0.7268794815084255,-0.686765039414531,-4.2052230364265564e-17,4.450853151975905e-17
14.19,0.525807894667093,0.0,0.6031140291566366,0.7263087559264891,-0.6873685991260553,-4.208918773770619e-17,4.4473584656903555e-17
14.2,0.5254348523756954,0.0,0.6031191166767047,0.7257458712960128,-0.68796288438897,-4.212557721495664e-17,4.4439117913853446e-17
14.21,0.5250611980022866,0.0,0.6031226325472008,0.7251908586303996,-0.6885479057835437,-4.216139944387151e-17,4.4405133189631976e-17
14.22,0.5246869376806468,0.0,0.603124575521967,0.7246437484865192,-0.6891236737911463,-4.2196655066249604e-17,4.4371632355307776e-17
14.23,0.5243120775518715,0.0,0.603124944379704,0.7241045709639843,-0.689690198791504,-4.223134471766585e-17,4.433861725395054e-17
14.24,0.5239366237642722,0.0,0.6031237379239944,0.7235733557044444,-0.690247491059989,-4.226546902730534e-17,4.430608970058785e-17
14.25,0.5235605824732776,0.0,0.6031209549833274,0.7230501318908956,-0.6907955607649476,-4.22990286177997e-17,4.4274051482162843e-17
14.26,0.5231839598413347,0.0,0.6031165944111216,0.7225349282470064,-0.6913344179650637,-4.2332024105065685e-17,4.4242504357492943e-17
14.27,0.5228067620378093,0.0,0.6031106550857489,0.7220277730364613,-0.6918640726067573,-4.2364456098145864e-17,4.4211450057229695e-17
14.28,0.5224289952388868,0.0,0.6031031359105562,0.7215286940623181,-0.6923845345216239,-4.2396325199051835e-17,4.418089028381939e-17
14.29,0.5220506656274727,0.0,0.6030940358138889,0.7210377186663832,-0.6928958134239069,-4.242763200260946e-17,4.41508267114648e-17
14.3,0.521671779393094,0.0,0.6030833537491117,0.7205548737286002,-0.6933979189080113,-4.24583770963066e-17,4.412126098608777e-17
14.31,0.521292342731798,0.0,0.603071088694631,0.7200801856664548,-0.6938908604460531,-4.2488561060143085e-17,4.4092194725292783e-17
14.32,0.5209123618460543,0.0,0.6030572396539156,0.7196136804343951,-0.6943746473854473,-4.2518184466483e-17,4.406362951833141e-17
14.33,0.5205318429446537,0.0,0.6030418056555169,0.7191553835232659,-0.6948492889465343,-4.254724787990938e-17,4.403556692606774e-17
14.34,0.5201507922426094,0.0,0.6030247857530905,0.718705319959757,-0.6953147942202462,-4.2575751857081253e-17,4.4008008480944536e-17
14.35,0.5197692159610561,0.0,0.6030061790254151,0.7182635143058677,-0.6957711721658096,-4.260369694659304e-17,4.39809556869505e-17
14.36,0.5193871203271508,0.0,0.6029859845764121,0.7178299906583835,-0.6962184316084896,-4.2631083688836364e-17,4.395441001958819e-17
14.37,0.5190045115739722,0.0,0.6029642015351651,0.717404772648368,-0.6966565812373723,-4.26579126158643e-17,4.392837292584293e-17
14.38,0.5186213959404204,0.0,0.6029408290559383,0.7169878834406674,-0.6970856296031872,-4.268418425125803e-17,4.390284582415245e-17
14.39,0.5182377796711173,0.0,0.6029158663181953,0.7165793457334295,-0.6975055851161697,-4.270989910999595e-17,4.387783010437745e-17
14.4,0.5178536690163053,0.0,0.6028893125266162,0.7161791817576347,-0.6979164560439629,-4.273505769832518e-17,4.385332712777289e-17
14.41,0.5174690702317474,0.0,0.6028611669111155,0.7157874132766419,-0.6983182505095609,-4.2759660513635665e-17,4.382933822696016e-17
14.42,0.5170839895786266,0.0,0.6028314287268596,0.7154040615857451,-0.6987109764892916,-4.2783708044336624e-17,4.3805864705899936e-17
14.43,0.5166984333234452,0.0,0.6028000972542831,0.7150291475117442,-0.6990946418108412,-4.2807200769735606e-17,4.3782907839865905e-17
14.44,0.5163124077379243,0.0,0.6027671717991046,0.7146626914125278,-0.6994692541513187,-4.2830139159919944e-17,4.376046887541924e-17
14.45,0.5159259190989027,0.0,0.6027326516923438,0.7143047131766685,-0.699834821035362,-4.285252367564084e-17,4.3738549030383765e-17
14.46,0.5155389736882364,0.0,0.6026965362903359,0.7139552322230296,-0.7001913498332866,-4.287435476819995e-17,4.371714949382192e-17
14.47,0.5151515777926977,0.0,0.6026588249747471,0.7136142675003844,-0.700538847759273,-4.289563287933843e-17,4.369627142601144e-17
14.48,0.5147637377038737,0.0,0.6026195171525897,0.713281837487047,-0.7008773218695993,-4.29163584411287e-17,4.3675915958422733e-17
14.49,0.5143754597180661,0.0,0.6025786122562353,0.7129579601905149,-0.701206779060913,-4.293653187586862e-17,4.365608419369701e-17
14.5,0.5139867501361894,0.0,0.6025361097434297,0.7126426531471226,-0.7015272260685468,-4.2956153595978374e-17,4.363677720562506e-17
14.51,0.5135976152636701,0.0,0.6024920090973059,0.7123359334217062,-0.7018386694648754,-4.2975224003899845e-17,4.361799603912673e-17
14.52,0.5132080614103451,0.0,0.6024463098263972,0.7120378176072802,-0.7021411156577155,-4.299374349199864e-17,4.3599741710231134e-17
14.53,0.5128180948903611,0.0,0.6023990114646499,0.7117483218247243,-0.7024345708887688,-4.3011712442468764e-17,4.358201520605744e-17
14.54,0.5124277220220725,0.0,0.6023501135714358,0.7114674617224805,-0.7027190412321063,-4.3029131227239793e-17,4.356481748479639e-17
14.55,0.5120369491279403,0.0,0.602299615731563,0.7111952524762621,-0.7029945325926978,-4.3046000207886854e-17,4.3548149475692407e-17
14.56,0.511645782534431,0.0,0.6022475175552889,0.7109317087887723,-0.7032610507049827,-4.3062319735543076e-17,4.3532012079026415e-17
14.57,0.5112542285719143,0.0,0.6021938186783301,0.710676844889433,-0.7035186011314845,-4.30780901508148e-17,4.3516406166099203e-17
14.58,0.5108622935745621,0.0,0.6021385187618735,0.710430674534124,-0.7037671892614699,-4.309331178369943e-17,4.35013325792155e-17
14.59,0.5104699838802468,0.0,0.6020816174925859,0.7101932110049327,-0.7040068203096495,-4.3107984953505905e-17,4.348679213166858e-17
14.6,0.5100773058304393,0.0,0.6020231145826249,0.7099644671099129,-0.7042374993149239,-4.312210996877789e-17,4.347278560772556e-17
14.61,0.509684265770108,0.0,0.6019630097696472,0.7097444551828536,-0.7044592311391726,-4.313568712721966e-17,4.3459313762613185e-17
14.62,0.509290870047616,0.0,0.6019013028168183,0.709533187083058,-0.7046720204660877,-4.3148716715624625e-17,4.3446377322504356e-17
14.63,0.5088971250146201,0.0,0.6018379935128207,0.7093306741951311,-0.7048758718000502,-4.3161199009806576e-17,4.3433976984505064e-17
14.64,0.508503037025969,0.0,0.6017730816718624,0.7091369274287775,-0.7050707894650527,-4.317313427453371e-17,4.342211341664207e-17
14.65,0.5081086124396007,0.0,0.6017065671336842,0.7089519572186085,-0.7052567776036642,-4.3184522763465206e-17,4.341078725785101e-17
14.66,0.5077138576164409,0.0,0.6016384497635676,0.708775773523957,-0.705433840176041,-4.319536471909071e-17,4.339999911796517e-17
14.67,0.5073187789203015,0.0,0.6015687294523413,0.7086083858287041,-0.7056019809589812,-4.32056603726724e-17,4.338974957770476e-17
14.68,0.5069233827177776,0.0,0.6014974061163881,0.708449803141112,-0.7057612035450233,-4.321540994418982e-17,4.338003918866676e-17
14.69,0.5065276753781467,0.0,0.6014244796976508,0.7083000339936675,-0.7059115113415912,-4.322461364228751e-17,4.3370868473315315e-17
14.7,0.5061316632732653,0.0,0.6013499501636379,0.708159086442934,-0.7060529075701828,-4.323327166422532e-17,4.3362237924972646e-17
14.71,0.5057353527774678,0.0,0.6012738175074291,0.708026968069412,-0.7061853952656029,-4.324138419583145e-17,4.335414800781053e-17
14.72,0.505338750267464,0.0,0.6011960817476804,0.707903685977408,-0.7063089772752427,-4.324895141145833e-17,4.334659915684229e-17
14.73,0.5049418621222368,0.0,0.6011167429286277,0.7077892467949125,-0.706423656258403,-4.325597347394117e-17,4.333959177791528e-17
14.74,0.5045446947229403,0.0,0.601035801120092,0.7076836566734865,-0.7065294346856632,-4.326245053455932e-17,4.333312624770399e-17
14.75,0.504147254452797,0.0,0.6009532564174825,0.7075869212881563,-0.7066263148382946,-4.3268382733000367e-17,4.3327202913703537e-17
14.76,0.5037495476969962,0.0,0.6008691089418,0.7074990458373159,-0.7067142988077201,-4.3273770197327027e-17,4.332182209422377e-17
14.77,0.5033515808425917,0.0,0.6007833588396393,0.7074200350426401,-0.7067933884950183,-4.327861304394679e-17,4.331698407838388e-17
14.78,0.5029533602783991,0.0,0.6006960062831928,0.7073498931490024,-0.7068635856104732,-4.328291137758436e-17,4.3312689126107406e-17
14.79,0.5025548923948936,0.0,0.6006070514702513,0.7072886239244046,-0.7069248916731693,-4.328666529125681e-17,4.330893746811791e-17
14.8,0.5021561835841079,0.0,0.6005164946242062,0.7072362306599118,-0.706977308010632,-4.328987486625164e-17,4.330572930593501e-17
14.81,0.5017572402395297,0.0,0.6004243359940509,0.707192716169598,-0.7070208357585132,-4.329254017210748e-17,4.3303064811871045e-17
14.82,0.5013580687559995,0.0,0.6003305758543814,0.7071580827904972,-0.7070554758603234,-4.3294661266597685e-17,4.330094412902807e-17
14.83,0.5009586755296078,0.0,0.6002352145053965,0.7071323323825651,-0.707081229067208,-4.3296238195716636e-17,4.329936737129553e-17
14.84,0.5005590669575934,0.0,0.6001382522728981,0.7071154663286473,-0.70709809593777,-4.32972709936689e-17,4.3298334623348297e-17
14.85,0.5001592494382404,0.0,0.6000396895082906,0.7071074855344562,-0.7071060768379372,-4.3297759682861115e-17,4.329784594064526e-17
14.86,0.49975922937077627,0.0,0.5999395265885805,0.7071083904285554,-0.7071051719408773,-4.329770427389671e-17,4.3297901349428365e-17
14.87,0.4993590131552691,0.0,0.5998377639163743,0.7071181809623531,-0.707095381226955,-4.32971047655734e-17,4.329850084672223e-17
14.88,0.4989586071925252,0.0,0.5997344019198781,0.7071368566101021,-0.7070767044837384,-4.329596114488346e-17,4.329964440033412e-17
14.89,0.49855801788398746,0.0,0.5996294410528942,0.7071644163689094,-0.7070491413060479,-4.329427338701681e-17,4.330133194885455e-17
14.9,0.49815725163163166,0.0,0.5995228817948194,0.7072008587587527,-0.7070126910960528,-4.329204145536687e-17,4.33035634016583e-17
14.91,0.497756314837865,0.0,0.5994147246506424,0.7072461818225055,-0.7069673530634122,-4.328926530153922e-17,4.330633863890592e-17
14.92,0.4973552139054235,0.0,0.5993049701509396,0.7073003831259699,-0.7069131262254621,-4.328594486536305e-17,4.330965751154578e-17
14.93,0.49695395523726954,0.0,0.5991936188518725,0.7073634597579178,-0.7068500094074475,-4.328208007490535e-17,4.331351984131658e-17
14.94,0.4965525452364894,0.0,0.5990806713351826,0.7074354083301396,-0.7067780012428009,-4.3277670846488006e-17,4.3317925420750314e-17
14.95,0.49615099030619103,0.0,0.5989661282081875,0.7075162249775026,-0.7066971001734647,-4.3272717084707494e-17,4.3322874013175856e-17
14.96,0.4957492968494015,0.0,0.5988499901037757,0.7076059053580152,-0.706607304450261,-4.326721868245757e-17,4.332836535272291e-17
14.97,0.495347471268965,0.0,0.5987322576804017,0.707704444652901,-0.7065086121333051,-4.3261175520954544e-17,4.333439914432652e-17
14.98,0.49494551996744,0.0,0.5986129316220796,0.7078118375666813,-0.7064010210924655,-4.325458746976549e-17,4.334097506373213e-17
14.99,0.49454344934699723,0.0,0.5984920126383776,0.7079280783272643,-0.7062845290078685,-4.324745438683911e-17,4.334809275750105e-17
15.0,0.4941412658093172,0.0,0.5983695014644109,0.7080531606860444,-0.7061591333704482,-4.3239776118539416e-17,4.335575184301654e-17
15.01,0.4937389757554883,0.0,0.598245398860835,0.7081870779180087,-0.7060248314825422,-4.323155249968224e-17,4.336395190849033e-17
15.02,0.4933365855859037,0.0,0.5981197056138388,0.7083298228218525,-0.705881620458532,-4.32227833535744e-17,4.337269251296967e-17
15.03,0.49293410170016005,0.0,0.5979924225351356,0.7084813877201033,-0.7057294972255281,-4.32134684920557e-17,4.338197318634497e-17
15.04,0.4925315304969546,0.0,0.597863550461956,0.7086417644592533,-0.7055684585241011,-4.320360771554362e-17,4.339179342935786e-17
15.05,0.49212887837398295,0.0,0.5977330902570392,0.7088109444099006,-0.705398500909057,-4.31932008130809e-17,4.340215271360986e-17
15.06,0.4917261517278376,0.0,0.5976010428086236,0.7089889184668989,-0.7052196207502575,-4.3182247562385655e-17,4.3413050481571577e-17
15.07,0.49132335695390494,0.0,0.5974674090304369,0.7091756770495171,-0.7050318142334848,-4.317074772990443e-17,4.342448614659241e-17
15.08,0.49092050044626334,0.0,0.5973321898616879,0.7093712101016059,-0.7048350773613522,-4.315870107086785e-17,4.343645909291081e-17
15.09,0.4905175885975814,0.0,0.5971953862670546,0.7095755070917752,-0.7046294059542577,-4.3146107329349135e-17,4.344896867566513e-17
15.1,0.4901146277990153,0.0,0.5970569992366745,0.7097885570135798,-0.7044147956513833,-4.313296623832517e-17,4.3462014220904955e-17
15.11,0.4897116244401077,0.0,0.5969170297861331,0.710010348385715,-0.7041912419117379,-4.311927751974046e-17,4.347559502560315e-17
15.12,0.48930858490868445,0.0,0.596775478956453,0.7102408692522197,-0.703958740015245,-4.310504088457368e-17,4.3489710357668236e-17
15.13,0.48890551559075357,0.0,0.5966323478140813,0.7104801071826918,-0.7037172850638748,-4.3090256032906987e-17,4.35043594559576e-17
15.14,0.48850242287040335,0.0,0.5964876374508776,0.7107280492725105,-0.703466871982819,-4.307492265399801e-17,4.3519541530291116e-17
15.15,0.4880993131296999,0.0,0.5963413489841018,0.7109846821430696,-0.7032074955217118,-4.3059040426354554e-17,4.353525576146543e-17
15.16,0.4876961927485854,0.0,0.5961934835564006,0.711249991942021,-0.7029391502558917,-4.304260901781191e-17,4.3551501301268835e-17
15.17,0.4872930681047769,0.0,0.5960440423357938,0.7115239643435263,-0.7026618305877105,-4.302562808561297e-17,4.3568277272496743e-17
15.18,0.48688994557366394,0.0,0.5958930265156607,0.7118065845485207,-0.7023755307478825,-4.3008097276490886e-17,4.3585582768967787e-17
15.19,0.486486831528207,0.0,0.5957404373147258,0.7120978372849858,-0.7020802447968792,-4.299001622675442e-17,4.360341685554053e-17
15.2,0.486083732338836,0.0,0.5955862759770443,0.7123977068082322,-0.7017759666263672,-4.297138456237602e-17,4.362177856813081e-17
15.21,0.48568065437334845,0.0,0.595430543771986,0.7127061769011946,-0.7014626899606871,-4.295220189908238e-17,4.364066691372976e-17
15.22,0.48527760399680836,0.0,0.5952732419942216,0.7130232308747353,-0.7011404083583787,-4.293246784244783e-17,4.366008087042244e-17
15.23,0.484874587571444,0.0,0.5951143719637045,0.7133488515679596,-0.7008091152137458,-4.2912181987990124e-17,4.3680019387407104e-17
15.24,0.4844716114565471,0.0,0.5949539350256565,0.7136830213485426,-0.7004688037584657,-4.289134392126902e-17,4.370048138501524e-17
15.25,0.4840686820083711,0.0,0.5947919325505497,0.7140257221130653,-0.7001194670632404,-4.28699532179874e-17,4.3721465754732144e-17
15.26,0.4836658055800299,0.0,0.5946283659340903,0.7143769352873645,-0.6997610980394899,-4.284800944409493e-17,4.374297135921834e-17
15.27,0.48326298852139693,0.0,0.5944632365972002,0.7147366418268918,-0.6993936894410883,-4.2825512155894336e-17,4.376499703233156e-17
15.28,0.48286023717900306,0.0,0.5942965459859996,0.7151048222170853,-0.6990172338661408,-4.280246090015031e-17,4.378754157914953e-17
15.29,0.4824575578959364,0.0,0.5941282955717887,0.7154814564737534,-0.6986317237588031,-4.2778855214200805e-17,4.381060377599342e-17
15.3,0.4820549570117408,0.0,0.5939584868510285,0.7158665241434694,-0.6982371514111431,-4.275469462607111e-17,4.383418237045206e-17
15.31,0.48165244086231485,0.0,0.5937871213453221,0.7162600043039794,-0.697833508965042,-4.272997865459023e-17,4.385827608140689e-17
15.32,0.48125001577981075,0.0,0.5936142006013947,0.7166618755646218,-0.6974207884141385,-4.270470680950991e-17,4.3882883599057643e-17
15.33,0.48084768809253375,0.0,0.5934397261910741,0.7170721160667597,-0.6969989816058124,-4.2678878591626155e-17,4.390800358494883e-17
15.34,0.4804454641248413,0.0,0.5932636997112701,0.7174907034842256,-0.6965680802432099,-4.265249349290319e-17,4.393363467199698e-17
15.35,0.4800433501970421,0.0,0.5930861227839535,0.7179176150237795,-0.6961280758873098,-4.262555099659999e-17,4.395977546451867e-17
15.36,0.47964135262529534,0.0,0.5929069970561353,0.7183528274255797,-0.6956789599590283,-4.259805057739918e-17,4.398642453825936e-17
15.37,0.4792394777215107,0.0,0.5927263241998447,0.7187963169636672,-0.695220723741365,-4.256999170153845e-17,4.4013580440423067e-17
15.38,0.4788377317932472,0.0,0.592544105912108,0.7192480594464629,-0.6947533583815895,-4.2541373826944373e-17,4.40412416897028e-17
15.39,0.4784361211436132,0.0,0.5923603439149251,0.7197080302172797,-0.6942768548934662,-4.251219640336874e-17,4.406940677631191e-17
15.4,0.4780346520711658,0.0,0.5921750399552475,0.7201762041548478,-0.6937912041595187,-4.248245887252712e-17,4.409807416201626e-17
15.41,0.4776333308698106,0.0,0.5919881958049544,0.720652555673854,-0.6932963969333339,-4.245216066824001e-17,4.4127242280167255e-17
15.42,0.47723216382870165,0.0,0.5917998132608304,0.721137058725495,-0.6927924238419051,-4.242130121657628e-17,4.4156909535735717e-17
15.43,0.4768311572321412,0.0,0.59160989414454,0.7216296867980478,-0.6922792753880124,-4.238987993599892e-17,4.418707430534682e-17
15.44,0.47643031735947977,0.0,0.5914184403026043,0.7221304129174506,-0.691756941952643,-4.2357896237513283e-17,4.4217734937315616e-17
15.45,0.4760296504850162,0.0,0.5912254536063756,0.722639209647903,-0.6912254137974487,-4.232534952481751e-17,4.4248889751683875e-17
15.46,0.47562916287789797,0.0,0.5910309359520127,0.7231560490924779,-0.6906846810672419,-4.2292239194455416e-17,4.4280537040257464e-17
15.47,0.4752288608020212,0.0,0.5908348892604549,0.7236809028937523,-0.690134733792528,-4.22585646359715e-17,4.4312675066645014e-17
15.48,0.47482875051593104,0.0,0.5906373154773966,0.724213742234451,-0.6895755618920759,-4.2224325232068417e-17,4.434530206629734e-17
15.49,0.4744288382727224,0.0,0.5904382165732602,0.7247545378381073,-0.6890071551755261,-4.218952035876659e-17,4.4378416246547866e-17
15.5,0.47402913031994026,0.0,0.5902375945431698,0.7253032599697402,-0.6884295033460343,-4.215414938556615e-17,4.4412015786654145e-17
15.51,0.47362963289948024,0.0,0.5900354514069241,0.7258598784365484,-0.6878425960029512,-4.211821167561101e-17,4.4446098837840296e-17
15.52,0.4732303522474895,0.0,0.5898317892089685,0.7264243625886194,-0.6872464226445402,-4.208170658585526e-17,4.4480663523340455e-17
15.53,0.47283129459426754,0.0,0.5896266100183676,0.7269966813196571,-0.6866409726707291,-4.204463346723168e-17,4.451570793844332e-17
15.54,0.4724324661641671,0.0,0.5894199159287761,0.7275768030677255,-0.6860262353858985,-4.200699166482246e-17,4.4551230150537715e-17
15.55,0.47203387317549544,0.0,0.589211709058411,0.7281646958160107,-0.6854022000017046,-4.1968780518032074e-17,4.458722819915918e-17
15.56,0.47163552184041524,0.0,0.589001991550022,0.7287603270936006,-0.6847688556399365,-4.192999936076221e-17,4.4623700096037804e-17
15.57,0.4712374183648459,0.0,0.5887907655708617,0.7293636639762814,-0.6841261913354101,-4.1890647521588986e-17,4.4660643825146935e-17
15.58,0.470839568948365,0.0,0.5885780333126565,0.7299746730873526,-0.6834741960388941,-4.1850724323942115e-17,4.46980573427531e-17
15.59,0.4704419797841097,0.0,0.5883637969915749,0.7305933205984627,-0.68281285862007,-4.181022908628615e-17,4.473593857746717e-17
15.6,0.4700446570586783,0.0,0.5881480588481984,0.7312195722304602,-0.6821421678705275,-4.17691611223039e-17,4.47742854302965e-17
15.61,0.4696476069520324,0.0,0.5879308211474894,0.7318533932542652,-0.6814621125067907,-4.1727519741081736e-17,4.4813095774698256e-17
15.62,0.469250835637398,0.0,0.5877120861787597,0.7324947484917611,-0.6807726811733794,-4.1685304247297034e-17,4.485236745663404e-17
15.63,0.468854349281168,0.0,0.5874918562556393,0.7331436023167033,-0.680073862445902,-4.164251394140756e-17,4.4892098294625536e-17
15.64,0.46845815404280405,0.0,0.5872701337160432,0.7337999186556515,-0.6793656448341785,-4.1599148119842717e-17,4.493228607981159e-17
15.65,0.4680622560747388,0.0,0.5870469209221397,0.7344636609889172,-0.6786480167854002,-4.155520607519698e-17,4.497292857600621e-17
15.66,0.46766666152227815,0.0,0.5868222202603166,0.7351347923515354,-0.6779209666873158,-4.151068709642504e-17,4.50140235197581e-17
15.67,0.46727137652350376,0.0,0.5865960341411481,0.7358132753342558,-0.6771844828714512,-4.146559046903892e-17,4.5055568620411325e-17
15.68,0.46687640720917545,0.0,0.5863683649993608,0.7364990720845529,-0.6764385536163596,-4.1419915475307005e-17,4.5097561560167175e-17
15.69,0.46648175970263406,0.0,0.5861392152937999,0.7371921443076603,-0.6756831671509019,-4.1373661394454904e-17,4.5139999994147495e-17
15.7,0.46608744011970427,0.0,0.5859085875073937,0.737892453267624,-0.6749183116575571,-4.132682750286815e-17,4.518288155045918e-17
15.71,0.46569345456859734,0.0,0.5856764841471198,0.7385999597883776,-0.6741439752757619,-4.127941307429671e-17,4.522620383026002e-17
15.72,0.46529980914981434,0.0,0.5854429077439688,0.7393146242548413,-0.6733601461052791,-4.1231417380061204e-17,4.5269964407825976e-17
15.73,0.4649065099560494,0.0,0.5852078608529088,0.7400364066140407,-0.6725668122095961,-4.1182839689261044e-17,4.531416083061971e-17
15.74,0.4645135630720928,0.0,0.5849713460528494,0.7407652663762485,-0.6717639616193515,-4.113367926898421e-17,4.535879061936046e-17
15.75,0.46412097457473483,0.0,0.584733365946605,0.741501162616151,-0.6709515823357871,-4.1083935384518675e-17,4.540385126809551e-17
15.76,0.4637287505326691,0.0,0.584493923160858,0.7422440539740341,-0.6701296623342314,-4.1033607299565656e-17,4.5449340244272806e-17
15.77,0.46333689700639624,0.0,0.5842530203461214,0.7429938986569963,-0.6692981895676076,-4.098269427645445e-17,4.549525498881517e-17
15.78,0.46294542004812816,0.0,0.5840106601767008,0.7437506544401815,-0.6684571519699687,-4.09311955763589e-17,4.5541592916195876e-17
15.79,0.4625543257016918,0.0,0.5837668453506575,0.7445142786680383,-0.66760653746006,-4.0879110459515506e-17,4.5588351414515684e-17
15.8,0.4621636200024332,0.0,0.5835215785897683,0.745284728255603,-0.6667463339449059,-4.082643818544306e-17,4.563552784558146e-17
15.81,0.46177330897712215,0.0,0.5832748626394884,0.7460619596898056,-0.6658765293234227,-4.077317801316391e-17,4.5683119544986105e-17
15.82,0.4613833986438566,0.0,0.5830267002689106,0.7468459290308009,-0.6649971114900575,-4.071932920142672e-17,4.5731123822190085e-17
15.83,0.46099389501196686,0.0,0.5827770942707271,0.7476365919133261,-0.6641080683384495,-4.0664891008930694e-17,4.5779537960604535e-17
15.84,0.460604804081921,0.0,0.5825260474611889,0.7484339035480813,-0.6632093877651171,-4.060986269455132e-17,4.582835921767583e-17
15.85,0.46021613184522925,0.0,0.5822735626800649,0.7492378187231364,-0.6623010576731677,-4.055424351756757e-17,4.587758482497169e-17
15.86,0.4598278842843494,0.0,0.5820196427906024,0.7500482918053634,-0.6613830659760321,-4.0498032737890523e-17,4.592721198826891e-17
15.87,0.45944006737259174,0.0,0.5817642906794849,0.7508652767418952,-0.6604554006012193,-4.044122961629331e-17,4.5977237887642676e-17
15.88,0.4590526870740248,0.0,0.5815075092567913,0.7516887270616106,-0.659518049494095,-4.0383833414642456e-17,4.6027659677557495e-17
15.89,0.45866574934338067,0.0,0.5812493014559537,0.7525185958766444,-0.6585710006216822,-4.0325843396130633e-17,4.6078474486959656e-17
15.9,0.45827926012596054,0.0,0.5809896702337153,0.7533548358839258,-0.6576142419764821,-4.026725882551059e-17,4.6129679419371466e-17
15.91,0.45789322535754096,0.0,0.5807286185700876,0.7541973993667439,-0.6566477615803166,-4.0208078969330454e-17,4.618127155298705e-17
15.92,0.4575076509642795,0.0,0.5804661494683077,0.7550462381963385,-0.6556715474881901,-4.014830309617019e-17,4.62332479407698e-17
15.93,0.457122542862621,0.0,0.5802022659547948,0.7559013038335209,-0.654685587792173,-4.008793047687941e-17,4.6285605610551617e-17
15.94,0.4567379069592042,0.0,0.5799369710791066,0.7567625473303202,-0.6536898706253026,-4.002696038481621e-17,4.63383415651337e-17
15.95,0.456353749150768,0.0,0.5796702679138948,0.7576299193316591,-0.6526843841655043,-3.996539209608731e-17,4.639145278238919e-17
15.96,0.4559700753240579,0.0,0.5794021595548609,0.7585033700770587,-0.6516691166395293,-3.990322488978914e-17,4.644493621536751e-17
15.97,0.45558689135573366,0.0,0.5791326491207117,0.7593828494023688,-0.6506440563269131,-3.984045804825022e-17,4.6498788792400374e-17
15.98,0.4552042031122753,0.0,0.5788617397531135,0.7602683067415298,-0.6496091915639488,-3.977709085727449e-17,4.655300741720963e-17
15.99,0.4548220164498911,0.0,0.5785894346166469,0.7611596911283633,-0.6485645107476776,-3.971312260638563e-17,4.660758896901691e-17
16.0,0.4544403372144245,0.0,0.5783157368987604,0.7620569511983909,-0.6475100023398969,-3.9648552589072494e-17,4.666253030265501e-17
16.01,0.45405917124126177,0.0,0.5780406498097245,0.7629600351906827,-0.6464456548711827,-3.9583380103035424e-17,4.671782824868108e-17
16.02,0.45367852435524014,0.0,0.5777641765825853,0.7638688909497354,-0.6453714569449297,-3.95176044504336e-17,4.6773479613491605e-17
16.03,0.4532984023705548,0.0,0.5774863204731163,0.7647834659273826,-0.6442873972414019,-3.945122493813311e-17,4.6829481179439396e-17
16.04,0.4529188110906679,0.0,0.5772070847597726,0.7657037071847324,-0.6431934645218014,-3.938424087795604e-17,4.6885829704952236e-17
16.05,0.45253975630821586,0.0,0.5769264727436412,0.7666295613941366,-0.6420896476323487,-3.9316651586930384e-17,4.694252192465344e-17
16.06,0.45216124380491934,0.0,0.5766444877483949,0.7675609748411902,-0.6409759355083792,-3.924845638754084e-17,4.6999554549484285e-17
16.07,0.4517832793514898,0.0,0.5763611331202421,0.7684978934267643,-0.6398523171784452,-3.9179654607979995e-17,4.705692426682853e-17
16.08,0.45140586870754024,0.0,0.5760764122278788,0.7694402626690655,-0.6387187817684395,-3.9110245582400816e-17,4.711462774063849e-17
16.09,0.45102901762149267,0.0,0.575790328462439,0.770388027705731,-0.6375753185057228,-3.9040228651169383e-17,4.7172661611563296e-17
16.1,0.4506527318304885,0.0,0.5755028852374457,0.7713411332959528,-0.6364219167232656,-3.896960316111853e-17,4.7231022497079027e-17
16.11,0.45027701706029727,0.0,0.5752140859887599,0.7722995238226342,-0.6352585658638005,-3.8898368465802066e-17,4.72897069916207e-17
16.12,0.44990187902522616,0.0,0.5749239341745311,0.7732631432945798,-0.6340852554839815,-3.882652392574949e-17,4.7348711666716413e-17
16.13,0.44952732342803015,0.0,0.5746324332751468,0.7742319353487145,-0.6329019752585577,-3.87540689087215e-17,4.7408033071123185e-17
16.14,0.4491533559598214,0.0,0.5743395867931802,0.7752058432523392,-0.6317087149845486,-3.8681002789965756e-17,4.7467667730965104e-17
16.15,0.44877998229998045,0.0,0.5740453982533403,0.7761848099054138,-0.6305054645854361,-3.860732495247346e-17,4.7527612149873095e-17
16.16,0.44840720811606505,0.0,0.5737498712024195,0.7771687778428787,-0.6292922141153553,-3.853303478723604e-17,4.758786280912709e-17
16.17,0.4480350390637219,0.0,0.573453009209241,0.7781576892370058,-0.6280689537632979,-3.8458131693502486e-17,4.7648416167799994e-17
16.18,0.4476634807865974,0.0,0.5731548158646075,0.7791514858997813,-0.626835673857322,-3.838261507903718e-17,4.770926866290357e-17
16.19,0.4472925389162475,0.0,0.5728552947812471,0.7801501092853275,-0.625592364868763,-3.8306484360377685e-17,4.7770416709536705e-17
16.2,0.4469222190720501,0.0,0.5725544495937612,0.7811535004923523,-0.624339017416455,-3.822973896309326e-17,4.7831856701035485e-17
16.21,0.4465525268611154,0.0,0.57225228395857,0.782161600266636,-0.6230756222709528,-3.815237832204338e-17,4.7893585009125366e-17
16.22,0.4461834678781986,0.0,0.57194880155386,0.7831743490035484,-0.621802170358763,-3.8074401881636814e-17,4.7955597984075384e-17
16.23,0.4458150477056103,0.0,0.5716440060795279,0.7841916867506067,-0.6205186527665695,-3.799580909609036e-17,4.801789195485472e-17
16.24,0.4454472719131296,0.0,0.5713379012571278,0.7852135532100583,-0.6192250607454732,-3.791659942968846e-17,4.808046322929089e-17
16.25,0.4450801460579157,0.0,0.5710304908298152,0.7862398877415068,-0.617921385715224,-3.7836772357042304e-17,4.814330809423053e-17
16.26,0.44471367568442033,0.0,0.570721778562292,0.7872706293645665,-0.6166076192684611,-3.775632736334954e-17,4.820642281570193e-17
16.27,0.4443478663243008,0.0,0.5704117682407515,0.7883057167615539,-0.6152837531749499,-3.767526394465362e-17,4.826980363907985e-17
16.28,0.44398272349633205,0.0,0.5701004636728209,0.7893450882802153,-0.6139497793858216,-3.7593581608103507e-17,4.833344678925253e-17
16.29,0.44361825270632066,0.0,0.5697878686875066,0.7903886819364857,-0.612605690037813,-3.7511279872213164e-17,4.839734847079063e-17
16.3,0.44325445944701697,0.0,0.5694739871351369,0.7914364354172876,-0.6112514774575007,-3.742835826712094e-17,4.8461504868118606e-17
16.31,0.4428913491980297,0.0,0.5691588228873049,0.7924882860833588,-0.6098871341655442,-3.73448163348493e-17,4.852591214568786e-17
16.32,0.4425289274257387,0.0,0.568842379836811,0.7935441709721227,-0.6085126528809129,-3.7260653629563724e-17,4.8590566448152505e-17
16.33,0.44216719958320955,0.0,0.5685246618976059,0.7946040268005887,-0.607128026525122,-3.7175869717832e-17,4.865546390054693e-17
16.34,0.44180617111010695,0.0,0.5682056730047316,0.7956677899682902,-0.6057332482264588,-3.7090464178883095e-17,4.8720600608465755e-17
16.35,0.4414458474326101,0.0,0.5678854171142641,0.7967353965602569,-0.604328311324209,-3.700443660486589e-17,4.878597265824579e-17
16.36,0.4410862339633266,0.0,0.5675638982032541,0.797806782350026,-0.6029132093728733,-3.6917786601107366e-17,4.885157611715042e-17
16.37,0.44072733610120673,0.0,0.5672411202696677,0.798881882802686,-0.6014879361463831,-3.683051378637078e-17,4.891740703355602e-17
16.38,0.44036915923146003,0.0,0.5669170873323276,0.7999606330779565,-0.6000524856423104,-3.6742617793113426e-17,4.898346143714049e-17
16.39,0.4400117087254689,0.0,0.5665918034308529,0.8010429680333082,-0.5986068520860652,-3.6654098267743644e-17,4.904973533907432e-17
16.4,0.4396549899407055,0.0,0.5662652726255996,0.8021288222271122,-0.597151029935096,-3.6564954870878025e-17,4.911622473221347e-17
16.41,0.4392990082206462,0.0,0.5659374989975995,0.8032181299218323,-0.595685013883071,-3.647518727759748e-17,4.9182925591294737e-17
16.42,0.43894376889468867,0.0,0.5656084866485003,0.8043108250872484,-0.5942087988640607,-3.638479517770327e-17,4.924983387313327e-17
16.43,0.43858927727806735,0.0,0.5652782397005036,0.8054068414037187,-0.5927223800567052,-3.629377827597225e-17,4.93169455168222e-17
16.44,0.4382355386717702,0.0,0.5649467622963045,0.8065061122654784,-0.591225752888373,-3.62021362924115e-17,4.9384256443934704e-17
16.45,0.43788255836245515,0.0,0.5646140585990289,0.8076085707839731,-0.5897189130393126,-3.610986896251252e-17,4.945176255872806e-17
16.46,0.4375303416223671,0.0,0.5642801327921724,0.8087141497912311,-0.5882018564467866,-3.601697603750441e-17,4.9519459748350216e-17
16.47,0.4371788937092555,0.0,0.5639449890795374,0.8098227818432677,-0.5866745793092039,-3.5923457284606824e-17,4.958734388304816e-17
16.48,0.43682821986629083,0.0,0.5636086316851698,0.8109343992235322,-0.5851370780902275,-3.58293124872816e-17,4.9655410816379027e-17
16.49,0.43647832532198305,0.0,0.5632710648532979,0.8120489339463861,-0.5835893495228798,-3.5734541445484033e-17,4.972365638542311e-17
16.5,0.4361292152900988,0.0,0.5629322928482665,0.813166317760621,-0.5820313906136273,-3.563914397591307e-17,4.97920764109992e-17
16.51,0.4357808949695804,0.0,0.5625923199544752,0.8142864821530094,-0.5804631986464575,-3.554311991226092e-17,4.986066669788206e-17
16.52,0.4354333695444634,0.0,0.5622511504763138,0.8154093583518977,-0.578884771186932,-3.5446469105461213e-17,4.992942303502243e-17
16.53,0.4350866441837953,0.0,0.5619087887380972,0.8165348773308301,-0.5772961060862323,-3.534919142393676e-17,4.999834119576889e-17
16.54,0.43474072404155506,0.0,0.5615652390840022,0.8176629698122105,-0.575697201485187,-3.525128675384616e-17,5.0067416938092124e-17
16.55,0.4343956142565712,0.0,0.5612205058780009,0.8187935662710053,-0.5740880558182767,-3.515275499932898e-17,5.0136646004811646e-17
16.56,0.43405131995244217,0.0,0.5608745935037971,0.8199265969384738,-0.5724686678176314,-3.505359608275058e-17,5.02060241238242e-17
16.57,0.4337078462374551,0.0,0.5605275063647591,0.821061991805944,-0.5708390365169993,-3.495380994494511e-17,5.027554700833498e-17
16.58,0.4333651982045066,0.0,0.5601792488838552,0.8221996806286177,-0.5691991612557058,-3.485339654545791e-17,5.0345210357090634e-17
16.59,0.43302338093102166,0.0,0.5598298255035857,0.8233395929294189,-0.5675490416825834,-3.4752355862786175e-17,5.041500985461488e-17
16.6,0.4326823994788753,0.0,0.5594792406859188,0.824481658002869,-0.5658886777598932,-3.465068789461906e-17,5.048494117144581e-17
16.61,0.4323422588943125,0.0,0.5591274989122212,0.8256258049190074,-0.5642180697672142,-3.4548392658075845e-17,5.0554999964375975e-17
16.62,0.432002964207869,0.0,0.5587746046831924,0.8267719625273449,-0.5625372183053159,-3.444547018994305e-17,5.062518187669442e-17
16.63,0.431664520434293,0.0,0.5584205625187971,0.8279200594608481,-0.5608461243000131,-3.4341920546910486e-17,5.06954825384307e-17
16.64,0.4313269325724659,0.0,0.5580653769581966,0.8290700241399686,-0.559144789005989,-3.423774380580533e-17,5.076589756660157e-17
16.65,0.43099020560532486,0.0,0.5577090525596815,0.830221784776701,-0.5574332140106015,-3.413294006382523e-17,5.083642256545949e-17
16.66,0.4306543444997836,0.0,0.557351593900603,0.8313752693786803,-0.5557114012376628,-3.4027509438769716e-17,5.090705312674347e-17
16.67,0.43031935420665596,0.0,0.5569930055773038,0.8325304057533113,-0.5539793529511969,-3.3921452069270256e-17,5.0977784829931995e-17
16.68,0.4299852396605772,0.0,0.55663329220505,0.8336871215119386,-0.5522370717591658,-3.381476811501848e-17,5.104861324249831e-17
16.69,0.4296520057799272,0.0,0.5562724584179601,0.834845344074048,-0.5504845606171752,-3.370745775699304e-17,5.111953392016768e-17
16.7,0.4293196574667539,0.0,0.5559105088689374,0.8360050006715019,-0.5487218228321543,-3.359952119768494e-17,5.119054240717678e-17
16.71,0.42898819960669554,0.0,0.5555474482295983,0.8371660183528162,-0.5469488620659999,-3.34909586613207e-17,5.1261634236535536e-17
16.72,0.42865763706890564,0.0,0.5551832811902031,0.8383283239874636,-0.5451656823392043,-3.3381770394084465e-17,5.133280493029063e-17
16.73,0.4283279747059753,0.0,0.5548180124595846,0.8394918442702192,-0.5433722880344435,-3.327195666433774e-17,5.140404999979161e-17
16.74,0.4279992173538586,0.0,0.5544516467650782,0.8406565057255336,-0.5415686839001456,-3.31615177628379e-17,5.147536494595867e-17
16.75,0.42767136983179604,0.0,0.5540841888524497,0.8418222347119492,-0.5397548750540193,-3.3050454002954216e-17,5.154674525955302e-17
16.76,0.42734443694223995,0.0,0.5537156434858247,0.842988957426539,-0.5379308669865643,-3.293876572088283e-17,5.161818642144877e-17
16.77,0.42701842347077884,0.0,0.5533460154476165,0.8441565999093911,-0.5360966655645382,-3.2826453275859035e-17,5.168968390290743e-17
16.78,0.42669333418606264,0.0,0.5529753095384536,0.8453250880481208,-0.5342522770343958,-3.271351705036789e-17,5.176123316585428e-17
16.79,0.42636917383972905,0.0,0.5526035305771084,0.846494347582414,-0.5323977080257045,-3.259995745035331e-17,5.183282966315652e-17
16.8,0.4260459471663278,0.0,0.5522306834004233,0.8476643041086115,-0.5305329655545106,-3.248577490542422e-17,5.190446883890398e-17
16.81,0.4257236588832483,0.0,0.5518567728632385,0.8488348830843195,-0.5286580570266848,-3.237096986905942e-17,5.1976146128691484e-17
16.82,0.4254023136906445,0.0,0.5514818038383189,0.850006009833057,-0.5267729902412281,-3.225554281881e-17,5.204785695990334e-17
16.83,0.4250819162713631,0.0,0.5511057812162802,0.8511776095489316,-0.5248777733935458,-3.213949425649978e-17,5.211959675199974e-17
16.84,0.4247624712908688,0.0,0.5507287099055149,0.8523496073013558,-0.5229724150786775,-3.202282470842317e-17,5.219136091680544e-17
16.85,0.42444398339717265,0.0,0.5503505948321187,0.8535219280397851,-0.5210569242945035,-3.190553472554142e-17,5.2263144858800016e-17
16.86,0.4241264572207595,0.0,0.5499714409398162,0.8546944965984944,-0.5191313104449069,-3.1787624883676306e-17,5.2334943975410226e-17
16.87,0.4238098973745148,0.0,0.5495912531898852,0.8558672377013877,-0.517195583342894,-3.166909578370116e-17,5.240675365730457e-17
16.88,0.4234943084536539,0.0,0.5492100365610832,0.8570400759668316,-0.515249753213689,-3.1549948051730395e-17,5.247856928868924e-17
16.89,0.42317969503564934,0.0,0.5488277960495711,0.8582129359125278,-0.5132938306977782,-3.1430182339305876e-17,5.255038624760649e-17
16.9,0.4228660616801606,0.0,0.5484445366688379,0.8593857419604097,-0.5113278268539235,-3.1309799323581476e-17,5.262219990623445e-17
16.91,0.42255341292896165,0.0,0.5480602634496249,0.8605584184415769,-0.5093517531621266,-3.118879970750455e-17,5.2694005631189285e-17
16.92,0.42224175330587166,0.0,0.5476749814398502,0.8617308896012496,-0.5073656215265664,-3.1067184219995846e-17,5.276579878382857e-17
16.93,0.42193108731668355,0.0,0.5472886957045313,0.8629030796037631,-0.5053694442784821,-3.094495361612599e-17,5.283757472055711e-17
16.94,0.4216214194490939,0.0,0.5469014113257094,0.8640749125375871,-0.5033632341790184,-3.0822108677289726e-17,5.290932879313426e-17
16.95,0.4213127541726338,0.0,0.5465131334023718,0.8652463124203702,-0.5013470044220382,-3.0698650211378146e-17,5.298105634898286e-17
16.96,0.42100509593859825,0.0,0.5461238670503751,0.8664172032040219,-0.49932076863687597,-3.057457905294731e-17,5.305275273150037e-17
16.97,0.4206984491799778,0.0,0.5457336174023676,0.8675875087798156,-0.4972845408910611,-3.044989606338495e-17,5.312441328037137e-17
16.98,0.42039281831138886,0.0,0.5453423896077114,0.8687571529835233,-0.4952383356929904,-3.0324602131074156e-17,5.3196033331881965e-17
16.99,0.4200882077290057,0.0,0.544950188832405,0.8699260596005746,-0.49318216799456327,-3.019869817155471e-17,5.326760821923566e-17
17.0,0.41978462181049125,0.0,0.5445570202590041,0.8710941523712497,-0.491116053193758,-3.007218512768085e-17,5.333913327287138e-17
17.01,0.4194820649149301,0.0,0.5441628890865438,0.8722613549958903,-0.48904000713718043,-2.994506396977734e-17,5.341060382078251e-17
17.02,0.41918054138275995,0.0,0.5437678005304595,0.8734275911401439,-0.48695404612255316,-2.981733569579187e-17,5.348201518883802e-17
17.03,0.4188800555357042,0.0,0.5433717598225077,0.8745927844402319,-0.4848581869011619,-2.968900133144485e-17,5.355336270110505e-17
17.04,0.4185806116767054,0.0,0.5429747722106871,0.8757568585082417,-0.4827524466802582,-2.9560061930376576e-17,5.362464168017299e-17
17.05,0.4182822140898576,0.0,0.5425768429591582,0.8769197369374474,-0.480636843125408,-2.9430518574290974e-17,5.36958474474792e-17
17.06,0.4179848670403407,0.0,0.5421779773481643,0.8780813433076513,-0.47851139436279944,-2.930037237309696e-17,5.376697532363617e-17
17.07,0.4176885747743535,0.0,0.5417781806739507,0.8792416011905547,-0.476376118981493,-2.9169624465046205e-17,5.3838020628760323e-17
17.08,0.4173933415190484,0.0,0.5413774582486847,0.8804004341551465,-0.4742310360356328,-2.903827601686854e-17,5.390897868280201e-17
17.09,0.417099171482465,0.0,0.5409758154003744,0.8815577657731225,-0.47207616504659555,-2.890632822390354e-17,5.397984480587733e-17
17.1,0.41680606885346605,0.0,0.5405732574727891,0.8827135196243195,-0.4699115260051046,-2.877378231022998e-17,5.405061431860086e-17
17.11,0.4165140378016715,0.0,0.5401697898253763,0.8838676193021792,-0.46773713937327893,-2.864063952879127e-17,5.412128254242025e-17
17.12,0.416223082477394,0.0,0.5397654178331815,0.8850199884192315,-0.4655530260866353,-2.8506901161518104e-17,5.419184479995197e-17
17.13,0.4159332070115753,0.0,0.5393601468867667,0.8861705506125958,-0.46335920755604815,-2.837256851944842e-17,5.4262296415318146e-17
17.14,0.41564441551572107,0.0,0.5389539823921269,0.8873192295495107,-0.461155705669639,-2.8237642942843114e-17,5.433263271448519e-17
17.15,0.41535671208183833,0.0,0.53854692977061,0.8884659489328771,-0.45894254279463165,-2.810212580129964e-17,5.440284902560319e-17
17.16,0.4150701007823715,0.0,0.538138994458833,0.8896106325068261,-0.4567197417791405,-2.79660184938615e-17,5.447294067934685e-17
17.17,0.4147845856701395,0.0,0.5377301819085996,0.8907532040623043,-0.45448732595391356,-2.7829322449125004e-17,5.4542903009257504e-17
17.18,0.4145001707782731,0.0,0.5373204975868174,0.8918935874426783,-0.4522453191340176,-2.7692039125342397e-17,5.46127313520863e-17
17.19,0.4142168601201524,0.0,0.5369099469754148,0.8930317065493596,-0.44999374562046807,-2.7554170010521725e-17,5.4682421048138584e-17
17.2,0.41393465768934495,0.0,0.5364985355712576,0.8941674853474435,-0.4477326302018085,-2.7415716622523515e-17,5.4751967441619226e-17
17.21,0.4136535674595436,0.0,0.5360862688860645,0.8953008478713708,-0.4454619981556279,-2.7276680509153696e-17,5.4821365880979284e-17
17.22,0.4133735933845058,0.0,0.5356731524463249,0.8964317182306004,-0.4431818752500304,-2.7137063248253567e-17,5.489061171926334e-17
17.23,0.41309473939799174,0.0,0.5352591917932129,0.8975600206153042,-0.44089228774503963,-2.699686644778583e-17,5.495970031445823e-17
17.24,0.41281700941370425,0.0,0.5348443924825044,0.8986856793020719,-0.4385932623939561,-2.6856091745917675e-17,5.5028627029842356e-17
17.25,0.4125404073252277,0.0,0.5344287600844913,0.8998086186596377,-0.4362848264446457,-2.6714740811099696e-17,5.509738723433633e-17
17.26,0.4122649370059686,0.0,0.5340123001838974,0.9009287631546135,-0.43396700764078655,-2.657281534214221e-17,5.5165976302854065e-17
17.27,0.4119906023090956,0.0,0.5335950183797937,0.9020460373572426,-0.4316398342230429,-2.6430317068287183e-17,5.523438961665505e-17
17.28,0.4117174070674795,0.0,0.5331769202855112,0.9031603659471672,-0.42930333493018547,-2.6287247749276786e-17,5.5302622563697525e-17
17.29,0.4114453550936351,0.0,0.532758011528558,0.9042716737192001,-0.426957539000164,-2.61436091754191e-17,5.537067053899191e-17
17.3,0.41117445017966164,0.0,0.5323382977505309,0.9053798855891214,-0.42460247617109975,-2.599940316764888e-17,5.543852894495572e-17
17.31,0.4109046960971848,0.0,0.5319177846070314,0.9064849265994753,-0.4222381766822416,-2.5854631577586088e-17,5.550619319176854e-17
17.32,0.4106360965972984,0.0,0.5314964777675784,0.9075867219253855,-0.4198646712748442,-2.570929628758968e-17,5.557365869772811e-17
17.33,0.410368655410507,0.0,0.5310743829155219,0.9086851968803767,-0.41748199119299856,-2.5563399210808458e-17,5.56409208896068e-17
17.34,0.41010237624666784,0.0,0.5306515057479563,0.9097802769222093,-0.41509016818439365,-2.541694229122771e-17,5.570797520300881e-17
17.35,0.40983726279493443,0.0,0.5302278519756337,0.910871887658719,-0.41268923450102496,-2.5269927503712582e-17,5.577481708272788e-17
17.36,0.40957331872369934,0.0,0.5298034273228768,0.9119599548536688,-0.4102792228998373,-2.5122356854047463e-17,5.584144198310551e-17
17.37,0.40931054768053793,0.0,0.5293782375274907,0.9130444044326077,-0.4078601666433052,-2.497423237897149e-17,5.590784536838972e-17
17.38,0.4090489532921526,0.0,0.5289522883406764,0.9141251624887343,-0.4054320994999595,-2.482555614621083e-17,5.597402271309414e-17
17.39,0.40878853916431634,0.0,0.5285255855269424,0.9152021552887711,-0.4029950557448416,-2.4676330254506474e-17,5.603996950235762e-17
17.4,0.4085293088818185,0.0,0.5280981348640168,0.9162753092788399,-0.4005490701599072,-2.452655683363895e-17,5.610568123230413e-17
17.41,0.4082712660084081,0.0,0.5276699421427585,0.9173445510903482,-0.3980941780343536,-2.4376238044448384e-17,5.617115341040302e-17
17.42,0.4080144140867411,0.0,0.5272410131670704,0.9184098075458724,-0.39563041516490316,-2.4225376078851855e-17,5.623638155582947e-17
17.43,0.4077587566383247,0.0,0.5268113537538088,0.9194710056650528,-0.393157817856006,-2.4073973159855793e-17,5.630136119982524e-17
17.44,0.40750429716346354,0.0,0.5263809697326951,0.9205280726704883,-0.3906764229199865,-2.3922031541564957e-17,5.636608788605978e-17
17.45,0.4072510391412066,0.0,0.5259498669462278,0.9215809359936299,-0.3881862676771359,-2.3769553509188104e-17,5.643055717099104e-17
17.46,0.40699898602929313,0.0,0.5255180512495914,0.9226295232806845,-0.3856873899557217,-2.361654137903858e-17,5.649476462422693e-17
17.47,0.40674814126410064,0.0,0.5250855285105682,0.9236737623985105,-0.3831798280919546,-2.3462997498532262e-17,5.655870582888644e-17
17.48,0.4064985082605913,0.0,0.5246523046094483,0.9247135814405218,-0.38066362092987477,-2.3308924246180628e-17,5.662237638196102e-17
17.49,0.4062500904122607,0.0,0.5242183854389396,0.925748908732585,-0.3781388078211862,-2.315432403158059e-17,5.668577189467577e-17
17.5,0.4060028910910849,0.0,0.5237837769040771,0.9267796728389208,-0.37560542862501733,-2.2999199295399855e-17,5.674888799285077e-17
17.51,0.4057569136474698,0.0,0.5233484849221336,0.9278058025679996,-0.37306352370762574,-2.284355250935883e-17,5.68117203172621e-17
17.52,0.4055121614101996,0.0,0.5229125154225286,0.9288272269784371,-0.3705131339420329,-2.2687386176208257e-17,5.687426452400276e-17
17.53,0.40526863768638566,0.0,0.5224758743467374,0.9298438753848871,-0.367954300707594,-2.2530702829702883e-17,5.693651628484362e-17
17.54,0.4050263457614167,0.0,0.5220385676482007,0.930855677363927,-0.3653870658895091,-2.237350503457152e-17,5.699847128759373e-17
17.55,0.4047852888989079,0.0,0.521600601292233,0.9318625627599437,-0.3628114718782606,-2.2215795386482592e-17,5.706012523646073e-17
17.56,0.40454547034065186,0.0,0.5211619812559315,0.9328644616910087,-0.36022756156899577,-2.205757651200634e-17,5.712147385241062e-17
17.57,0.40430689330656855,0.0,0.5207227135280845,0.9338613045547531,-0.35763537836083087,-2.1898851068572206e-17,5.71825128735275e-17
17.58,0.404069560994657,0.0,0.52028280410908,0.9348530220342287,-0.3550349661561097,-2.173962174442343e-17,5.724323805537242e-17
17.59,0.4038334765809457,0.0,0.5198422590108133,0.9358395451037697,-0.3524263693595719,-2.1579891258566128e-17,5.730364517134233e-17
17.6,0.40359864321944494,0.0,0.519401084256595,0.9368208050348384,-0.3498096328774798,-2.1419662360715817e-17,5.736373001302808e-17
17.61,0.40336506404209893,0.0,0.5189592858810598,0.937796733401866,-0.34718480211666747,-2.1258937831239202e-17,5.742348839057195e-17
17.62,0.40313274215873734,0.0,0.5185168699300717,0.9387672620880849,-0.3445519229835192,-2.109772048109161e-17,5.748291613302489e-17
17.63,0.4029016806570292,0.0,0.5180738424606344,0.9397323232913455,-0.3419110418829,-2.0936013151751507e-17,5.75420090887026e-17
17.64,0.40267188260243497,0.0,0.5176302095407954,0.9406918495299267,-0.33926220571700255,-2.0773818715149903e-17,5.760076312554142e-17
17.65,0.40244335103816076,0.0,0.5171859772495555,0.9416457736483309,-0.33660546188414164,-2.0611140073596524e-17,5.765917413145307e-17
17.66,0.40221608898511174,0.0,0.5167411516767741,0.9425940288230689,-0.3339408582774735,-2.044798015970139e-17,5.771723801467897e-17
17.67,0.4019900994418466,0.0,0.5162957389230767,0.9435365485684281,-0.3312684432836583,-2.028434193629293e-17,5.777495070414333e-17
17.68,0.4017653853845322,0.0,0.5158497450997606,0.9444732667422294,-0.32858826578145095,-2.0120228396331685e-17,5.783230814980578e-17
17.69,0.40154194976689794,0.0,0.5154031763287014,0.9454041175515681,-0.32590037514022746,-1.995564256282006e-17,5.788930632301279e-17
17.7,0.4013197955201917,0.0,0.51495603874226,0.9463290355585363,-0.3232048212184504,-1.9790587488708392e-17,5.794594121684816e-17
17.71,0.40109892555313537,0.0,0.514508338483187,0.9472479556859341,-0.3205016543620619,-1.9625066256796522e-17,5.800220884648266e-17
17.72,0.40087934275188053,0.0,0.5140600817045298,0.9481608132229572,-0.3177909254028197,-1.9459081979631924e-17,5.80581052495223e-17
17.73,0.4006610499799653,0.0,0.513611274569537,0.9490675438308722,-0.31507268565655666,-1.9292637799403113e-17,5.81136264863559e-17
17.74,0.4004440500782711,0.0,0.5131619232515657,0.949968083548667,-0.3123469869213929,-1.91257368878302e-17,5.816876864050102e-17
17.75,0.4002283458649794,0.0,0.512712033933984,0.9508623687986882,-0.3096138814758592,-1.895838244604995e-17,5.822352781894918e-17
17.76,0.40001394013552954,0.0,0.5122616128100784,0.9517503363922518,-0.30687342207697865,-1.8790577704498332e-17,5.82779001525094e-17
17.77,0.39980083566257696,0.0,0.5118106660829587,0.9526319235352356,-0.3041256619582719,-1.8622325922788383e-17,5.833188179615063e-17
17.78,0.39958903519595057,0.0,0.5113591999654601,0.9535070678336518,-0.30137065482769165,-1.845363038958372e-17,5.838546892934299e-17
17.79,0.3993785414626122,0.0,0.5109072206800516,0.9543757072991915,-0.2986084548655109,-1.8284494422469242e-17,5.843865775639731e-17
17.8,0.3991693571666154,0.0,0.5104547344587375,0.9552377803547506,-0.29583911672212854,-1.8114921367816747e-17,5.849144450680339e-17
17.81,0.3989614849890646,0.0,0.5100017475429629,0.956093225839928,-0.2930626955158238,-1.794491460064745e-17,5.854382543556676e-17
17.82,0.3987549275880752,0.0,0.509548266183518,0.9569419830165015,-0.29027924683043704,-1.777447752448996e-17,5.859579682354397e-17
17.83,0.3985496875987334,0.0,0.5090942966404416,0.9577839915738752,-0.28748882671299586,-1.7603613571234922e-17,5.864735497777608e-17
17.84,0.39834576763305696,0.0,0.5086398451829248,0.9586191916345032,-0.2846914916712682,-1.74323262009852e-17,5.869849623182087e-17
17.85,0.39814317027995616,0.0,0.5081849180892153,0.9594475237592826,-0.2818872986712616,-1.7260618901902725e-17,5.874921694608297e-17
17.86,0.3979418981051946,0.0,0.5077295216465205,0.9602689289529212,-0.27907630513465254,-1.7088495190051113e-17,5.87995135081426e-17
17.87,0.3977419536513515,0.0,0.5072736621509106,0.9610833486692758,-0.27625856893615325,-1.6915958609234424e-17,5.884938233308242e-17
17.88,0.3975433394377832,0.0,0.506817345907223,0.9618907248166586,-0.27343414840082264,-1.674301273083249e-17,5.889881986381243e-17
17.89,0.39734605796058575,0.0,0.5063605792289632,0.9626909997631177,-0.27060310230130197,-1.656966115363166e-17,5.894782257139337e-17
17.9,0.397150111692558,0.0,0.5059033684382106,0.9634841163416799,-0.2677654898550079,-1.6395907503652928e-17,5.899638695535772e-17
17.91,0.3969555030831641,0.0,0.5054457198655183,0.9642700178555693,-0.2649213707212387,-1.6221755433974718e-17,5.904450954402921e-17
17.92,0.3967622345584976,0.0,0.5049876398498183,0.965048648083387,-0.262070804998243,-1.6047208624553423e-17,5.909218689484001e-17
17.93,0.3965703085212456,0.0,0.5045291347383226,0.9658199512842595,-0.2592138532202142,-1.5872270782039358e-17,5.913941559464604e-17
17.94,0.39637972735065197,0.0,0.5040702108864257,0.9665838722029554,-0.2563505763542199,-1.5696945639588728e-17,5.918619226004019e-17
17.95,0.3961904934024835,0.0,0.5036108746576072,0.9673403560749628,-0.2534810357970872,-1.5521236956672923e-17,5.92325135376632e-17
17.96,0.39600260900899364,0.0,0.5031511324233336,0.9680893486315344,-0.25060529337221,-1.5345148518883018e-17,5.927837610451273e-17
17.97,0.39581607647888906,0.0,0.5026909905629608,0.9688307961046944,-0.24772341132630996,-1.5168684137731435e-17,5.932377666824979e-17
17.98,0.3956308980972948,0.0,0.502230455463635,0.9695646452322098,-0.24483545232612686,-1.4991847650449282e-17,5.936871196750324e-17
17.99,0.3954470761257206,0.0,0.5017695335201953,0.9702908432625222,-0.24194147945506042,-1.4814642919780744e-17,5.941317877217171e-17
18.0,0.39526461280202796,0.0,0.5013082311350746,0.9710093379596431,-0.239041556209743,-1.4637073833773194e-17,5.945717388372337e-17
18.01,0.39508351034039646,0.0,0.5008465547182019,0.9717200776080068,-0.23613574649656335,-1.4459144305564357e-17,5.950069413549316e-17
18.02,0.39490377093129203,0.0,0.5003845106869028,0.972423011017287,-0.23322411462812606,-1.4280858273165498e-17,5.95437363929776e-17
18.03,0.3947253967414337,0.0,0.4999221054658008,0.9731180875271704,-0.23030672531965335,-1.4102219699241108e-17,5.958629755412716e-17
18.04,0.3945483899137627,0.0,0.49945934548671905,0.9738052570120884,-0.2273836436853371,-1.3923232570885516e-17,5.962837454963598e-17
18.05,0.3943727525674102,0.0,0.49899623718858005,0.9744844698859098,-0.22445493523462015,-1.3743900899395201e-17,5.966996434322923e-17
18.06,0.3941984867976672,0.0,0.4985327870173085,0.9751556771065848,-0.22152066586844243,-1.3564228720038918e-17,5.971106393194745e-17
18.07,0.394025594675953,0.0,0.4980690014257295,0.9758188301807538,-0.21858090187540458,-1.3384220091822796e-17,5.975167034642874e-17
18.08,0.3938540782497852,0.0,0.4976048868734714,0.9764738811683031,-0.21563570992790268,-1.3203879097253657e-17,5.979178065118777e-17
18.09,0.39368393954274994,0.0,0.49714044982686467,0.977120782686883,-0.2126851570781876,-1.3023209842097725e-17,5.983139194489238e-17
18.1,0.3935151805544727,0.0,0.49667569675884343,0.9777594879163747,-0.20972931075438353,-1.2842216455136818e-17,5.987050136063717e-17
18.11,0.39334780326058827,0.0,0.49621063414884514,0.9783899506033152,-0.2067682387564455,-1.2660903087920835e-17,5.990910606621435e-17
18.12,0.393181809612713,0.0,0.4957452684827106,0.9790121250652731,-0.20380200925206335,-1.2479273914516932e-17,5.994720326438175e-17
18.13,0.39301720153841585,0.0,0.49527960625258455,0.9796259661951763,-0.2008306907725196,-1.2297333131255901e-17,5.99847901931278e-17
18.14,0.3928539809411909,0.0,0.49481365395681504,0.9802314294655934,-0.19785435220848546,-1.2115084956474739e-17,6.002186412593367e-17
18.15,0.39269214970042954,0.0,0.49434741809985383,0.9808284709329642,-0.1948730628057748,-1.1932533630256662e-17,6.005842237203237e-17
18.16,0.3925317096713933,0.0,0.4938809051921554,0.9814170472417821,-0.19188689216103716,-1.1749683414167376e-17,6.009446227666477e-17
18.17,0.3923726626851872,0.0,0.4934141217500773,0.9819971156287255,-0.18889591021740954,-1.156653859098882e-17,6.01299812213326e-17
18.18,0.39221501054873376,0.0,0.49294707429577955,0.9825686339267377,-0.18590018726011176,-1.1383103464449472e-17,6.016497662404834e-17
18.19,0.3920587550447462,0.0,0.4924797693571235,0.9831315605690577,-0.18289979391199196,-1.1199382358951575e-17,6.019944593958194e-17
18.2,0.39190389793170366,0.0,0.49201221346757196,0.983685854593196,-0.17989480112903097,-1.1015379619295872e-17,6.02333866597043e-17
18.21,0.39175044094382544,0.0,0.49154441316608743,0.9842314756448601,-0.17688528019578398,-1.0831099610402478e-17,6.026679631342771e-17
18.22,0.3915983857910469,0.0,0.4910763749970328,0.9847683839818241,-0.173871302720796,-1.0646546717030167e-17,6.029967246724262e-17
18.23,0.39144773415899436,0.0,0.49060810551006845,0.9852965404777476,-0.1708529406319429,-1.0461725343491082e-17,6.033201272535171e-17
18.24,0.39129848770896175,0.0,0.49013961126005307,0.9858159066259372,-0.16783026617175315,-1.027663991336429e-17,6.03638147299e-17
18.25,0.3911506480778864,0.0,0.48967089880694104,0.9863264445430545,-0.1648033518926627,-1.0091294869205214e-17,6.039507616120205e-17
18.26,0.39100421687832637,0.0,0.4892019747156822,0.986828116972768,-0.16177227065223843,-9.905694672253154e-18,6.042579473796551e-17
18.27,0.3908591956984375,0.0,0.4887328455561205,0.9873208872893481,-0.15873709560834967,-9.71984380213564e-18,6.045596821751125e-17
18.28,0.39071558610195095,0.0,0.4882635179028915,0.9878047195012074,-0.15569790021429616,-9.53374675657009e-18,6.048559439599014e-17
18.29,0.39057338962815136,0.0,0.4877939983353226,0.9882795782543804,-0.15265475821389932,-9.347408051063246e-18,6.051467110859616e-17
18.3,0.39043260779185474,0.0,0.48732429343732997,0.9887454288359482,-0.1496077436365407,-9.160832218607368e-18,6.054319622977606e-17
18.31,0.3902932420833882,0.0,0.4868544097973179,0.9892022371774031,-0.14655693079216975,-8.974023809374543e-18,6.057116767343537e-17
18.32,0.3901552939685684,0.0,0.4863843540080766,0.989649969857955,-0.14350239426625938,-8.786987390407803e-18,6.059858339314096e-17
18.33,0.39001876488868126,0.0,0.485914132666681,0.9900885941077773,-0.14044420891473294,-8.599727545310493e-18,6.062544138231963e-17
18.34,0.38988365626046234,0.0,0.4854437523743874,0.9905180778111949,-0.13738244985883594,-8.412248873932259e-18,6.065173967445344e-17
18.35,0.3897499694760767,0.0,0.48497321973653407,0.9909383895098087,-0.13431719247998977,-8.224555992053921e-18,6.067747634327102e-17
18.36,0.38961770590310035,0.0,0.48450254136243687,0.9913494984055613,-0.13124851241458702,-8.036653531068782e-18,6.070264950293524e-17
18.37,0.38948686688450085,0.0,0.48403172386528787,0.9917513743637413,-0.1281764855487556,-7.848546137662026e-18,6.07272573082272e-17
18.38,0.38935745373861924,0.0,0.4835607738620544,0.992143987915923,-0.12510118801309944,-7.660238473488674e-18,6.075129795472626e-17
18.39,0.38922946775915185,0.0,0.48308969797337487,0.9925273102628479,-0.12202269617737699,-7.471735214847734e-18,6.077476967898643e-17
18.4,0.3891029102151331,0.0,0.48261850282345825,0.992901313277239,-0.11894108664517172,-7.283041052355878e-18,6.07976707587087e-17
18.41,0.3889777823509177,0.0,0.4821471950399805,0.9932659695065545,-0.11585643624850693,-7.09416069061767e-18,6.081999951290973e-17
18.42,0.3888540853861645,0.0,0.4816757812539828,0.993621252175677,-0.11276882204244068,-6.905098847894624e-18,6.08417543020864e-17
18.43,0.3887318205158197,0.0,0.4812042680997693,0.9939671351895379,-0.10967832129962046,-6.715860255771759e-18,6.086293352837661e-17
18.44,0.38861098891010093,0.0,0.4807326622148037,0.9943035931356783,-0.10658501150480548,-6.5264496588221926e-18,6.088353563571603e-17
18.45,0.38849159171448183,0.0,0.4802609702396077,0.9946306012867432,-0.10348897034936451,-6.33687181427023e-18,6.090355910999087e-17
18.46,0.38837363004967657,0.0,0.47978919881765736,0.9949481356029124,-0.10039027572573277,-6.147131491651943e-18,6.092300247918667e-17
18.47,0.38825710501162547,0.0,0.4793173545952818,0.9952561727342634,-0.09728900572185009,-5.957233472474612e-18,6.094186431353305e-17
18.48,0.3881420176714803,0.0,0.4788454442215588,0.9955546900230696,-0.09418523861555884,-5.767182549873691e-18,6.096014322564439e-17
18.49,0.3880283690755906,0.0,0.4783734743482135,0.9958436655060314,-0.09107905286898563,-5.5769835282687905e-18,6.097783787065644e-17
18.5,0.3879161602454896,0.0,0.47790145162951414,0.9961230779164403,-0.08797052712288023,-5.386641223017034e-18,6.09949469463589e-17
18.51,0.3878053921778818,0.0,0.47742938272217095,0.9963929066862753,-0.08485974019094888,-5.196160460066078e-18,6.101146919332373e-17
18.52,0.38769606584462984,0.0,0.47695727428523177,0.9966531319482329,-0.0817467710541417,-5.0055460756043066e-18,6.102740339502941e-17
18.53,0.3875881821927418,0.0,0.476485132979979,0.9969037345376879,-0.07863169885492141,-4.814802915709905e-18,6.104274837798111e-17
18.54,0.38748174214436015,0.0,0.47601296546982824,0.9971446959945862,-0.075514602891522,-4.6239358359992936e-18,6.105750301182653e-17
18.55,0.38737674659674903,0.0,0.47554077842022313,0.9973759985652699,-0.07239556261215702,-4.4329497012724945e-18,6.107166620946764e-17
18.56,0.38727319642228425,0.0,0.4750685784985339,0.997597625204232,-0.06927465760923415,-4.241849385158872e-18,6.108523692716818e-17
18.57,0.3871710924684419,0.0,0.47459637237395325,0.9978095595758035,-0.0661519676135258,-4.050639769760188e-18,6.10982141646569e-17
18.58,0.3870704355577882,0.0,0.4741241667173939,0.9980117860557698,-0.06302757248833471,-3.859325745293344e-18,6.111059696522658e-17
18.59,0.3869712264879696,0.0,0.4736519682013846,0.9982042897329184,-0.059901552223627495,-3.6679122097311716e-18,6.112238441582879e-17
18.6,0.38687346603170325,0.0,0.4731797834999677,0.9983870564105156,-0.056773986930160295,-3.476404068442724e-18,6.11335756471643e-17
18.61,0.3867771549367679,0.0,0.4727076192885955,0.9985600726077142,-0.05364495683357892,-3.284806233832018e-18,6.114416983376929e-17
18.62,0.38668229392599507,0.0,0.47223548224402667,0.9987233255608902,-0.050514542268502154,-3.093123624975742e-18,6.115416619409721e-17
18.63,0.38658888369726124,0.0,0.47176337904422366,0.998876803224908,-0.04738282367259557,-2.9013611672603797e-18,6.116356399059621e-17
18.64,0.38649692492347915,0.0,0.4712913163682486,0.9990204942743173,-0.04424988158061965,-2.7095237920177637e-18,6.117236252978247e-17
18.65,0.38640641825259114,0.0,0.47081930089616075,0.9991543881044752,-0.04111579661847508,-2.5176164361604537e-18,6.118056116230889e-17
18.66,0.3863173643075615,0.0,0.47034733930891187,0.9992784748326011,-0.037980649497219215,-2.325644041815352e-18,6.118815928302969e-17
18.67,0.38622976368637,0.0,0.4698754382882444,0.9993927452987571,-0.03484452100709062,-2.133611555957812e-18,6.119515633106045e-17
18.68,0.38614361696200605,0.0,0.469403604516587,0.9994971910667586,-0.03170749201150165,-1.9415239300437886e-18,6.120155178983382e-17
18.69,0.38605892468246183,0.0,0.4689318446769508,0.9995918044250126,-0.02856964344102627,-1.7493861196416998e-18,6.120734518715094e-17
18.7,0.3859756873707279,0.0,0.46846016545282737,0.999676578387284,-0.025431056287391784,-1.5572030840645261e-18,6.121253609522828e-17
18.71,0.3858939055247876,0.0,0.4679885735280833,0.9997515066933905,-0.02229181159743428,-1.364979785999687e-18,6.121712413074021e-17
18.72,0.3858135796176125,0.0,0.4675170755868586,0.9998165838098252,-0.019151990467074338,-1.1727211911401606e-18,6.122110895485719e-17
18.73,0.3857347100971581,0.0,0.4670456783134618,0.9998718049303063,-0.01601167403526311,-9.804322678137876e-19,6.122449027327932e-17
18.74,0.38565729738636045,0.0,0.46657438839226734,0.9999171659762561,-0.012870943477937293,-7.881179866131204e-19,6.122726783626574e-17
18.75,0.38558134188313214,0.0,0.4661032125076114,0.9999526635972062,-0.009729880001956726,-5.957833200242074e-19,6.122944143865944e-17
18.76,0.3855068439603596,0.0,0.46563215734368874,0.999978295171131,-0.006588564839047766,-4.0343324205573215e-19,6.123101091990764e-17
18.77,0.3854338039659006,0.0,0.4651612295844495,0.9999940588047086,-0.0034470792397360193,-2.110727278675004e-19,6.123197616407783e-17
18.78,0.38536222222258176,0.0,0.46469043591349457,0.9999999533335091,-0.00030550446727622786,-1.8706753398752487e-20,6.123233709986922e-17
18.79,0.38529209902819705,0.0,0.4642197830139733,0.999995978322111,0.0028360782084127685,1.7365970500321286e-19,6.123209370061996e-17
18.8,0.38522343465550635,0.0,0.46374927756847906,0.9999821340641435,0.005977587516824536,3.6602167095511717e-19,6.123124598430963e-17
18.811,0.3851495890795155,0.0,0.46323189986270336,0.9999555076428767,0.009433066027372783,5.776087058283859e-19,6.122961558623078e-17
18.82,0.38509048334107,0.0,0.4628087357665471,0.9999248426280282,0.012260060983255567,7.507122220247641e-19,6.122773789561678e-17
18.83,0.38502619681966654,0.0,0.4623387127715866,0.9998813996817703,0.015400862651940602,9.430308575403537e-19,6.122507778236276e-17
18.84,0.38496336996064173,0.0,0.46186886395340054,0.9998280959523023,0.018541265986816317,1.1353251021447148e-18,6.122181387027898e-17
18.85,0.38490200291157833,0.0,0.4613991959902516,0.9997649353766213,0.02168118980545732,1.3275899848479765e-18,6.121794640043698e-17
18.86,0.3848420957950253,0.0,0.46092971555922607,0.9996919226195129,0.02482055296124129,1.5198205368525753e-18,6.121347565847249e-17
18.87,0.3847836487084992,0.0,0.4604604293361291,0.9996090630730868,0.0279592743494098,1.7120117919243703e-18,6.120840197455702e-17
18.88,0.3847266617244861,0.0,0.45999134399538316,0.9995163628562406,0.03109727291310266,1.904158786762143e-18,6.120272572336497e-17
18.89,0.384671134890444,0.0,0.4595224662099228,0.9994138288140513,0.03423446764940597,2.0962565613679317e-18,6.119644732403644e-17
18.9,0.3846170682288054,0.0,0.4590538026510928,0.9993014685170947,0.037370777615376785,2.288300159415937e-18,6.118956724013548e-17
18.91,0.38456446173698033,0.0,0.4585853599885433,0.999179290260693,0.04050612193407065,2.480284628621601e-18,6.118208597960409e-17
18.92,0.3845133153873601,0.0,0.4581171448901273,0.9990473030640901,0.04364041980054884,2.6722050211094458e-18,6.117400409471168e-17
18.93,0.3844636291273209,0.0,0.4576491640217974,0.9989055166695556,0.046773590487881676,2.8640563937806692e-18,6.116532218200022e-17
18.94,0.3844154028792285,0.0,0.4571814240475015,0.9987539415414173,0.049905553353140335,3.0558338086800386e-18,6.115604088222497e-17
18.95,0.3843686365404427,0.0,0.45671393162908064,0.9985925888650217,0.053036227843368984,3.247532333361578e-18,6.114616088029088e-17
18.96,0.38432332998332236,0.0,0.45624669342616453,0.9984214705456237,0.05616553350155403,3.4391470412540787e-18,6.113568290518457e-17
18.97,0.3842794830552315,0.0,0.4557797160960697,0.9982405992072056,0.05929338997256708,3.630673012025002e-18,6.112460772990201e-17
18.98,0.3842370955785446,0.0,0.4553130062936943,0.9980499881912243,0.06241971700910808,3.82210533194439e-18,6.111293617137183e-17
18.99,0.38419616735065343,0.0,0.4548465706714174,0.9978496515552883,0.06554443447761003,4.013439094246427e-18,6.110066909037428e-17
19.0,0.38415669814397346,0.0,0.45438041587899297,0.9976396040717646,0.06866746236415593,4.204669399491745e-18,6.108780739145597e-17
19.01,0.3841186877059515,0.0,0.4539145485634495,0.997419861226315,0.07178872078034658,4.395791355926726e-18,6.107435202284019e-17
19.02,0.38408213575907263,0.0,0.45344897536898504,0.9971904392163622,0.07490812996917402,4.5868000798431446e-18,6.106030397633306e-17
19.03,0.3840470420008688,0.0,0.45298370293686424,0.9969513549494863,0.07802561031086831,4.77769069593618e-18,6.104566428722526e-17
19.04,0.38401340610392687,0.0,0.4525187379053167,0.9967026260417525,0.0811410823287101,4.968458337660335e-18,6.103043403418968e-17
19.05,0.38398122771589743,0.0,0.4520540869094324,0.9964442708159682,0.0842544666948488,5.159098147585693e-18,6.10146143391747e-17
19.06,0.38395050645950407,0.0,0.45158975658105954,0.9961763082998728,0.08736568423607025,5.34960527775109e-18,6.099820636729331e-17
19.07,0.38392124193255317,0.0,0.4511257535487015,0.9958987582242572,0.09047465593956343,5.539974890017221e-18,6.098121132670802e-17
19.08,0.38389343370794343,0.0,0.4506620844374143,0.9956116410210166,0.09358130295864822,5.7302021564173636e-18,6.096363046851159e-17
19.09,0.38386708133367675,0.0,0.450198755868703,0.9953149778211337,0.09668554661848996,5.920282259507297e-18,6.09454650866035e-17
19.1,0.38384218433286876,0.0,0.44973577446041973,0.9950087904525954,0.0997873084217784,6.110210392713031e-18,6.092671651756252e-17
19.11,0.38381874220376033,0.0,0.44927314682666086,0.9946931014382419,0.10288651005438676,6.299981760677336e-18,6.090738614051482e-17
19.12,0.3837967544197288,0.0,0.44881087957766375,0.9943679339935481,0.10598307339100402,6.489591579604605e-18,6.088747537699827e-17
19.13,0.3837762204293004,0.0,0.4483489793197049,0.9940333120243391,0.109076920500732,6.679035077603588e-18,6.086698569082246e-17
19.14,0.3837571396561624,0.0,0.44788745265499696,0.9936892601244391,0.11216797365266395,6.868307495028978e-18,6.08459185879248e-17
19.15,0.38373951149917623,0.0,0.44742630618158663,0.993335803573255,0.11525615532142193,7.057404084820477e-18,6.082427561622253e-17
19.16,0.38372333533239045,0.0,0.44696554649325126,0.9929729683332924,0.11834138819267859,7.246320112840911e-18,6.080205836546064e-17
19.17,0.38370861050505445,0.0,0.4465051801793982,0.99260078104761,0.1214235951686274,7.435050858211178e-18,6.077926846705591e-17
19.18,0.3836953363416327,0.0,0.44604521382496126,0.9922192690372057,0.12450269937344048,7.623591613644453e-18,6.075590759393702e-17
19.19,0.38368351214181906,0.0,0.44558565401029787,0.9918284602983403,0.12757862415868762,7.811937685777999e-18,6.07319774603805e-17
19.2,0.3836731371805515,0.0,0.4451265073110891,0.991428383499798,0.13065129310870774,8.000084395502078e-18,6.070747982184311e-17
19.21,0.38366421070802764,0.0,0.44466778029823517,0.9910190679800808,0.13372063004597295,8.188027078288409e-18,6.068241647478996e-17
19.22,0.3836567319497203,0.0,0.444209479537755,0.9906005437445431,0.1367865590363891,8.375761084514718e-18,6.065678925651911e-17
19.23,0.3836507001063933,0.0,0.44375161159068355,0.990172841462461,0.1398490043945827,8.563281779788491e-18,6.063060004498212e-17
19.24,0.38364611435411844,0.0,0.44329418301297036,0.989735992464042,0.14290789068913565,8.750584545267491e-18,6.060385075860089e-17
19.25,0.3836429738442919,0.0,0.44283720035537705,0.9892900287373703,0.14596314274779468,8.937664777978748e-18,6.057654335608068e-17
19.26,0.3836412777036518,0.0,0.44238067016337634,0.9888349829252943,0.14901468566263204,9.124517891134565e-18,6.054867983621947e-17
19.27,0.3836410250342956,0.0,0.4419245989770502,0.9883708883222505,0.15206244479517436,9.311139314446569e-18,6.052026223771351e-17
19.28,0.3836422149136985,0.0,0.44146899333098766,0.9878977788710289,0.15510634578149168,9.497524494437318e-18,6.049129263895927e-17
19.29,0.3836448463947315,0.0,0.44101385975418417,0.9874156891594787,0.15814631453723982,9.683668894749064e-18,6.046177315785167e-17
19.3,0.3836489185056807,0.0,0.4405592047699394,0.9869246544171543,0.1611822772626714,9.869567996450587e-18,6.043170595157878e-17
19.31,0.3836544302502664,0.0,0.4401050348957569,0.9864247105119031,0.16421416044759404,1.0055217298340797e-17,6.040109321641283e-17
19.32,0.3836613806076624,0.0,0.4396513566432414,0.9859158939463951,0.16724189087630084,1.0240612317250639e-17,6.03699371874977e-17
19.33,0.3836697685325168,0.0,0.43919817651799953,0.9853982418545966,0.17026539563243623,1.0425748588341038e-17,6.033824013863305e-17
19.34,0.38367959295497156,0.0,0.43874550101953647,0.9848717919981828,0.17328460210384578,1.0610621665399872e-17,6.030600438205462e-17
19.35,0.3836908527806843,0.0,0.43829333664115705,0.9843365827628996,0.1762994379873552,1.0795227121134592e-17,6.027323226821144e-17
19.36,0.38370354689084896,0.0,0.4378416898698641,0.9837926531548659,0.179309831293518,1.0979560547462936e-17,6.023992618553943e-17
19.37,0.3837176741422176,0.0,0.4373905671862567,0.98324004279682,0.18231571035132305,1.1163617555801187e-17,6.02060885602316e-17
19.38,0.3837332333671222,0.0,0.4369399750644311,0.982678791924316,0.1853170038128369,1.1347393777348427e-17,6.017172185600508e-17
19.39,0.38375022337349785,0.0,0.43648991997187897,0.9821089413818601,0.1883136406578186,1.1530884863369122e-17,6.013682857386452e-17
19.4,0.38376864294490476,0.0,0.4360404083693873,0.9815305326189991,0.19130555019827286,1.1714086485471907e-17,6.010141125186271e-17
19.41,0.38378849084055183,0.0,0.4355914467109378,0.9809436076863514,0.1942926620829658,1.189699433588612e-17,6.006547246485735e-17
19.42,0.38380976579532056,0.0,0.43514304144360705,0.980348209231589,0.19727490630188219,1.2079604127734702e-17,6.002901482426526e-17
19.43,0.38383246651978864,0.0,0.4346951990074657,0.9797443804953669,0.20025221319064004,1.2261911595304536e-17,5.999204097781288e-17
19.44,0.38385659170025466,0.0,0.43424792583547867,0.9791321653072003,0.20322451343485476,1.2443912494313658e-17,5.9954553609284e-17
19.45,0.38388213999876275,0.0,0.4338012283534052,0.9785116080812933,0.2061917380744469,1.2625602602175042e-17,5.991655543826426e-17
19.46,0.3839091100531278,0.0,0.4333551129796987,0.9778827538123173,0.2091538185079078,1.2806977718257787e-17,5.987804921988267e-17
19.47,0.3839375004769615,0.0,0.4329095861254075,0.9772456480711399,0.21211068649650316,1.2988033664144515e-17,5.983903774455011e-17
19.48,0.3839673098596977,0.0,0.432464654194074,0.9766003370005047,0.21506227416843843,1.3168766283886431e-17,5.979952383769473e-17
19.49,0.383998536766619,0.0,0.43202032358163717,0.9759468673106672,0.21800851402295046,1.3349171444253857e-17,5.975951035949476e-17
19.5,0.384031179738884,0.0,0.43157660067633075,0.9752852862749768,0.22094933893437316,1.3529245034985188e-17,5.971900020460802e-17
19.51,0.3840652372935538,0.0,0.4311334918585854,0.9746156417254197,0.22388468215612325,1.3708982969030944e-17,5.967799630189894e-17
19.52,0.38410070792362005,0.0,0.4306910035009298,0.9739379820481117,0.22681447732464546,1.388838118279535e-17,5.963650161416262e-17
19.53,0.38413759009803267,0.0,0.43024914196788977,0.9732523561787454,0.22973865846330818,1.4067435636374868e-17,5.959451913784601e-17
19.54,0.3841758822617282,0.0,0.4298079136158913,0.9725588135979971,0.23265715998622566,1.4246142313792245e-17,5.955205190276672e-17
19.55,0.3842155828356589,0.0,0.42936732479316025,0.9718574043268859,0.23556991670204355,1.4424497223228314e-17,5.95091029718288e-17
19.56,0.3842566902168212,0.0,0.4289273818396246,0.9711481789220923,0.23847686381765393,1.4602496397249457e-17,5.946567544073607e-17
19.57,0.3842992027782859,0.0,0.4284880910868151,0.9704311884712327,0.2413779369418651,1.478013589303234e-17,5.942177243770284e-17
19.58,0.3843431188692276,0.0,0.4280494588577675,0.9697064845880945,0.24427307208900373,1.4957411792584455e-17,5.937739712316211e-17
19.59,0.38438843681495544,0.0,0.42761149146692357,0.9689741194078284,0.24716220568246983,1.513432020296182e-17,5.933255268947112e-17
19.6,0.38443515491694324,0.0,0.42717419522003325,0.9682341455821016,0.2500452745582242,1.5310857256482517e-17,5.928724236061466e-17
19.61,0.384483271452861,0.0,0.42673757641405646,0.9674866162742114,0.2529222159682239,1.548701911093705e-17,5.924146939190583e-17
19.62,0.3845327846766063,0.0,0.4263016413370652,0.9667315851541592,0.2557929675837994,1.5662801949795128e-17,5.91952370696844e-17
19.63,0.3845836928183359,0.0,0.4258663962681459,0.9659691063936889,0.25865746749896495,1.58382019824084e-17,5.914854871101301e-17
19.64,0.3846359940844982,0.0,0.42543184747730073,0.9651992346612841,0.2615156542336835,1.6013215444210322e-17,5.910140766337083e-17
19.65,0.38468968665786574,0.0,0.424998001225352,0.9644220251171343,0.26436746673705097,1.6187838596911192e-17,5.905381730434533e-17
19.66,0.38474476869756835,0.0,0.4245648637638426,0.9636375334080585,0.26721284439044657,1.6362067728691007e-17,5.900578104132147e-17
19.67,0.3848012383391264,0.0,0.4241324413349403,0.9628458156624006,0.27005172701059804,1.6535899154387186e-17,5.895730231116906e-17
19.68,0.38485909369448423,0.0,0.42370074017134035,0.9620469284848864,0.27288405485259826,1.6709329215679262e-17,5.890838457992793e-17
19.69,0.38491833285204524,0.0,0.42326976649616727,0.9612409289514462,0.27570976861286706,1.688235428127025e-17,5.885903134249085e-17
19.7,0.3849789538767054,0.0,0.4228395265228799,0.9604278746040094,0.2785288094320322,1.7054970747063067e-17,5.880924612228478e-17
19.71,0.3850409548098887,0.0,0.4224100264551732,0.9596078234452612,0.2813411188977688,1.7227175036334374e-17,5.875903247094988e-17
19.72,0.3851043336695824,0.0,0.4219812724868827,0.9587808339333733,0.28414663904756166,1.7398963599903736e-17,5.870839396801679e-17
19.73,0.38516908845037257,0.0,0.4215532708018874,0.9579469649766996,0.28694531237141674,1.7570332916299646e-17,5.865733422058185e-17
19.74,0.3852352171234802,0.0,0.4211260275740141,0.9571062759284457,0.28973708181449964,1.774127949192109e-17,5.860585686298072e-17
19.75,0.3853027176367976,0.0,0.4206995489669408,0.9562588265813062,0.29252189077972146,1.7911799861195878e-17,5.855396555646003e-17
19.76,0.38537158791492543,0.0,0.4202738411341011,0.9554046771620771,0.29529968313025184,1.8081890586734528e-17,5.850166398884741e-17
19.77,0.3854418258592095,0.0,0.4198489102185886,0.9545438883262378,0.29807040319197553,1.8251548259480692e-17,5.844895587421978e-17
19.78,0.38551342934777855,0.0,0.41942476235306075,0.9536765211525071,0.3008339957558849,1.8420769498857642e-17,5.839584495257005e-17
19.79,0.38558639623558233,0.0,0.4190014036596439,0.9528026371373752,0.3035904060804019,1.8589550952910467e-17,5.834233498947218e-17
19.8,0.38566072435442966,0.0,0.41857884024983727,0.9519222981896065,0.3063395798936498,1.8757889298445157e-17,5.82884297757447e-17
19.81,0.3857364115130272,0.0,0.4181570782244192,0.9510355666247239,0.30908146339564013,1.8925781241162525e-17,5.823413312711287e-17
19.82,0.38581345549701873,0.0,0.41773612367335045,0.9501425051594613,0.3118160032604212,1.9093223515789775e-17,5.81794488838691e-17
19.83,0.38589185406902415,0.0,0.4173159826756808,0.9492431769062023,0.31454314663813665,1.926021288620653e-17,5.812438091053227e-17
19.84,0.3859716049686798,0.0,0.41689666129945363,0.9483376453673887,0.31726284115703957,1.9426746145568183e-17,5.806893309550552e-17
19.85,0.3860527059126784,0.0,0.41647816560161166,0.9474259744299134,0.3199750349254282,1.9592820116424412e-17,5.801310935073278e-17
19.86,0.38613515459480935,0.0,0.4160605016279029,0.9465082283594897,0.32267967653352464,1.975843165083421e-17,5.795691361135406e-17
19.87,0.38621894868600026,0.0,0.4156436754127859,0.9455844717950007,0.3253767150552872,1.9923577630476893e-17,5.790034983535942e-17
19.88,0.38630408583435777,0.0,0.41522769297933665,0.944654769742832,0.328066100050153,2.008825496675876e-17,5.784342200324196e-17
19.89,0.3863905636652094,0.0,0.41481256033915376,0.943719187571183,0.33074778156472373,2.0252460600916345e-17,5.778613411764949e-17
19.9,0.3864783797811456,0.0,0.414398283492266,0.9427777910043638,0.33342171013437655,2.0416191504115042e-17,5.772849020303532e-17
19.91,0.38656753176206216,0.0,0.4139848684270378,0.9418306461170716,0.33608783678481946,2.057944467754436e-17,5.767049430530776e-17
19.92,0.3866580171652031,0.0,0.41357232112007675,0.9408778193286556,0.3387461130335725,2.0742217152508602e-17,5.761215049147899e-17
19.93,0.3867498335252033,0.0,0.41316064753614024,0.9399193773973625,0.3413964908913891,2.0904505990513912e-17,5.755346284931266e-17
19.94,0.38684297835413295,0.0,0.4127498536280423,0.93895538741457,0.34403892286361276,2.1066308283351327e-17,5.74944354869708e-17
19.95,0.3869374491415404,0.0,0.4123399453365618,0.937985916799006,0.34667336195146026,2.122762115317538e-17,5.743507253265992e-17
19.96,0.3870332433544972,0.0,0.4119309285903484,0.9370110332909533,0.34929976165325394,2.138844175257954e-17,5.7375378134276e-17
19.97,0.3871303584376424,0.0,0.41152280930583207,0.9360308049464467,0.35191807596556746,2.1548767264666365e-17,5.731535645904932e-17
19.98,0.38722879181322745,0.0,0.41111559338712905,0.9350453001314513,0.354528259384332,2.170859490311524e-17,5.72550116931879e-17
19.99,0.3873285408811617,0.0,0.41070928672595164,0.9340545875160375,0.35713026690585187,2.186792191224457e-17,5.719434804152083e-17
20.0,0.3874296030190579,0.0,0.4103038952015149,0.9330587360685411,0.3597240540277737,2.2026745567071128e-17,5.713336972714069e-17
20.01,0.3875319755822786,0.0,0.4098994246804464,0.9320578150497166,0.36230957674997816,2.2185063173364653e-17,5.707208099104556e-17
20.02,0.3876356559039822,0.0,0.40949588101669376,0.9310518940068815,0.36488679157541287,2.2342872067698838e-17,5.701048609178041e-17
20.03,0.38774064129516994,0.0,0.4090932700514341,0.9300410427680514,0.3674556555108596,2.2500169617498334e-17,5.694858930507805e-17
20.04,0.3878469290447331,0.0,0.4086915976129828,0.9290253314360717,0.37001612606763123,2.2656953221081404e-17,5.68863949234997e-17
20.05,0.3879545164195005,0.0,0.40829086951670274,0.9280048303827384,0.3725681612622112,2.2813220307699095e-17,5.682390725607515e-17
20.06,0.38806340066428585,0.0,0.4078910915649137,0.926979610242918,0.37511171961682,2.2968968337569903e-17,5.676113062794253e-17
20.07,0.3881735790019369,0.0,0.40749226954680196,0.9259497419086589,0.37764676015992504,2.312419480191102e-17,5.669806937998785e-17
20.08,0.38828504863338315,0.0,0.40709440923833023,0.9249152965233018,0.3801732424266765,2.3278897222965005e-17,5.663472786848433e-17
20.09,0.38839780673768537,0.0,0.40669751640214713,0.9238763454755832,0.3826911264592908,2.3433073154023275e-17,5.657111046473136e-17
20.1,0.38851185047208453,0.0,0.40630159678749833,0.9228329603937411,0.3852003728073531,2.3586720179444606e-17,5.650722155469356e-17
20.11,0.3886271769720515,0.0,0.40590665613013643,0.9217852131396151,0.3877009425280707,2.3739835914670686e-17,5.644306553863953e-17
20.12,0.38874378335133736,0.0,0.40551270015223084,0.9207331758027442,0.39019279718645883,2.389241800623746e-17,5.637864683078039e-17
20.13,0.38886166670202316,0.0,0.4051197345622805,0.9196769206944714,0.3926758988554493,2.4044464131781788e-17,5.631396985890893e-17
20.14,0.3889808240945712,0.0,0.4047277650550227,0.9186165203420377,0.3951502101159591,2.419597200004567e-17,5.62490390640378e-17
20.15,0.38910125257787564,0.0,0.4043367973113462,0.917552047482688,0.3976156940568707,2.4346939350874997e-17,5.618385890003871e-17
20.16,0.3892229491793142,0.0,0.4039468369982015,0.9164835750577701,0.40007231427496787,2.4497363955215666e-17,5.611843383328106e-17
20.17,0.3893459109047998,0.0,0.40355788976851314,0.9154111762068414,0.40252003487479615,2.4647243615105005e-17,5.60527683422711e-17
20.18,0.3894701347388324,0.0,0.4031699612610914,0.9143349242617764,0.40495882046846643,2.4796576163659754e-17,5.59868669172911e-17
20.19,0.389595617644552,0.0,0.4027830571005443,0.913254892740877,0.40738863617539606,2.494535946506022e-17,5.592073406003872e-17
20.2,0.38972235656379073,0.0,0.4023971828971903,0.9121711553429909,0.4098094476219811,2.5093591414530203e-17,5.585437428326684e-17
20.21,0.3898503484171268,0.0,0.4020123442469702,0.9110837859416299,0.4122212209412154,2.5241269938313666e-17,5.578779211042346e-17
20.22,0.3899795901039371,0.0,0.40162854673136084,0.9099928585790994,0.41462392277223853,2.5388392993647064e-17,5.57209920752922e-17
20.23,0.39011007850245183,0.0,0.4012457959172871,0.9088984474606293,0.41701752025983,2.5534958568728367e-17,5.565397872163292e-17
20.24,0.39024181046980777,0.0,0.4008640973570361,0.9078006269485163,0.4194019810538344,2.568096468268186e-17,5.558675660282304e-17
20.25,0.39037478284210403,0.0,0.40048345658816953,0.9066994715562688,0.4217772733085352,2.58264093855198e-17,5.551933028149906e-17
20.26,0.3905089924344555,0.0,0.4001038791334387,0.9055950559427679,0.4241433656819531,2.597129075809946e-17,5.5451704329198947e-17
20.27,0.3906444360410489,0.0,0.3997253705006974,0.904487454906429,0.4265002273350983,2.611560691207733e-17,5.5383883326004714e-17
20.28,0.3907811104351985,0.0,0.39934793618281583,0.9033767433793765,0.4288478279311581,2.6259355989859385e-17,5.531587186018566e-17
20.29,0.3909190123694009,0.0,0.3989715816575966,0.902262996421633,0.43118613763461394,2.6402536164547004e-17,5.524767452784263e-17
20.3,0.39105813857539257,0.0,0.39859631238768706,0.9011462892153104,0.4335151271103192,2.6545145639880518e-17,5.517929593255224e-17
20.31,0.3911984857642053,0.0,0.398222133820496,0.9000266970588217,0.435834767522496,2.6687182650177778e-17,5.5110740685012525e-17
20.32,0.3913400506262238,0.0,0.3978490513881077,0.8989042953610976,0.43814503053369047,2.6828645460270168e-17,5.504201340268876e-17
20.33,0.39148282983124255,0.0,0.3974770705071978,0.897779159635822,0.4404458883036568,2.6969532365434296e-17,5.49731187094605e-17
20.34,0.3916268200285234,0.0,0.39710619657894836,0.8966513654956745,0.44273731348819295,2.710984169132069e-17,5.490406123526906e-17
20.35,0.3917720178468534,0.0,0.39673643498896377,0.8955209886465927,0.44501927923791035,2.7249571793878456e-17,5.483484561576615e-17
20.36,0.3919184198946033,0.0,0.39636779110718734,0.8943881048820456,0.44729175919695097,2.7388721059276734e-17,5.4765476491963215e-17
20.37,0.3920660227597857,0.0,0.3960002702878165,0.8932527900773216,0.44955472750164743,2.7527287903822657e-17,5.469595850988173e-17
20.38,0.39221482301011407,0.0,0.39563387786922044,0.8921151201838359,0.4518081587791217,2.7665270773875527e-17,5.462629632020455e-17
20.39,0.39236481719306215,0.0,0.3952686191738559,0.8909751712234489,0.4540520281458346,2.7802668145758015e-17,5.4556494577928085e-17
20.4,0.3925160018359231,0.0,0.39490449950818507,0.889833019282807,0.45628631120607105,2.79394785256634e-17,5.448655794201573e-17
20.41,0.3926683734458698,0.0,0.3945415241625917,0.888688740507694,0.4585109840503809,2.8075700449560104e-17,5.441649107505201e-17
20.42,0.39282192851001446,0.0,0.3941796984112999,0.8875424110974085,0.4607260232539495,2.8211332483091913e-17,5.434629864289828e-17
20.43,0.3929766634954698,0.0,0.3938190275122912,0.8863941072991528,0.46293140587492865,2.834637322147578e-17,5.427598531434915e-17
20.44,0.3931325748494091,0.0,0.39345951670722185,0.8852439054024425,0.4651271094527081,2.8480821289395975e-17,5.4205555760790174e-17
20.45,0.39328965899912827,0.0,0.393101171221343,0.8840918817335399,0.46731311200612424,2.861467534089443e-17,5.4135014655857e-17
20.46,0.3934479123521066,0.0,0.39274399626341705,0.8829381126498994,0.46948939203163415,2.874793405925888e-17,5.4064366675095226e-17
20.47,0.39360733129606856,0.0,0.39238799702563787,0.8817826745346419,0.4716559285014171,2.8880596156906664e-17,5.399361649562207e-17
20.48,0.3937679121990467,0.0,0.392033178683549,0.8806256437910428,0.473812700861439,2.9012660375266184e-17,5.392276879578889e-17
20.49,0.39392965140944314,0.0,0.39167954639596364,0.8794670968370475,0.4759596890294548,2.914412548465457e-17,5.385182825484528e-17
20.5,0.39409254525609283,0.0,0.39132710530488346,0.8783071100998039,0.4780968733929672,2.9274990284152734e-17,5.378079955260434e-17
20.51,0.3942565900483264,0.0,0.3909758605354189,0.8771457600102213,0.4802242348071277,2.94052536014768e-17,5.3709687369109495e-17
20.52,0.3944217820760339,0.0,0.3906258171957091,0.8759831229975498,0.4823417545925913,2.9534914292846755e-17,5.363849638430258e-17
20.53,0.3945881176097281,0.0,0.3902769803768419,0.8748192754839829,0.4844494145333229,2.966397124285216e-17,5.3567231277693313e-17
20.54,0.3947555929006088,0.0,0.38992935515277505,0.8736542938792867,0.48654719687434744,2.9792423364314336e-17,5.349589672803048e-17
20.55,0.3949242041806269,0.0,0.3895829465802562,0.8724882545754495,0.4886350843194598,2.992026959814617e-17,5.342449741297427e-17
20.56,0.3950939476625492,0.0,0.3892377596987452,0.8713212339413604,0.4907130600288779,3.0047508913208414e-17,5.3353038008770456e-17
20.57,0.39526481954002346,0.0,0.38889379953033404,0.8701533083175069,0.49278110761685834,3.0174140306163647e-17,5.328152318992574e-17
20.58,0.39543681598764335,0.0,0.3885510710796699,0.8689845540107076,0.4948392111492496,3.030016280132649e-17,5.320995762888517e-17
20.59,0.39560993316101445,0.0,0.38820957933387573,0.8678150472888589,0.49688735514101745,3.042557545051206e-17,5.3138345995710503e-17
20.6,0.3957841671968197,0.0,0.38786932926247375,0.866644864375719,0.49892552455370703,3.0550377332880574e-17,5.306669295776081e-17
20.61,0.3959595142128856,0.0,0.38753032581730723,0.8654740814457134,0.5009537047928667,3.0674567554779615e-17,5.299500317937443e-17
20.62,0.3961359703082495,0.0,0.3871925739324628,0.8643027746187648,0.5029718817054335,3.0798145249584014e-17,5.292328132155233e-17
20.63,0.396313531563225,0.0,0.38685607852419457,0.8631310199551593,0.5049800415770572,3.092110957753202e-17,5.2851532041643803e-17
20.64,0.39649219403947045,0.0,0.3865208444908463,0.8619588934504308,0.5069781711293979,3.104345972555981e-17,5.277975999303322e-17
20.65,0.3966719537800553,0.0,0.38618687671277585,0.8607864710302809,0.5089662575173676,3.116519490713259e-17,5.2707969824828974e-17
20.66,0.3968528068095286,0.0,0.38585418005227834,0.8596138285455238,0.5109442883263369,3.128631436207354e-17,5.263616618155387e-17
20.67,0.3970347491339863,0.0,0.385522759353511,0.858441041767061,0.5129122515692942,3.140681735638991e-17,5.2564353702837534e-17
20.68,0.39721777674114,0.0,0.3851926194424168,0.8572681863808868,0.5148701356839657,3.15267031820966e-17,5.249253702311048e-17
20.69,0.39740188560038564,0.0,0.3848637651266496,0.8560953379831199,0.5168179295298952,3.164597115703743e-17,5.2420720771299964e-17
20.7,0.3975870716628719,0.0,0.38453620119549936,0.8549225720750703,0.5187556223854796,3.176462062470353e-17,5.234890957052786e-17
20.71,0.39777333086156985,0.0,0.3842099324198165,0.853749964058331,0.5206832039449693,3.1882650954049757e-17,5.227710803781015e-17
20.72,0.39796065911134226,0.0,0.3838849635519387,0.8525775892299058,0.5226006643154235,3.200006153930819e-17,5.220532078375855e-17
20.73,0.3981490523090135,0.0,0.3835612993256152,0.8514055227773614,0.5245079940136356,3.21168517997999e-17,5.2133552412283725e-17
20.74,0.3983385063334392,0.0,0.383238944455935,0.8502338397740196,0.5264051839630065,3.2233021179743475e-17,5.2061807520300833e-17
20.75,0.3985290170455774,0.0,0.3829179036392508,0.849062615174171,0.528292225490398,3.2348569148062384e-17,5.199009069743647e-17
20.76,0.39872058028855845,0.0,0.3825981815531077,0.8478919238083295,0.5301691103229327,3.246349519818897e-17,5.1918406525738106e-17
20.77,0.3989131918877561,0.0,0.38227978285616954,0.8467218403785138,0.5320358305847668,3.2577798847866903e-17,5.184675957938516e-17
20.78,0.3991068476508593,0.0,0.38196271218814554,0.8455524394535602,0.533892378793829,3.269147963895145e-17,5.177515442440193e-17
20.79,0.3993015433679429,0.0,0.38164697416971893,0.8443837954644741,0.5357387478585147,3.280453713720705e-17,5.1703595618373076e-17
20.8,0.3994972748115401,0.0,0.3813325734024741,0.8432159826998071,0.537574931074356,3.2916970932103455e-17,5.163208771016044e-17
20.81,0.3996940377367142,0.0,0.3810195144688253,0.842049075301073,0.5394009221206503,3.3028780636609254e-17,5.156063523962238e-17
20.82,0.39989182788113103,0.0,0.38070780193194453,0.8408831472581927,0.5412167150570617,3.313996588698379e-17,5.1489242737334905e-17
20.83,0.40009064096513164,0.0,0.3803974403356909,0.8397182724049763,0.5430223043201835,3.3250526342566635e-17,5.141791472431497e-17
20.84,0.4002904726918054,0.0,0.3800884342045391,0.8385545244146356,0.5448176847200761,3.336046168556565e-17,5.134665571174573e-17
20.85,0.4004913187470628,0.0,0.3797807880435094,0.8373919767953337,0.546602851436766,3.346977162084259e-17,5.127547020070401e-17
20.86,0.40069317479970923,0.0,0.379474506338097,0.8362307028857666,0.5483778000167191,3.357845587569712e-17,5.120436268188977e-17
20.87,0.40089603650151884,0.0,0.3791695935542017,0.8350707758507787,0.5501425263692842,3.368651419964911e-17,5.113333763535765e-17
20.88,0.40109989948730823,0.0,0.37886605413805907,0.8339122686770162,0.5518970267631018,3.379394636421869e-17,5.1062399530250776e-17
20.89,0.40130475937501137,0.0,0.37856389251616995,0.8327552541686098,0.5536412978224927,3.390075216270511e-17,5.099155282453643e-17
20.9,0.4015106117657534,0.0,0.37826311309523236,0.8315998049428992,0.5553753365238071,3.4006931409963225e-17,5.092080196474424e-17
20.91,0.40171745224392624,0.0,0.3779637202620717,0.8304459934261839,0.5570991401917602,3.4112483942179087e-17,5.0850151385706e-17
20.92,0.40192527637726316,0.0,0.3776657183835732,0.8292938918495181,0.5588127064957272,3.4217409616643086e-17,5.077960551029818e-17
20.93,0.40213407971691445,0.0,0.3773691118066135,0.8281435722445355,0.5605160334460201,3.432170831152196e-17,5.070916874918626e-17
20.94,0.40234385779752324,0.0,0.37707390485799186,0.8269951064393082,0.5622091193901406,3.442537992562939e-17,5.063884550057117e-17
20.95,0.4025546061373012,0.0,0.37678010184436433,0.8258485660542478,0.5638919630089992,3.452842437819443e-17,5.0568640149938305e-17
20.96,0.4027663202381047,0.0,0.3764877070521747,0.8247040224980349,0.5655645633131205,3.463084160862918e-17,5.049855706980826e-17
20.97,0.4029789955855116,0.0,0.37619672474758914,0.8235615469635891,0.5672269196388163,3.4732631576294466e-17,5.0428600619490096e-17
20.98,0.4031926276488977,0.0,0.37590715917642814,0.8224212104240719,0.5688790316443421,3.483379426026447e-17,5.0358775144836574e-17
20.99,0.4034072118815138,0.0,0.37561901456410174,0.8212830836289291,0.5705208993060268,3.493432965908976e-17,5.02890849780018e-17
21.0,0.40362274372056317,0.0,0.37533229511554206,0.8201472370999642,0.5721525229143843,3.503423779055917e-17,5.021953443720082e-17
21.01,0.40383921858727867,0.0,0.3750470050151388,0.8190137411274533,0.5737739030702015,3.5133518691460295e-17,5.015012782647173e-17
21.02,0.40405663188700097,0.0,0.37476314842667335,0.8178826657662926,0.5753850406806063,3.5232172417338703e-17,5.008086943543974e-17
21.03,0.4042749790092564,0.0,0.3744807294932536,0.8167540808321825,0.5769859369551192,3.5330199042256166e-17,5.001176353908354e-17
21.04,0.4044942553278349,0.0,0.3741997523372501,0.8156280558978506,0.5785765934016798,3.542759865854734e-17,4.994281439750406e-17
21.05,0.40471445620086943,0.0,0.3739202210602304,0.8145046602893063,0.5801570118226631,3.5524371376575873e-17,4.9874026255695064e-17
21.06,0.40493557697091365,0.0,0.3736421397428963,0.8133839630821392,0.581727194310867,3.562051732448868e-17,4.980540334331654e-17
21.07,0.4051576129650222,0.0,0.37336551244501903,0.8122660330978441,0.5832871432454962,3.571603664797003e-17,4.973694987446964e-17
21.08,0.40538055949482876,0.0,0.37309034320537693,0.8111509389001919,0.584836861288118,3.581092950999391e-17,4.966867004747451e-17
21.09,0.4056044118566268,0.0,0.37281663604169113,0.8100387487916304,0.586376351378609,3.590519609057586e-17,4.9600568044649855e-17
21.1,0.40582916533144836,0.0,0.372544394950564,0.808929530809726,0.5879056167310843,3.599883658652365e-17,4.9532648032095055e-17
21.11,0.40605481518514475,0.0,0.37227362390741614,0.8078233527236384,0.5894246608298132,3.6091851211187246e-17,4.9464914159474354e-17
21.12,0.40628135666846665,0.0,0.37200432686642404,0.8067202820306334,0.5909334874251208,3.618424019420784e-17,4.9397370559803263e-17
21.13,0.40650878501714455,0.0,0.3717365077604592,0.8056203859526336,0.5924321005292755,3.6276003781266015e-17,4.93300213492374e-17
21.14,0.4067370954519698,0.0,0.3714701705010255,0.8045237314328021,0.5939205044123671,3.636714223382934e-17,4.9262870626863295e-17
21.15,0.40696628317887545,0.0,0.3712053189781993,0.8034303851321662,0.5953987035981678,3.6457655828898994e-17,4.919592247449163e-17
21.16,0.4071963433890174,0.0,0.370941957060568,0.8023404134262748,0.596866702859989,3.6547544858756e-17,4.9129180956452577e-17
21.17,0.40742727125885625,0.0,0.37068008859516965,0.8012538824018943,0.5983245072165198,3.663680963070642e-17,4.906265011939348e-17
21.18,0.4076590619502386,0.0,0.3704197174074332,0.8001708578537395,0.5997721219276623,3.672545046682638e-17,4.899633399207869e-17
21.19,0.40789171061047974,0.0,0.3701608473011183,0.7990914052812403,0.6012095524903547,3.6813467703706275e-17,4.8930236585191567e-17
21.2,0.40812521237244476,0.0,0.36990348205825646,0.7980155898853474,0.6026368046343843,3.6900861692194376e-17,4.886436189113888e-17
21.21,0.4083595623546324,0.0,0.3696476254390912,0.7969434765653692,0.6040538843181978,3.698763279714033e-17,4.8798713883857157e-17
21.22,0.4085947556612563,0.0,0.3693932811820203,0.7958751299158525,0.6054607977246956,3.707378139713758e-17,4.8733296518621637e-17
21.23,0.40883078738232925,0.0,0.3691404530035363,0.7948106142234892,0.6068575512570309,3.715930788426619e-17,4.866811373185689e-17
21.24,0.4090676525937452,0.0,0.3688891445981695,0.7937499934640687,0.6082441515343907,3.724421266383446e-17,4.8603169440950214e-17
21.25,0.4093053463573635,0.0,0.3686393596384295,0.7926933312994592,0.6096206053877821,3.732849615412095e-17,4.853846754406676e-17
21.26,0.40954386372109175,0.0,0.36839110177474815,0.791640691074629,0.610986919855805,3.74121587861156e-17,4.8474011919967155e-17
21.27,0.40978319971897037,0.0,0.3681443746354226,0.7905921358147009,0.6123431021804276,3.7495201003261066e-17,4.840980642782715e-17
21.28,0.4100233493712562,0.0,0.36789918182655823,0.7895477282220431,0.6136891598027545,3.7577623261193595e-17,4.834585490705947e-17
21.29,0.41026430768450667,0.0,0.36765552693201303,0.7885075306733967,0.6150251003587921,3.765942602748372e-17,4.828216117713794e-17
21.3,0.410506069651665,0.0,0.36741341351334067,0.787471605217036,0.6163509316752144,3.7740609781377017e-17,4.8218729037423565e-17
21.31,0.41074863025214386,0.0,0.36717284510973575,0.7864400135699665,0.617666661765123,3.782117501353443e-17,4.815556226699303e-17
21.32,0.4109919844519113,0.0,0.3669338252379779,0.7854128171151566,0.6189722988238112,3.790112222577297e-17,4.8092664624469105e-17
21.33,0.4112361272035753,0.0,0.36669635739237744,0.7843900768988055,0.6202678512245222,3.798045193080589e-17,4.803003984785342e-17
21.34,0.41148105344646935,0.0,0.36646044504471964,0.7833718536276425,0.6215533275142137,3.8059164651983416e-17,4.796769165436106e-17
21.35,0.4117267581067381,0.0,0.36622609164421227,0.782358207666268,0.6228287364093156,3.8137260923032946e-17,4.790562374025776e-17
21.36,0.41197323609742276,0.0,0.3659933006174301,0.7813491990345209,0.6240940867914969,3.821474128779986e-17,4.784383978069871e-17
21.37,0.4122204823185481,0.0,0.3657620753682618,0.7803448874048851,0.625349387703432,3.8291606299988257e-17,4.778234342956971e-17
21.38,0.41246849165720706,0.0,0.3655324192778577,0.7793453320999312,0.6265946483445642,3.83678565229016e-17,4.7721138319330584e-17
21.39,0.41271725898764916,0.0,0.3653043357045753,0.778350592089787,0.6278298780668837,3.844349252918411e-17,4.766022806086024e-17
21.4,0.4129667791713653,0.0,0.3650778279839284,0.7773607259896491,0.6290550863706974,3.851851490056182e-17,4.759961624330432e-17
21.41,0.4132170470571759,0.0,0.36485289942853394,0.7763757920573218,0.6302702829004126,3.8592924227584354e-17,4.753930643392451e-17
21.42,0.41346805748131726,0.0,0.36462955332806074,0.7753958481907932,0.6314754774403202,3.866672110936674e-17,4.74793021779501e-17
21.43,0.413719805267529,0.0,0.36440779294917786,0.7744209519258446,0.632670679910385,3.873990615333163e-17,4.741960699843159e-17
21.44,0.4139722852271418,0.0,0.3641876215355037,0.77345116043369,0.6338559003620446,3.881247997495208e-17,4.736022439609622e-17
21.45,0.4142254921591645,0.0,0.36396904230755533,0.772486530518654,0.6350311489740111,3.8884443197494435e-17,4.730115784920569e-17
21.46,0.4144794208503726,0.0,0.36375205846269787,0.7715271186158766,0.6361964360480833,3.895579645176195e-17,4.724241081341568e-17
21.47,0.41473406607539565,0.0,0.3635366731750953,0.7705729807890561,0.637351772004965,3.90265403758387e-17,4.7183986721637626e-17
21.48,0.41498942259680627,0.0,0.36332288959565984,0.7696241727282194,0.6384971673800942,3.909667561483421e-17,4.712588898390218e-17
21.49,0.41524548516520765,0.0,0.3631107108520034,0.7686807497475294,0.6396326328194771,3.9166202820628346e-17,4.706812098722498e-17
21.5,0.41550224851932344,0.0,0.3629001400483885,0.7677427667831194,0.6407581790755392,3.9235122651617286e-17,4.7010686095474e-17
21.51,0.4157597073860852,0.0,0.36269118026568,0.7668102783909652,0.6418738170029765,3.9303435772459455e-17,4.695358764923932e-17
21.52,0.41601785648072226,0.0,0.3624838345612965,0.7658833387447834,0.6429795575546265,3.937114285382274e-17,4.689682896570435e-17
21.53,0.41627669050685134,0.0,0.36227810596916277,0.764962001633963,0.6440754117773483,3.943824457213215e-17,4.6840413338519256e-17
21.54,0.4165362041565644,0.0,0.36207399749966274,0.7640463204615311,0.6451613908079089,3.950474160931801e-17,4.6784344037676347e-17
21.55,0.4167963921105202,0.0,0.3618715121395918,0.7631363482421433,0.646237505868892,3.957063465256537e-17,4.672862430938703e-17
21.56,0.41705724903803254,0.0,0.3616706528521106,0.762232137600112,0.64730376826461,3.963592439406374e-17,4.66732573759611e-17
21.57,0.4173187695971611,0.0,0.36147142257669834,0.7613337407674592,0.648360189377037,3.9700611530758004e-17,4.6618246435687486e-17
21.58,0.41758094843480087,0.0,0.36127382422910753,0.7604412095820038,0.6494067806617505,3.97646967641e-17,4.6563594662717126e-17
21.59,0.4178437801867733,0.0,0.36107786070131753,0.7595545954854759,0.6504435536438923,3.9828180799801123e-17,4.650930520694754e-17
21.6,0.4181072594779163,0.0,0.36088353486148994,0.7586739495216631,0.6514705199141408,3.989106434758573e-17,4.6455381193909266e-17
21.61,0.41837138092217474,0.0,0.36069084955392383,0.7577993223345851,0.6524876911247013,3.9953348120945614e-17,4.640182572465415e-17
21.62,0.41863613912269193,0.0,0.3604998075990108,0.7569307641666979,0.6534950789853117,4.001503283689543e-17,4.6348641875645333e-17
21.63,0.41890152867189995,0.0,0.36031041179319145,0.756068324857128,0.6544926952592643,4.0076119215729105e-17,4.6295832698649154e-17
21.64,0.41916754415161156,0.0,0.3601226649089113,0.7552120538399331,0.6554805517594477,4.0136607980777434e-17,4.624340122062863e-17
21.65,0.41943418013311085,0.0,0.3599365696945777,0.7543620001423946,0.6564586603444011,4.019649985816652e-17,4.619135044363894e-17
21.66,0.4197014311772456,0.0,0.3597521288745166,0.7535182123833345,0.6574270329143942,4.0255795576577726e-17,4.6139683344724304e-17
21.67,0.41996929183451814,0.0,0.35956934514893013,0.7526807387714659,0.6583856814075169,4.031449586700823e-17,4.6088402875817044e-17
21.68,0.4202377566451778,0.0,0.35938822119385494,0.7518496271037651,0.6593346177957967,4.03726014625333e-17,4.603751196363785e-17
21.69,0.4205068201393132,0.0,0.35920875966111904,0.7510249247638744,0.6602738540813325,4.0430113098069524e-17,4.5987013509598027e-17
21.7,0.42077647683694314,0.0,0.3590309631783019,0.7502066787205344,0.661203402292445,4.048703151013913e-17,4.593691038970346e-17
21.71,0.4210467212481111,0.0,0.35885483434869203,0.7493949355260375,0.6621232744798555,4.0543357436635975e-17,4.588720545445995e-17
21.72,0.42131754787297565,0.0,0.35868037575124745,0.7485897413147149,0.663033482712878,4.0599091616592396e-17,4.583790152878054e-17
21.73,0.42158895120190465,0.0,0.35850758994055454,0.7477911418014441,0.6639340390756393,4.065423478994777e-17,4.5789001411894153e-17
21.74,0.4218609257155673,0.0,0.3583364794467885,0.7469991822801874,0.664824955663317,4.070878769731811e-17,4.574050787725609e-17
21.75,0.42213346588502776,0.0,0.3581670467756737,0.746213907622553,0.6657062445784026,4.0762751079767286e-17,4.5692423672459913e-17
21.76,0.42240656617183747,0.0,0.35799929440844463,0.7454353622763842,0.6665779179269862,4.0816125678579536e-17,4.564475151915108e-17
21.77,0.42268022102812935,0.0,0.357833224801807,0.7446635902643725,0.6674399878150655,4.086891223503342e-17,4.559749411294199e-17
21.78,0.42295442489671087,0.0,0.35766884038789937,0.7438986351826963,0.6682924663448795,4.092111149017735e-17,4.5550654123328683e-17
21.79,0.4232291722111577,0.0,0.35750614357425514,0.7431405401996853,0.669135365611264,4.097272418460642e-17,4.550423419360898e-17
21.8,0.4235044573959075,0.0,0.3573451367437647,0.7423893480545084,0.6699686976980357,4.1023751058241006e-17,4.5458236940802204e-17
21.81,0.42378027486635367,0.0,0.357185822254639,0.7416451010558871,0.6707924746743981,4.107419285010668e-17,4.541266495557037e-17
21.82,0.4240566190289403,0.0,0.35702820244037137,0.740907841080831,0.6716067085913765,4.1124050298115924e-17,4.5367520802140776e-17
21.83,0.4243334842812548,0.0,0.35687227960970236,0.740177609573401,0.672411411478275,4.1173324138851164e-17,4.532280701823024e-17
21.84,0.42461086501212375,0.0,0.3567180560465827,0.7394544475434907,0.6732065953391655,4.122201510734983e-17,4.527852611497051e-17
21.85,0.4248887556017069,0.0,0.356565534010138,0.7387383955656368,0.6739922721493984,4.1270123936890626e-17,4.523468057683542e-17
21.86,0.42516715042159114,0.0,0.3564147157346338,0.7380294937778484,0.6747684538521439,4.1317651358781826e-17,4.5191272861569175e-17
21.87,0.4254460438348866,0.0,0.3562656034294397,0.7373277818804596,0.6755351523549619,4.136459810215118e-17,4.514830540011613e-17
21.88,0.42572543019632025,0.0,0.3561181992789957,0.7366332991350071,0.6762923795263962,4.1410964893737407e-17,4.510578059655206e-17
21.89,0.4260053038523321,0.0,0.3559725054427776,0.7359460843631275,0.6770401471926022,4.145675245768366e-17,4.50637008280166e-17
21.9,0.42628565914116934,0.0,0.35582852405526355,0.7352661759454774,0.6777784671339997,4.1501961515332614e-17,4.502206844464718e-17
21.91,0.42656649039298256,0.0,0.35568625722590025,0.7345936118206748,0.6785073510819583,4.154659278502348e-17,4.4980885769514135e-17
21.92,0.42684779192992056,0.0,0.35554570703907046,0.733928429484263,0.6792268107155099,4.159064698189072e-17,4.494015509855733e-17
21.93,0.4271295580662264,0.0,0.3554068755540601,0.7332706659876946,0.6799368576580938,4.16341248176647e-17,4.489987870052391e-17
21.94,0.4274117831083327,0.0,0.3552697648050261,0.7326203579373359,0.6806375034743308,4.1677027000474236e-17,4.4860058816907335e-17
21.95,0.4276944613549578,0.0,0.35513437680096477,0.731977541493494,0.6813287596668294,4.171935423465094e-17,4.482069766188782e-17
21.96,0.42797758709720174,0.0,0.3550007135256802,0.7313422523694616,0.6820106376730225,4.176110722053561e-17,4.478179742227385e-17
21.97,0.4282611546186418,0.0,0.35486877693775337,0.730714525830584,0.682683148862036,4.1802286654286417e-17,4.4743360257445034e-17
21.98,0.42854515819542954,0.0,0.35473856897051137,0.7300943966933442,0.683346304531591,4.184289322768927e-17,4.4705388299296095e-17
21.99,0.4288295920963864,0.0,0.3546100915319975,0.7294818993244698,0.6840001159049347,4.188292762796985e-17,4.4667883652182184e-17
22.0,0.42911445058310077,0.0,0.3544833465049411,0.7288770676400557,0.68464459412781,4.1922390537608066e-17,4.463084839286515e-17
22.01,0.42939972791002406,0.0,0.35435833574672826,0.7282799351047098,0.6852797502654516,4.1961282634154147e-17,4.459428457046125e-17
22.02,0.4296854183245673,0.0,0.35423506108937297,0.7276905347307149,0.6859055952996201,4.199960459004698e-17,4.455819420638979e-17
22.03,0.4299715160671987,0.0,0.35411352433948795,0.7271088990772084,0.6865221401256698,4.203735707243461e-17,4.452257929432296e-17
22.04,0.4302580153715396,0.0,0.353993727278257,0.7265350602493841,0.6871293955496475,4.2074540742996564e-17,4.448744180013688e-17
22.05,0.43054491046446236,0.0,0.3538756716614069,0.7259690498977067,0.6877273722854289,4.211115625776853e-17,4.445278366186358e-17
22.06,0.4308321955661867,0.0,0.3537593592191799,0.7254108992171492,0.6883160809518887,4.2147204266969045e-17,4.4418606789644246e-17
22.07,0.43111986489037746,0.0,0.35364479165630675,0.7248606389464433,0.6888955320701058,4.218268541482839e-17,4.438491306568335e-17
22.08,0.4314079126442418,0.0,0.35353197065197994,0.7243182993673506,0.689465736060603,4.221760033941957e-17,4.4351704344204014e-17
22.09,0.4316963330286264,0.0,0.3534208978598278,0.7237839103039482,0.6900267032406255,4.2251949672491634e-17,4.4318982451404254e-17
22.1,0.43198512023811564,0.0,0.35331157490788817,0.7232575011219327,0.6905784438214514,4.2285734039305033e-17,4.42867491854144e-17
22.11,0.4322742684611284,0.0,0.35320400339858327,0.72273910072794,0.6911209679057412,4.231895405846933e-17,4.4255006316255413e-17
22.12,0.43256377188001655,0.0,0.3530981849086945,0.7222287375688811,0.6916542854849237,4.235161034178307e-17,4.42237555857982e-17
22.13,0.43285362467116223,0.0,0.3529941209893379,0.7217264396312945,0.6921784064366177,4.238370349407597e-17,4.419299870772401e-17
22.14,0.43314382100507665,0.0,0.35289181316593976,0.7212322344407136,0.6926933405220925,4.241523411305341e-17,4.4162737367485665e-17
22.15,0.4334343550464966,0.0,0.35279126293821295,0.7207461490610514,0.6931990973837637,4.2446202789143034e-17,4.4132973222269886e-17
22.16,0.4337252209544843,0.0,0.35269247178013324,0.7202682100939974,0.6936956865427297,4.247661010534398e-17,4.410370790096036e-17
22.17,0.4340164128825246,0.0,0.3525954411399165,0.7197984436784332,0.6941831173963434,4.250645663707817e-17,4.407494300410198e-17
22.18,0.43430792497862336,0.0,0.352500172439996,0.7193368754898601,0.6946613992158234,4.253574295204399e-17,4.404668010386577e-17
22.19,0.4345997513854064,0.0,0.3524066670769999,0.7188835307398426,0.6951305411439047,4.2564469610072524e-17,4.4018920744014806e-17
22.2,0.43489188624021724,0.0,0.3523149264217299,0.7184384341754663,0.6955905521925267,4.2592637162985894e-17,4.399166643987106e-17
22.21,0.4351843236752163,0.0,0.3522249518191393,0.7180016100788091,0.6960414412405612,4.262024615445819e-17,4.396491867828298e-17
22.22,0.43547705781747925,0.0,0.3521367445883125,0.7175730822664286,0.6964832170315788,4.2647297119878714e-17,4.3938678917594106e-17
22.23,0.43577008278909585,0.0,0.3520503060224438,0.7171528740888599,0.6969158881716558,4.2673790586217657e-17,4.3912948587612354e-17
22.24,0.43606339270726874,0.0,0.3519656373888176,0.7167410084301298,0.697339463127221,4.269972707189424e-17,4.3887729089580226e-17
22.25,0.4363569816844124,0.0,0.35188273992878843,0.7163375077072828,0.6977539502229411,4.272510708664732e-17,4.386302179614581e-17
22.26,0.4366508438282518,0.0,0.35180161485776174,0.7159423938699215,0.6981593576396481,4.274993113140836e-17,4.383882805133465e-17
22.27,0.4369449732419221,0.0,0.3517222633651744,0.7155556883997585,0.6985556934123061,4.277419969817702e-17,4.3815149170522256e-17
22.28,0.4372393640240673,0.0,0.35164468661447684,0.7151774123101812,0.6989429654280191,4.279791326989914e-17,4.3791986440407516e-17
22.29,0.4375340102689394,0.0,0.35156888574311407,0.7148075861458312,0.6993211814240794,4.282107232034722e-17,4.376934111898691e-17
22.3,0.4378289060664981,0.0,0.35149486186250845,0.7144462299821928,0.699690348986058,4.284367731400352e-17,4.374721443552931e-17
22.31,0.4381240455025095,0.0,0.35142261605804215,0.7140933634251971,0.7000504755459348,4.2865728705945575e-17,4.3725607590551765e-17
22.32,0.43841942265864636,0.0,0.3513521493890402,0.7137490056108345,0.7004015683802721,4.2887226941734316e-17,4.370452175579574e-17
22.33,0.4387150316125867,0.0,0.35128346288875384,0.7134131752047825,0.7007436346084281,4.2908172457304697e-17,4.368395807420434e-17
22.34,0.439010866438114,0.0,0.35121655756434433,0.7130858904020425,0.7010766811908139,4.292856567885898e-17,4.3663917659900085e-17
22.35,0.4393069212052164,0.0,0.3511514343968676,0.7127671689265898,0.7014007149271907,4.2948407022762464e-17,4.364440159816345e-17
22.36,0.4396031899801865,0.0,0.3510880943412582,0.7124570280310331,0.7017157424550113,4.296769689544191e-17,4.3625410945412035e-17
22.37,0.4398996668257212,0.0,0.35102653832631503,0.7121554844962872,0.7020217702478025,4.29864356932865e-17,4.360694672918053e-17
22.38,0.4401963458010214,0.0,0.3509667672546866,0.7118625546312555,0.7023188046135905,4.300462380255145e-17,4.3589009948101244e-17
22.39,0.4404932209618918,0.0,0.3509087820028567,0.7115782542725229,0.7026068516933697,4.3022261599264216e-17,4.3571601571885325e-17
22.4,0.44079028636084067,0.0,0.350852583421131,0.7113025987840602,0.7028859174596133,4.303934944913331e-17,4.3554722541304665e-17
22.41,0.4410875360471803,0.0,0.35079817233362365,0.711035603056939,0.7031560077148279,4.305588770745978e-17,4.3538373768174416e-17
22.42,0.4413849640671263,0.0,0.3507455495382442,0.7107772815090561,0.7034171280901511,4.307187671905137e-17,4.352255613533613e-17
22.43,0.4416825644638982,0.0,0.35069471580668554,0.7105276480848693,0.7036692840439919,4.308731681813922e-17,4.3507270496641615e-17
22.44,0.4419803312778194,0.0,0.3506456718844114,0.7102867162551421,0.7039124808607156,4.310220832829739e-17,4.34925176769372e-17
22.45,0.442278258546417,0.0,0.35059841849064505,0.7100544990166994,0.7041467236493713,4.3116551562364917e-17,4.347829847204892e-17
22.46,0.44257634030452275,0.0,0.35055295631835764,0.7098310088921919,0.7043720173424644,4.313034682237065e-17,4.346461364876796e-17
22.47,0.44287457058437213,0.0,0.350509286034258,0.709616257929872,0.7045883666947712,4.3143594399460657e-17,4.345146394483702e-17
22.48,0.4431729434157062,0.0,0.35046740827878137,0.7094102577033767,0.7047957762821998,4.31562945738285e-17,4.3438850068936965e-17
22.49,0.44347145282587,0.0,0.35042732366608026,0.7092130193115224,0.7049942505006932,4.316844761464806e-17,4.3426772700674295e-17
22.5,0.44377009283991486,0.0,0.3503890327840143,0.7090245533781072,0.7051837935651779,4.318005378000915e-17,4.341523249056903e-17
22.51,0.44406885748069724,0.0,0.350352536194141,0.7088448700517246,0.705364409508556,4.3191113316855794e-17,4.34042300600433e-17
22.52,0.44436774076897995,0.0,0.35031783443170733,0.7086739790055832,0.7055361021807419,4.3201626460927276e-17,4.33937660014103e-17
22.53,0.4446667367235326,0.0,0.35028492800564126,0.7085118894373383,0.7056988752477453,4.321159343670193e-17,4.338384087786399e-17
22.54,0.4449658393612316,0.0,0.3502538173985435,0.708358610068932,0.7058527321907954,4.3221014457343574e-17,4.3374455223469283e-17
22.55,0.4452650426971615,0.0,0.3502245030666803,0.7082141491464398,0.7059976763055134,4.3229889724650804e-17,4.336560954315268e-17
22.56,0.4455643407447146,0.0,0.35019698543997607,0.708078514439929,0.7061337107011273,4.323821942900893e-17,4.33573043126936e-17
22.57,0.4458637275156925,0.0,0.350171264922007,0.7079517132433243,0.7062608382997332,4.324600374934473e-17,4.3349539978716096e-17
22.58,0.4461631970204055,0.0,0.35014734188999436,0.7078337523742821,0.7063790618356007,4.325324285308394e-17,4.3342316958681244e-17
22.59,0.446462743267775,0.0,0.3501252166947987,0.7077246381740732,0.706488383854524,4.325993689611147e-17,4.333563564087987e-17
22.6,0.44676236026543203,0.0,0.3501048896609145,0.7076243765074743,0.7065888067132172,4.326608602273447e-17,4.3329496384426e-17
22.61,0.4470620420198194,0.0,0.35008636108646524,0.7075329727626686,0.7066803325787557,4.3271690365648014e-17,4.3323899519250675e-17
22.62,0.44736178253629255,0.0,0.3500696312431981,0.7074504318511526,0.706762963428063,4.327675004590376e-17,4.331884534609634e-17
22.63,0.4476615758192186,0.0,0.35005470037648045,0.7073767582076541,0.7068367010474415,4.328126517288119e-17,4.331433413651174e-17
22.64,0.4479614158720793,0.0,0.3500415687052956,0.7073119557900556,0.7069015470321497,4.328523584426171e-17,4.331036613284729e-17
22.65,0.44826129669757,0.0,0.3500302364222395,0.7072560280793281,0.7069575027860251,4.328866214600558e-17,4.330694154825099e-17
22.66,0.4485612122977012,0.0,0.3500207036935177,0.7072089780794721,0.7070045695211515,4.329154415233153e-17,4.330406056666481e-17
22.67,0.44886115667389925,0.0,0.35001297065894255,0.7071708083174667,0.7070427482575723,4.3293881925699185e-17,4.3301723342821605e-17
22.68,0.44916112382710693,0.0,0.3500070374319316,0.7071415208432269,0.7070720398230494,4.329567551679437e-17,4.3299930002242457e-17
22.69,0.4494611077578846,0.0,0.35000290409950524,0.7071211172295695,0.7070924448528675,4.3296924964517025e-17,4.329868064123463e-17
22.7,0.4497611024665105,0.0,0.3500005707222855,0.7071095985721858,0.7071039637896837,4.3297630295972104e-17,4.329797532688986e-17
22.71,0.45006110195308213,0.0,0.35000003733449514,0.7071069654896244,0.7071065968834227,4.329779152646307e-17,4.3297814097083325e-17
22.72,0.45036110021761633,0.0,0.35000130394395723,0.707113218123279,0.7071003441912188,4.329740865948839e-17,4.329819696047289e-17
22.73,0.4506610912601507,0.0,0.35000437053209477,0.707128356137388,0.7070852055774008,4.329648168674061e-17,4.3299123896499093e-17
22.74,0.450961069080844,0.0,0.3500092370539314,0.7071523787190389,0.7070611807135256,4.329501058810837e-17,4.3300594855385396e-17
22.75,0.4512610276800776,0.0,0.3500159034380914,0.7071852845781822,0.7070282690784545,4.3292995331681147e-17,4.3302609758139044e-17
22.76,0.4515609610585552,0.0,0.35002436958680166,0.7072270719476533,0.7069864699584771,4.329043587375677e-17,4.330516849655243e-17
22.77,0.4518608632174042,0.0,0.3500346353758926,0.7072777385832022,0.7069357824474806,4.3287332158851835e-17,4.330827093320485e-17
22.78,0.4521607281582773,0.0,0.3500467006548002,0.7073372817635312,0.7068762054471625,4.328368411971472e-17,4.33119169014649e-17
22.79,0.45246054988345125,0.0,0.35006056524656864,0.707405698290341,0.7068077376672918,4.327949167734155e-17,4.331610620549321e-17
22.8,0.45276032239593,0.0,0.35007622894785284,0.7074829844883849,0.7067303776260135,4.327475474099488e-17,4.332083862024585e-17
22.81,0.45306003969954345,0.0,0.35009369152892156,0.7075691362055305,0.7066441236502002,4.326947320822521e-17,4.332611389147803e-17
22.82,0.4533596957990495,0.0,0.35011295273366116,0.7076641488128305,0.7065489738758468,4.3263646964895134e-17,4.333193173574845e-17
22.83,0.45365928470023403,0.0,0.35013401227957974,0.7077680172046013,0.7064449262485132,4.325727588520648e-17,4.333829184042419e-17
22.84,0.4539588004100119,0.0,0.35015686985781097,0.7078807357985094,0.7063319785238107,4.3250359831730086e-17,4.334519386368589e-17
22.85,0.45425823693652767,0.0,0.3501815251331198,0.7080022985356674,0.7062101282679338,4.3242898655438346e-17,4.3352637434533695e-17
22.86,0.4545575882892562,0.0,0.3502079777439069,0.7081326988807369,0.7060793728582386,4.323489219574062e-17,4.336062215279355e-17
22.87,0.4548568484791032,0.0,0.35023622730221465,0.708271929822041,0.7059397094838636,4.32263402805213e-17,4.3369147589124065e-17
22.88,0.455156011518506,0.0,0.35026627339373334,0.7084199838716841,0.7057911351463992,4.321724272618074e-17,4.3378213285023877e-17
22.89,0.4554550714215343,0.0,0.3502981155778075,0.708576853065682,0.7056336466605989,4.320759933767885e-17,4.338781875283959e-17
22.9,0.4557540222039901,0.0,0.3503317533874426,0.7087425289640987,0.7054672406551376,4.319740990858149e-17,4.339796347577419e-17
22.91,0.45605285788350924,0.0,0.3503671863293127,0.7089170026511937,0.7052919135734135,4.3186674221109625e-17,4.340864690789601e-17
22.92,0.45635157247966085,0.0,0.3504044138837681,0.7091002647355766,0.7051076616743964,4.317539204619122e-17,4.341986847414824e-17
22.93,0.4566501600140485,0.0,0.350443435504843,0.7092923053503716,0.704914481033519,4.316356314351583e-17,4.343162757035898e-17
22.94,0.45694861451041086,0.0,0.3504842506202649,0.7094931141533902,0.7047123675436131,4.3151187261591947e-17,4.3443923563251854e-17
22.95,0.457246929994721,0.0,0.3505268586314627,0.7097026803273141,0.7045013169158921,4.3138264137807116e-17,4.345675579045712e-17
22.96,0.4575451004952884,0.0,0.35057125891357654,0.7099209925798862,0.7042813246809753,4.3124793498490705e-17,4.347012356052347e-17
22.97,0.4578431200428576,0.0,0.3506174508154675,0.710148039144111,0.7040523861899584,4.3110775058979434e-17,4.3484026152930236e-17
22.98,0.45814098267071,0.0,0.35066543365972763,0.7103838077784654,0.7038144966155274,4.309620852368557e-17,4.349846281810032e-17
22.99,0.45843868241476277,0.0,0.3507152067426907,0.7106282857671177,0.7035676509531175,4.308109358616788e-17,4.3513432777413564e-17
23.0,0.45873621331367037,0.0,0.35076676933444306,0.7108814599201568,0.703311844022114,4.3065429929205225e-17,4.352893522322088e-17
23.01,0.4590335694089236,0.0,0.3508201206788353,0.7111433165738315,0.7030470704670999,4.304921722487288e-17,4.354496931885878e-17
23.02,0.4593307447449504,0.0,0.3508752599934937,0.7114138415907989,0.7027733247591443,4.3032455134621475e-17,4.35615341986647e-17
23.03,0.4596277333692158,0.0,0.3509321864698329,0.7116930203603837,0.7024906011971367,4.301514330935866e-17,4.3578628967992804e-17
23.04,0.45992452933232175,0.0,0.35099089927306804,0.7119808377988467,0.7021988939091632,4.299728138953343e-17,4.3596252703230425e-17
23.05,0.46022112668810744,0.0,0.35105139754222836,0.7122772783496645,0.7018981968539274,4.297886900522305e-17,4.361440445181525e-17
23.06,0.46051751949374875,0.0,0.3511136803901702,0.7125823259838183,0.7015885038222129,4.295990577622268e-17,4.363308323225295e-17
23.07,0.4608137018098588,0.0,0.35117774690359127,0.7128959642000955,0.70126980843839,4.29403913121376e-17,4.3652288034135653e-17
23.08,0.4611096677005869,0.0,0.3512435961430444,0.713218176025399,0.7009421041619649,4.2920325212478045e-17,4.3672017818160924e-17
23.09,0.4614054112337193,0.0,0.3513112271429528,0.7135489440150707,0.7006053842891714,4.2899707066756754e-17,4.369227151615152e-17
23.1,0.46170092648077804,0.0,0.35138063891162485,0.713888250253223,0.7002596419546051,4.2878536454588936e-17,4.371304803107571e-17
23.11,0.46199620751712067,0.0,0.3514518304312696,0.7142360763530828,0.6999048701329011,4.285681294579507e-17,4.3734346237068374e-17
23.12,0.46229124842204095,0.0,0.35152480065801284,0.7145924034573483,0.6995410616404517,4.283453610050603e-17,4.375616497945278e-17
23.13,0.4625860432788666,0.0,0.3515995485219132,0.7149572122385547,0.6991682091371677,4.281170546927098e-17,4.377850307476304e-17
23.14,0.46288058617506034,0.0,0.3516760729269791,0.7153304828994529,0.6987863051282813,4.278832059316777e-17,4.380135931076727e-17
23.15,0.46317487120231804,0.0,0.3517543727511859,0.7157121951733998,0.6983953419661912,4.276438100391586e-17,4.382473244649149e-17
23.16,0.463468892456669,0.0,0.351834446846493,0.7161023283247627,0.697995311852346,4.2739886223991707e-17,4.3848621212244385e-17
23.17,0.4637626440385746,0.0,0.3519162940388624,0.7165008611493312,0.6975862068391739,4.271483576674689e-17,4.387302430964253e-17
23.18,0.46405612005302754,0.0,0.3519999131282767,0.7169077719747461,0.6971680188320499,4.268922913652858e-17,4.389794041163667e-17
23.19,0.46434931460965145,0.0,0.3520853028887579,0.71732303866094,0.6967407395913027,4.266306582880242e-17,4.3923368162538665e-17
23.2,0.464642221822799,0.0,0.35217246206838676,0.7177466386005881,0.6963043607342674,4.2636345330278225e-17,4.394930617804911e-17
23.21,0.46493483581165185,0.0,0.35226138938932205,0.718178548719575,0.6958588737373729,4.2609067119037793e-17,4.3975753045285947e-17
23.22,0.46522715070031856,0.0,0.35235208354782066,0.7186187454774737,0.6954042699382725,4.2581230664665375e-17,4.4002707322813736e-17
23.23,0.4655191606179345,0.0,0.35244454321425833,0.7190672048680379,0.694940540538014,4.2552835428380515e-17,4.403016754067383e-17
23.24,0.4658108596987591,0.0,0.3525387670331497,0.7195239024197068,0.69446767660325,4.252388086317347e-17,4.405813220041532e-17
23.25,0.4661022420822762,0.0,0.3526347536231703,0.7199888131961268,0.693985669068485,4.249436641394272e-17,4.4086599775126917e-17
23.26,0.46639330191329087,0.0,0.3527325015771777,0.7204619117966842,0.6934945087383654,4.246429151763527e-17,4.41155687094696e-17
23.27,0.46668403334202907,0.0,0.35283200946223336,0.7209431723570533,0.6929941862900064,4.2433655603389046e-17,4.414503741971019e-17
23.28,0.46697443052423576,0.0,0.35293327581962564,0.7214325685497595,0.6924846922753575,4.240245809267782e-17,4.417500429375582e-17
23.29,0.46726448762127265,0.0,0.35303629916489176,0.7219300735847567,0.691966017123607,4.2370698399458393e-17,4.420546769118927e-17
23.3,0.4675541988002172,0.0,0.35314107798784206,0.7224356602100194,0.6914381511436244,4.2338375930320174e-17,4.4236425943305253e-17
23.31,0.46784355823395996,0.0,0.35324761075258243,0.722949300712149,0.6909010845264427,4.230549008463715e-17,4.426787735314753e-17
23.32,0.4681325601013032,0.0,0.3533558958975394,0.7234709669170001,0.6903548073477731,4.22720402547219e-17,4.4299820195547243e-17
23.33,0.4684211985870583,0.0,0.3534659318354837,0.7240006301903145,0.6897993095705645,4.22380258259823e-17,4.433225271716176e-17
23.34,0.46870946788214385,0.0,0.3535777169535557,0.7245382614383786,0.6892345810475935,4.2203446177080116e-17,4.436517313651493e-17
23.35,0.46899736218368343,0.0,0.3536912496132904,0.7250838311086936,0.6886606115240943,4.216830068009205e-17,4.439857964403808e-17
23.36,0.4692848756951027,0.0,0.3538065281506427,0.7256373091906606,0.6880773906404262,4.213258870067304e-17,4.443247040211204e-17
23.37,0.4695720026262278,0.0,0.353923550876014,0.7261986652162861,0.6874849079347738,4.209630959822168e-17,4.4466843545110254e-17
23.38,0.4698587371933816,0.0,0.3540423160742784,0.726767868260901,0.6868831528458866,4.205946272604786e-17,4.450169717944289e-17
23.39,0.47014507361948255,0.0,0.3541628220048093,0.7273448869438984,0.686272114715852,4.202204743154267e-17,4.4537029383601934e-17
23.4,0.4704310061341399,0.0,0.3542850669015067,0.7279296894294874,0.6856517827929056,4.1984063056350405e-17,4.4572838208207437e-17
23.41,0.4707165289737527,0.0,0.3544090489728251,0.7285222434274671,0.6850221462342736,4.1945508936542663e-17,4.4609121676054823e-17
23.42,0.47100163638160547,0.0,0.3545347664018012,0.7291225161940148,0.6843831941090522,4.190638440279463e-17,4.4645877782163225e-17
23.43,0.4712863226079654,0.0,0.3546622173460822,0.7297304745324948,0.6837349154011223,4.1866688780563536e-17,4.468310449382495e-17
23.44,0.47157058191017964,0.0,0.3547913999379552,0.7303460847942858,0.6830772990120942,4.182642139026904e-17,4.4720799750656173e-17
23.45,0.47185440855277105,0.0,0.35492231228437554,0.7309693128796243,0.6824103337642902,4.178558154747575e-17,4.4758961464648604e-17
23.46,0.4721377968075355,0.0,0.35505495246699725,0.7316001242384705,0.6817340084037575,4.174416856307782e-17,4.479758752022244e-17
23.47,0.4724207409536376,0.0,0.3551893185422023,0.7322384838713888,0.6810483116033178,4.1702181743485615e-17,4.483667577428036e-17
23.48,0.4727032352777077,0.0,0.35532540854113154,0.7328843563304539,0.6803532319656431,4.1659620390814076e-17,4.487622405626293e-17
23.49,0.4729852740739372,0.0,0.35546322046971507,0.7335377057201686,0.6796487580263729,4.161648380307358e-17,4.4916230168204884e-17
23.5,0.4732668516441754,0.0,0.3556027523087038,0.7341984956984093,0.6789348782572543,4.157277127436222e-17,4.4956691884792937e-17
23.51,0.473547962298025,0.0,0.35574400201370066,0.7348666894773868,0.6782115810693193,4.152848209506038e-17,4.4997606953424684e-17
23.52,0.4738286003529377,0.0,0.3558869675151927,0.735542249824628,0.6774788548160928,4.1483615552027125e-17,4.503897309426867e-17
23.53,0.4741087601343104,0.0,0.35603164671858356,0.7362251390639813,0.6767366877968279,4.143817092879835e-17,4.5080788000325985e-17
23.54,0.4743884359755801,0.0,0.35617803750422594,0.7369153190766392,0.6759850682597768,4.1392147505787035e-17,4.512304933749283e-17
23.55,0.4746676222183202,0.0,0.3563261377274552,0.7376127513021851,0.6752239844054867,4.1345544560485084e-17,4.516575474462468e-17
23.56,0.4749463132123345,0.0,0.3564759452186221,0.7383173967396583,0.6744534243901308,4.129836136766725e-17,4.5208901833601454e-17
23.57,0.4752245033157536,0.0,0.35662745778312765,0.7390292159486458,0.6736733763288629,4.125059719959662e-17,4.5252488189394356e-17
23.58,0.475502186895129,0.0,0.3567806732014567,0.7397481690503908,0.6728838282992053,4.1202251326231954e-17,4.5296511370133806e-17
23.59,0.4757793583255285,0.0,0.35693558922921287,0.7404742157289272,0.6720847683444627,4.1153323015436835e-17,4.534096890717887e-17
23.6,0.4760560119906305,0.0,0.3570922035971539,0.7412073152322344,0.6712761844771667,4.110381153319052e-17,4.538585830518795e-17
23.61,0.4763321422828191,0.0,0.35725051401122654,0.7419474263734169,0.6704580646825445,4.1053716143800364e-17,4.543117704219108e-17
23.62,0.4766077436032782,0.0,0.35741051815260305,0.7426945075319064,0.6696303969220179,4.1003036110116044e-17,4.5476922569663445e-17
23.63,0.47688281036208563,0.0,0.35757221367771685,0.7434485166546845,0.6687931691367289,4.0951770693745475e-17,4.552309231260035e-17
23.64,0.47715733697830776,0.0,0.35773559821829976,0.7442094112575364,0.6679463692510882,4.089991915527206e-17,4.5569683669593906e-17
23.65,0.47743131788009335,0.0,0.3579006693814183,0.7449771484263183,0.6670899851763563,4.0847480754474e-17,4.561669401291067e-17
23.66,0.4777047475047672,0.0,0.3580674247495118,0.7457516848182586,0.6662240048142432,4.0794454750544684e-17,4.566412068857131e-17
23.67,0.4779776202989242,0.0,0.3582358618804298,0.7465329766632777,0.6653484160605375,4.074084040231493e-17,4.571196101643144e-17
23.68,0.4782499307185225,0.0,0.3584059783074701,0.7473209797653338,0.6644632068087605,4.068663696847672e-17,4.5760212290264e-17
23.69,0.47852167322897754,0.0,0.3585777715394179,0.748115649503796,0.6635683649538405,4.0631843707808176e-17,4.5808871777843353e-17
23.7,0.47879284230525443,0.0,0.3587512390605838,0.7489169408348401,0.6626638783958159,4.057645987940034e-17,4.585793672103073e-17
23.71,0.47906343243196226,0.0,0.3589263783308443,0.7497248082928704,0.6617497350435577,4.05204847428851e-17,4.5907404335861334e-17
23.72,0.47933343810344553,0.0,0.35910318678568015,0.7505392059919678,0.6608259228185185,4.0463917558664725e-17,4.595727181263297e-17
23.73,0.4796028538238785,0.0,0.3592816618362179,0.7513600876273653,0.6598924296584997,4.0406757588142576e-17,4.600753631599639e-17
23.74,0.47987167410735665,0.0,0.3594618008692689,0.7521874064769469,0.6589492435214447,4.034900409395535e-17,4.6058194985047106e-17
23.75,0.48013989347798985,0.0,0.3596436012473714,0.7530211154027764,0.6579963523892504,4.029065634020647e-17,4.6109244933418986e-17
23.76,0.4804075064699943,0.0,0.3598270603088308,0.7538611668526488,0.6570337442716034,4.023171359270099e-17,4.6160683249379256e-17
23.77,0.48067450762778474,0.0,0.360012175367762,0.754707512861675,0.6560614072098317,4.0172175119181436e-17,4.621250699592551e-17
23.78,0.4809408915060668,0.0,0.3601989437141308,0.755560105053888,0.6550793292807808,4.0112040189565164e-17,4.6264713210884095e-17
23.79,0.4812066526699281,0.0,0.36038736261379656,0.756418894643879,0.6540874986007088,4.0051308076182844e-17,4.631729890701027e-17
23.8,0.48147178569493077,0.0,0.360577429308555,0.7572838324384649,0.6530859033291954,3.998997805401784e-17,4.637026107209033e-17
23.81,0.48173628516720207,0.0,0.36076914101618096,0.7581548688383751,0.6520745316730796,3.9928049400947314e-17,4.6423596669044876e-17
23.82,0.48200014568352656,0.0,0.3609624949304723,0.7590319538399779,0.6510533718904047,3.9865521397983773e-17,4.6477302636034525e-17
23.83,0.48226336185143615,0.0,0.36115748822129323,0.7599150370370267,0.6500224122943873,3.9802393329518126e-17,4.6531375886566857e-17
23.84,0.4825259282893024,0.0,0.36135411803461936,0.7608040676224396,0.6489816412574013,3.9738664483563617e-17,4.6585813309605357e-17
23.85,0.48278783962642613,0.0,0.3615523814925812,0.7616989943901059,0.6479310472149806,3.967433415200093e-17,4.664061176968005e-17
23.86,0.4830490905031286,0.0,0.36175227569351004,0.762599765736725,0.6468706186698326,3.9609401630823934e-17,4.669576810700009e-17
23.87,0.4833096755708421,0.0,0.36195379771198316,0.7635063296636723,0.6458003441958728,3.954386622038673e-17,4.6751279137568003e-17
23.88,0.48356958949219947,0.0,0.36215694459886894,0.7644186337788936,0.644720212442273,3.9477727225651556e-17,4.6807141653295745e-17
23.89,0.4838288269411251,0.0,0.36236171338137374,0.765336625298836,0.6436302121375201,3.94109839564373e-17,4.686335242212283e-17
23.9,0.48408738260292417,0.0,0.36256810106308773,0.7662602510504015,0.642530332093494,3.934363572766916e-17,4.6919908188136074e-17
23.91,0.48434525117437255,0.0,0.3627761046240322,0.767189457472937,0.6414205612095552,3.9275681859629034e-17,4.6976805671691337e-17
23.92,0.4846024273638063,0.0,0.36298572102070625,0.76812419062025,0.6403008884766489,3.920712167820672e-17,4.7034041569537024e-17
23.93,0.484858905891211,0.0,0.3631969471861348,0.7690643961626613,0.639171302981416,3.913795451515171e-17,4.709161255493976e-17
23.94,0.485114681488311,0.0,0.3634097800299164,0.7700100193890849,0.6380317939103202,3.9068179708325867e-17,4.714951527781171e-17
23.95,0.4853697488986581,0.0,0.36362421643827114,0.7709610052091374,0.6368823505537867,3.899779660195687e-17,4.72077463648398e-17
23.96,0.4856241028777208,0.0,0.36384025327409003,0.7719172981552883,0.6357229623103445,3.892680454689184e-17,4.7266302419617344e-17
23.97,0.48587773819297203,0.0,0.3640578873769832,0.7728788423850289,0.634553618690791,3.8855202900852365e-17,4.732518002277687e-17
23.98,0.4861306496239786,0.0,0.36427711556333,0.7738455816830853,0.6333743093223528,3.878299102868925e-17,4.7384375732125604e-17
23.99,0.4863828319624885,0.0,0.3644979346263281,0.7748174594636565,0.6321850239528652,3.8710168302638465e-17,4.7443886082782556e-17
24.0,0.4866342800125193,0.0,0.3647203413360445,0.7757944187726893,0.6309857524549545,3.863673410257721e-17,4.750370758731776e-17
24.01,0.48688498859044577,0.0,0.36494433243946467,0.7767764022901805,0.6297764848302322,3.856268781628078e-17,4.756383673589332e-17
24.02,0.48713495252508743,0.0,0.3651699046605446,0.7777633523325196,0.6285572112134908,3.8488028839679416e-17,4.762426999640676e-17
24.03,0.4873841666577963,0.0,0.36539705470026157,0.7787552108548581,0.6273279218769124,3.8412756577116084e-17,4.7685003814636204e-17
24.04,0.4876326258425434,0.0,0.36562577923666517,0.7797519194535141,0.62608860723428,3.833687044160427e-17,4.774603461438754e-17
24.05,0.4878803249460066,0.0,0.36585607492493033,0.7807534193684128,0.6248392578451928,3.826036985508615e-17,4.780735879764389e-17
24.06,0.48812725884765634,0.0,0.3660879383974082,0.7817596514855571,0.62357986441929,3.81832542486912e-17,4.78689727447169e-17
24.07,0.48837342243984316,0.0,0.3663213662636801,0.7827705563395344,0.6223104178204762,3.8105523062994914e-17,4.793087281440019e-17
24.08,0.4886188106278834,0.0,0.36655635511060947,0.7837860741160543,0.6210309090711533,3.8027175748277946e-17,4.79930553441248e-17
24.09,0.48886341833014585,0.0,0.36679290150239574,0.7848061446545274,0.6197413293564478,3.794821176478497e-17,4.805551665011708e-17
24.1,0.4891072404781369,0.0,0.3670310019806279,0.7858307074506685,0.618441670028453,3.7868630582984423e-17,4.8118253027558064e-17
24.11,0.4893502720165873,0.0,0.36727065306433826,0.7868597016591415,0.6171319226104632,3.778843168382779e-17,4.818126075074545e-17
24.12,0.4895925079035368,0.0,0.36751185125005736,0.78789306609624,0.6158120788012086,3.7707614559008886e-17,4.8244536073257716e-17
24.13,0.4898339431104197,0.0,0.36775459301186814,0.7889307392425935,0.6144821304791009,3.762617871122386e-17,4.830807522811987e-17
24.14,0.4900745726221504,0.0,0.36799887480146154,0.7899726592459198,0.613142069706467,3.7544123654430406e-17,4.8371874427971916e-17
24.15,0.490314391437207,0.0,0.3682446930481914,0.7910187639238041,0.6117918887337892,3.746144891410743e-17,4.843592986523913e-17
24.16,0.49055339456771785,0.0,0.3684920441591308,0.7920689907665186,0.6104315800039417,3.7378154027514434e-17,4.8500237712304576e-17
24.17,0.4907915770395438,0.0,0.36874092451912766,0.7931232769398721,0.609061136156428,3.729423854395099e-17,4.8564794121683704e-17
24.18,0.491028933892364,0.0,0.36899133049086136,0.7941815592881013,0.6076805500316099,3.720970202501571e-17,4.862959522620136e-17
24.19,0.4912654601797594,0.0,0.3692432584149001,0.7952437743367929,0.606289814674939,3.7124544044865305e-17,4.8694637139170676e-17
24.2,0.4915011509692959,0.0,0.36949670460975703,0.7963098582958416,0.6048889233411839,3.703876419047348e-17,4.875991595457424e-17
24.21,0.491736001342609,0.0,0.3697516653719488,0.7973797470624467,0.6034778694986491,3.695236206188924e-17,4.882542774724758e-17
24.22,0.4919700063954857,0.0,0.37000813697605284,0.7984533762241426,0.6020566468333921,3.6865337272495106e-17,4.889116857306468e-17
24.23,0.49220316123794894,0.0,0.3702661156747654,0.7995306810618649,0.6006252492534346,3.6777689449265e-17,4.895713446912581e-17
24.24,0.4924354609943394,0.0,0.37052559769896065,0.8006115965530514,0.5991836708929693,3.66894182330218e-17,4.902332145394732e-17
24.25,0.49266690080339853,0.0,0.3707865792577491,0.8016960573747854,0.5977319061165506,3.6600523278693996e-17,4.908972552765419e-17
24.26,0.4928974758183511,0.0,0.3710490565385369,0.802783997906965,0.5962699495232927,3.651100425557271e-17,4.915634267217401e-17
24.27,0.49312718120698656,0.0,0.37131302570708546,0.8038753522355161,0.5947977959510483,3.642086084756759e-17,4.922316885143379e-17
24.28,0.4933560121517419,0.0,0.37157848290757156,0.8049700541556432,0.5933154404805768,3.633009275346202e-17,4.9290200011558997e-17
24.29,0.49358396384978265,0.0,0.37184542426264694,0.8060680371751062,0.5918228784397166,3.62386996871686e-17,4.935743208107418e-17
24.3,0.49381103151308436,0.0,0.3721138458734995,0.8071692345175459,0.5903201054075315,3.6146681377983085e-17,4.9424860971106594e-17
24.31,0.4940372103685141,0.0,0.3723837438199138,0.8082735791258375,0.5888071172184558,3.6054037570838115e-17,4.949248257559159e-17
24.32,0.4942624956579112,0.0,0.3726551141603327,0.8093810036654852,0.5872839099664249,3.596076802655623e-17,4.956029277148043e-17
24.33,0.4944868826381675,0.0,0.37292795293191805,0.810491440528048,0.5857504800089964,3.586687252210216e-17,4.962828741895007e-17
24.34,0.49471036658130874,0.0,0.3732022561506139,0.8116048218346095,0.5842068239714526,3.5772350850834036e-17,4.969646236161562e-17
24.35,0.494932942774574,0.0,0.37347801981120765,0.8127210794392778,0.5826529387508956,3.5677202822754156e-17,4.9764813426744667e-17
24.36,0.49515460652049564,0.0,0.37375523988739257,0.8138401449327236,0.5810888215203279,3.558142826475886e-17,4.98333364254739e-17
24.37,0.49537535313697967,0.0,0.3740339123318317,0.8149619496457569,0.5795144697327125,3.5485027020887104e-17,4.990202715302813e-17
24.38,0.4955951779573845,0.0,0.3743140330762199,0.8160864246529376,0.5779298811250247,3.5387998952568594e-17,4.9970881388941384e-17
24.39,0.49581407633060054,0.0,0.3745955980313484,0.8172135007762246,0.5763350537222838,3.5290343938870633e-17,5.003989489728032e-17
24.4,0.4960320436211289,0.0,0.3748786030871674,0.8183431085886571,0.5747299858415718,3.5192061876744224e-17,5.010906342686969e-17
24.41,0.49624907520916045,0.0,0.3751630441128518,0.819475178418082,0.5731146760960258,3.509315268126851e-17,5.017838271152052e-17
24.42,0.49646516649065386,0.0,0.3754489169568642,0.820609640350904,0.5714891233988273,3.499361628589503e-17,5.024784847025976e-17
24.43,0.496680312877414,0.0,0.3757362174470208,0.8217464242358823,0.5698533269671603,3.4893452642690146e-17,5.031745640756281e-17
24.44,0.49689450979716987,0.0,0.3760249413905561,0.822885459687964,0.5682072863261507,3.4792661722576205e-17,5.0387202213588175e-17
24.45,0.49710775269365237,0.0,0.37631508457418833,0.8240266760921433,0.5665510013127979,3.4691243515572295e-17,5.045708156441381e-17
24.46,0.4973200370266714,0.0,0.3766066427641856,0.8251700026073698,0.5648844720798699,3.458919803103276e-17,5.052709012227643e-17
24.47,0.4975313582721932,0.0,0.37689961170643127,0.826315368170484,0.5632076990997882,3.448652529788506e-17,5.05972235358125e-17
24.48,0.4977417119224177,0.0,0.37719398712649155,0.827462701500193,0.5615206831684854,3.438322536486603e-17,5.0667477440301654e-17
24.49,0.49795109348585387,0.0,0.3774897647296807,0.8286119311010789,0.5598234254092453,3.427929830075697e-17,5.0737847457912174e-17
24.5,0.49815949848739793,0.0,0.3777869402011297,0.8297629852676477,0.5581159272765126,3.417474419461691e-17,5.080832919794886e-17
24.51,0.4983669224684078,0.0,0.37808550920585243,0.8309157920884102,0.5563981905596836,3.4069563156014784e-17,5.0878918257102953e-17
24.52,0.49857336098677957,0.0,0.3783854673888135,0.8320702794499972,0.5546702173868753,3.396375531526017e-17,5.094961021970414e-17
24.53,0.4987788096170235,0.0,0.37868681037499724,0.8332263750413168,0.5529320102286599,3.3857320823631995e-17,5.1020400657975036e-17
24.54,0.4989832639503385,0.0,0.3789895337694746,0.8343840063577396,0.5511835719017826,3.3750259853606154e-17,5.109128513228753e-17
24.55,0.49918671959468786,0.0,0.37929363315747283,0.8355431007053237,0.5494249055728483,3.364257259908127e-17,5.116225919142146e-17
24.56,0.49938917217487333,0.0,0.37959910410444364,0.836703585205071,0.5476560147619858,3.353425927560307e-17,5.123331837282525e-17
24.57,0.49959061733261045,0.0,0.3799059421561332,0.8378653867972266,0.5458769033464724,3.3425320120586326e-17,5.1304458202879123e-17
24.58,0.49979105072660185,0.0,0.38021414283865085,0.8390284322455992,0.5440875755643497,3.331575539353623e-17,5.137567419715975e-17
24.59,0.49999046803261193,0.0,0.3805237016585397,0.8401926481419311,0.5422880360179904,3.3205565376266824e-17,5.1446961860707715e-17
24.6,0.50018886494354,0.0,0.3808346141028463,0.8413579609102922,0.5404782896776477,3.309475037311836e-17,5.1518316688296664e-17
24.61,0.500386237169494,0.0,0.38114687563919103,0.8425242968115113,0.538658341884973,3.298331071117264e-17,5.158973416470459e-17
24.62,0.5005825804378634,0.0,0.38146048171583924,0.8436915819476443,0.536828198356496,3.287124674046616e-17,5.1661209764987467e-17
24.63,0.500777890493392,0.0,0.38177542776177203,0.8448597422664719,0.5349878651870814,3.2758558834201745e-17,5.173273895475463e-17
24.64,0.500972163098251,0.0,0.3820917091867579,0.846028703566034,0.5331373488533473,3.264524738895788e-17,5.1804317190446424e-17
24.65,0.5011653940321099,0.0,0.3824093213814235,0.8471983914991945,0.5312766562170574,3.2531312824896406e-17,5.187593991961374e-17
24.66,0.5013575790922105,0.0,0.38272825971732705,0.8483687315782443,0.5294057945284703,3.241675558596762e-17,5.194760258119985e-17
24.67,0.5015487140934365,0.0,0.3830485195470293,0.8495396491795322,0.5275247714296623,3.230157614011375e-17,5.201930060582397e-17
24.68,0.5017387948683864,0.0,0.3833700962041663,0.8507110695481297,0.5256335949578159,3.218577497947028e-17,5.209102941606692e-17
24.69,0.501927817267444,0.0,0.3836929850035233,0.851882917802532,0.5237322735484654,3.206935262056471e-17,5.216278442675893e-17
24.7,0.5021157771588493,0.0,0.38401718124110606,0.8530551189393863,0.521820816038714,3.1952309604513543e-17,5.223456104526921e-17
24.71,0.5023026704287691,0.0,0.384342680194216,0.8542275978382555,0.519899231670411,3.1834646497216854e-17,5.2306354671797603e-17
24.72,0.502488492981367,0.0,0.3846694771215226,0.8554002792664094,0.5179675300932953,3.171636388955072e-17,5.237816069966801e-17
24.73,0.5026732407388739,0.0,0.38499756726313844,0.8565730878836559,0.5160257213680909,3.159746239755682e-17,5.2449974515624187e-17
24.74,0.5028569096416571,0.0,0.3853269458406925,0.8577459482471911,0.5140738159695813,3.147794266263067e-17,5.252179150012669e-17
24.75,0.5030394956482896,0.0,0.38565760805740557,0.8589187848164915,0.5121118247896269,3.135780535170634e-17,5.259360702765253e-17
24.76,0.5032209947356202,0.0,0.3859895490981647,0.8600915219582307,0.5101397591401541,3.123705115743957e-17,5.2665416466996136e-17
24.77,0.5034014028988408,0.0,0.38632276412959804,0.8612640839512259,0.5081576307561029,3.11156807983882e-17,5.27372151815723e-17
24.78,0.5035807161515562,0.0,0.38665724830015114,0.8624363949914191,0.5061654517983274,3.0993695019189774e-17,5.280899852972119e-17
24.79,0.5037589305258512,0.0,0.38699299674016163,0.863608379196883,0.5041632348564625,3.0871094590737104e-17,5.288076186501482e-17
24.8,0.5039360420723594,0.0,0.38733000456193634,0.8647799606128587,0.5021509929517441,3.074788031035093e-17,5.2952500536565576e-17
24.81,0.50411204686033,0.0,0.387668266859826,0.8659510632168196,0.5001287395397906,3.062405300195025e-17,5.302420988933627e-17
24.82,0.5042869409776958,0.0,0.38800777871030373,0.8671216109235688,0.4980964885133352,3.049961351621962e-17,5.3095885264452255e-17
24.83,0.5044607205311394,0.0,0.38834853517204015,0.8682915275903597,0.4960542542049203,3.037456273077416e-17,5.316752199951498e-17
24.84,0.5046333816461609,0.0,0.3886905312859814,0.8694607370220475,0.4940020513895442,3.0248901550321577e-17,5.323911542891746e-17
24.85,0.5048049204671431,0.0,0.3890337620754263,0.8706291629762646,0.4919398952872687,3.012263090682189e-17,5.3310660884161085e-17
24.86,0.5049753331574184,0.0,0.3893782225461038,0.8717967291686284,0.48986780156577053,2.999575175964358e-17,5.3382153694174636e-17
24.87,0.505144615899334,0.0,0.3897239076862515,0.8729633592779715,0.48778578634285685,2.9868265095717717e-17,5.345358918563444e-17
24.88,0.5053127648943181,0.0,0.39007081246669295,0.8741289769515972,0.485693866188934,2.974017192968904e-17,5.35249626832862e-17
24.89,0.5054797763629443,0.0,0.39041893184091686,0.8752935058105682,0.4835920581294163,2.961147330406352e-17,5.359626951026888e-17
24.9,0.5056456465449964,0.0,0.39076826074515547,0.876456869455009,0.48148037964711005,2.948217028935429e-17,5.366750498843932e-17
24.91,0.5058103716995339,0.0,0.3911187940984636,0.8776189914694449,0.4793588486845262,2.935226398422327e-17,5.37386644386992e-17
24.92,0.5059739481049548,0.0,0.39147052680279804,0.8787797954281581,0.4772274836461586,2.9221755515620696e-17,5.380974318132298e-17
24.93,0.5061363720590606,0.0,0.3918234537430968,0.8799392049005692,0.47508630340071273,2.9090646038921556e-17,5.3880736536287455e-17
24.94,0.5062976398791195,0.0,0.39217756978735924,0.8810971434566461,0.4729353272832749,2.8958936738058425e-17,5.39516398236029e-17
24.95,0.5064577479019292,0.0,0.3925328697867257,0.8822535346723313,0.4707745750974426,2.8826628825651916e-17,5.402244836364544e-17
24.96,0.5066166924838809,0.0,0.39288934857555863,0.8834083021349944,0.46860406711739744,2.8693723543137614e-17,5.4093157477490945e-17
24.97,0.5067744700010207,0.0,0.39324700097152177,0.8845613694489056,0.46642382408993294,2.8560222160890223e-17,5.416376248725008e-17
24.98,0.5069310768491131,0.0,0.3936058217756626,0.8857126602407334,0.4642338672364213,2.842612597834403e-17,5.4234258716405063e-17
24.99,0.5070865094437019,0.0,0.3939658057724922,0.8868620981650606,0.4620342182547376,2.82914363241107e-17,5.430464149014736e-17
25.0,0.5072407642201727,0.0,0.3943269477300672,0.8880096069099231,0.45982489932112613,2.8156154556093554e-17,5.4374906135716834e-17
25.01,0.5073938376338136,0.0,0.39468924240007114,0.8891551102023668,0.45760593309201847,2.802028206159892e-17,5.444504798274203e-17
25.02,0.5075457261598767,0.0,0.39505268451789627,0.8902985318140278,0.45537734270578983,2.788382025744364e-17,5.451506236358186e-17
25.03,0.5076964262936388,0.0,0.3954172688027262,0.8914397955667293,0.453139151784469,2.774677059005983e-17,5.4584944613668296e-17
25.04,0.507845934550461,0.0,0.39578298995761735,0.8925788253380943,0.4508913844353957,2.7609134535596305e-17,5.4654690071850084e-17
25.05,0.5079942474658502,0.0,0.3961498426695826,0.893715545067187,0.44863406525280813,2.7470913600015813e-17,5.4724294080738133e-17
25.06,0.5081413615955173,0.0,0.3965178216096729,0.8948498787601564,0.44636721931940004,2.7332109319190394e-17,5.4793751987051136e-17
25.07,0.5082872735154375,0.0,0.39688692143306176,0.8959817504959117,0.44409087220779697,2.7192723258991742e-17,5.4863059141963035e-17
25.08,0.508431979821909,0.0,0.3972571367791273,0.8971110844318045,0.4418050499819933,2.7052757015379225e-17,5.493221090145102e-17
25.09,0.5085754771316122,0.0,0.3976284622715371,0.8982378048093324,0.4395097791987248,2.6912212214483913e-17,5.5001202626644697e-17
25.1,0.5087177620816674,0.0,0.39800089251833065,0.8993618359598525,0.43720508690879084,2.6771090512689555e-17,5.507002968417602e-17
25.11,0.5088588313296933,0.0,0.39837442211200447,0.9004831023103178,0.43489100065830955,2.6629393596709414e-17,5.513868744653046e-17
25.12,0.5089986815538651,0.0,0.39874904562959645,0.9016015283890204,0.43256754848992357,2.648712318366012e-17,5.520717129239877e-17
25.13,0.5091373094529708,0.0,0.3991247576327692,0.9027170388313507,0.4302347589439487,2.634428102113199e-17,5.527547660702953e-17
25.14,0.5092747117464694,0.0,0.3995015526678968,0.9038295583855726,0.4278926610594541,2.620086888725519e-17,5.534359878258286e-17
25.15,0.5094108851745471,0.0,0.39987942526614767,0.9049390119186068,0.4255412843752949,2.6056888590762927e-17,5.5411533218484515e-17
25.16,0.509545826498174,0.0,0.40025836994357156,0.9060453244218292,0.42318065893107915,2.5912341971050692e-17,5.5479275321780916e-17
25.17,0.5096795324991598,0.0,0.4006383812011841,0.9071484210168772,0.42081081526808045,2.5767230898232144e-17,5.554682050749471e-17
25.18,0.5098119999802093,0.0,0.40101945352505275,0.9082482269614716,0.41843178443008283,2.5621557273190812e-17,5.561416419898125e-17
25.19,0.5099432257649792,0.0,0.40140158138638304,0.909344667655244,0.4160435979641723,2.5475323027628594e-17,5.568130182828542e-17
25.2,0.5100732066981308,0.0,0.40178475924160423,0.910437668645574,0.4136462879214704,2.532853012411066e-17,5.574822883649903e-17
25.21,0.5102019396453874,0.0,0.40216898153245634,0.9115271556334407,0.41123988685779167,2.518118055610571e-17,5.581494067411922e-17
25.22,0.5103294214935863,0.0,0.402554242686076,0.9126130544792715,0.408824427834265,2.5033276348024034e-17,5.588143280140644e-17
25.23,0.5104556491507344,0.0,0.4029405371150844,0.9136952912088108,0.40639994441786825,2.4884819555250232e-17,5.594770068874394e-17
25.24,0.5105806195460609,0.0,0.40332785921767306,0.9147737920189861,0.4039664706819179,2.4735812264173192e-17,5.601373981699689e-17
25.25,0.5107043296300715,0.0,0.40371620337769265,0.9158484832837849,0.40152404120648966,2.4586256592211874e-17,5.607954567787227e-17
25.26,0.5108267763746006,0.0,0.404105563964739,0.9169192915601343,0.3990726910787827,2.4436154687837585e-17,5.614511377427886e-17
25.27,0.5109479567728645,0.0,0.4044959353342417,0.917986143593789,0.3966124558934115,2.428550873059186e-17,5.621043962068782e-17
25.28,0.5110678678395134,0.0,0.4048873118275526,0.9190489663252209,0.39414337175264413,2.413432093110105e-17,5.627551874349327e-17
25.29,0.5111865066106832,0.0,0.4052796877720323,0.9201076868955098,0.39166547526657797,2.3982593531087076e-17,5.634034668137306e-17
25.3,0.5113038701440479,0.0,0.4056730574811407,0.9211622326522438,0.3891788035532425,2.3830328803373752e-17,5.640491898565e-17
25.31,0.5114199555188699,0.0,0.4060674152545236,0.9222125311554149,0.3866833942386496,2.3677529051889816e-17,5.646923122065288e-17
25.32,0.5115347598360513,0.0,0.406462755378103,0.9232585101833196,0.3841792854567737,2.3524196611667763e-17,5.653327896407782e-17
25.33,0.5116482802181845,0.0,0.4068590721241653,0.9243000977384572,0.38166651584947614,2.3370333848839174e-17,5.659705780734936e-17
25.34,0.5117605138096026,0.0,0.4072563597514511,0.9253372220534354,0.3791451245663477,2.321594316062511e-17,5.666056335598216e-17
25.35,0.5118714577764286,0.0,0.40765461250524426,0.926369811596863,0.37661515126451356,2.306102697532414e-17,5.672379122994175e-17
25.36,0.5119811093066255,0.0,0.40805382461746154,0.9273977950792521,0.3740766361083535,2.2905587752295216e-17,5.678673706400596e-17
25.37,0.5120894656100453,0.0,0.40845399030674306,0.9284211014589155,0.37152961976915666,2.2749627981936546e-17,5.684939650812605e-17
25.38,0.5121965239184776,0.0,0.40885510377854156,0.9294396599478547,0.36897414342473406,2.259315018566185e-17,5.691176522778723e-17
25.39,0.5123022814856982,0.0,0.4092571592252135,0.9304534000176541,0.3664102487589387,2.2436156915870985e-17,5.697383890436959e-17
25.4,0.5124067355875173,0.0,0.40966015082610857,0.931462251405364,0.3638379779611392,2.2278650755917718e-17,5.703561323550831e-17
25.41,0.5125098835218266,0.0,0.41006407274766177,0.9324661441193814,0.3612573737256209,2.2120634320073038e-17,5.709708393545375e-17
25.42,0.5126117226086474,0.0,0.4104689191434825,0.9334650084453229,0.35866847925092793,2.1962110253484887e-17,5.715824673543109e-17
25.43,0.5127122501901773,0.0,0.41087468415444695,0.9344587749518944,0.3560713382391296,2.1803081232133232e-17,5.721909738399972e-17
25.44,0.5128114636308369,0.0,0.4112813619087895,0.9354473744967515,0.3534659948950314,2.1643549962781743e-17,5.727963164741211e-17
25.45,0.5129093603173157,0.0,0.41168894652219273,0.9364307382323492,0.35085249392532086,2.148351918292552e-17,5.733984530997197e-17
25.46,0.5130059376586186,0.0,0.4120974320978812,0.9374087976117899,0.3482308805376377,2.1322991660734116e-17,5.739973417439238e-17
25.47,0.5131011930861111,0.0,0.412506812726711,0.938381484394654,0.3456012004395903,2.1161970194991355e-17,5.745929406215275e-17
25.48,0.5131951240535646,0.0,0.4129170824872639,0.9393487306528265,0.34296349983769925,2.100045761503061e-17,5.751852081385566e-17
25.49,0.5132877280372011,0.0,0.4133282354459378,0.9403104687763072,0.34031782543628447,2.0838456780666673e-17,5.757741028958259e-17
25.5,0.513379002535738,0.0,0.4137402656570406,0.9412666314790161,0.3376642244362675,2.0675970582122423e-17,5.763595836924942e-17
25.51,0.5134689450704317,0.0,0.4141531671628817,0.9422171518045774,0.3350027445339364,2.0513001939953184e-17,5.769416095296057e-17
25.52,0.5135575531851216,0.0,0.41456693399386535,0.943161963132097,0.3323334339196236,2.0349553804965773e-17,5.775201396136283e-17
25.53,0.5136448244462738,0.0,0.4149815601685839,0.9441009991819266,0.32965634127631743,2.018562915813348e-17,5.780951333599821e-17
25.54,0.5137307564430234,0.0,0.41539703969390984,0.9450341940214046,0.3269715157782311,2.0021231010508448e-17,5.78666550396556e-17
25.55,0.5138153467872175,0.0,0.41581336656509055,0.9459614820705926,0.3242790070892778,1.9856362403128296e-17,5.792343505672188e-17
25.56,0.5138985931134579,0.0,0.4162305347658404,0.9468827981079868,0.3215788653614997,1.9691026406919915e-17,5.797984939353178e-17
25.57,0.5139804930791418,0.0,0.41664853826843595,0.9477980772762175,0.31887114123342275,1.952522612259874e-17,5.803589407871678e-17
25.58,0.514061044364505,0.0,0.4170673710338081,0.9487072550877266,0.3161558858283542,1.93589646805645e-17,5.809156516355279e-17
25.59,0.5141402446726613,0.0,0.41748702701163776,0.9496102674304319,0.3134331507526026,1.919224524079223e-17,5.814685872230702e-17
25.6,0.5142180917296446,0.0,0.41790750014044886,0.950507050573367,0.3107029880936432,1.902507099271992e-17,5.820177085258327e-17
25.61,0.5142945832844487,0.0,0.4183287843477028,0.9513975411723026,0.30796545041821966,1.885744515513228e-17,5.825629767566613e-17
25.62,0.5143697171090673,0.0,0.4187508735498944,0.9522816762753482,0.3052205907703686,1.8689370976039806e-17,5.831043533686406e-17
25.63,0.5144434909985343,0.0,0.4191737616526446,0.9531593933285314,0.302468462669393,1.852085173255464e-17,5.836418000585096e-17
25.64,0.5145159027709618,0.0,0.4195974425507967,0.9540306301813537,0.2997091201077623,1.8351890730762036e-17,5.841752787700635e-17
25.65,0.5145869502675807,0.0,0.4200219101285107,0.9548953250923229,0.2969426175489583,1.8182491305588423e-17,5.847047516975422e-17
25.66,0.5146566313527778,0.0,0.4204471582593593,0.9557534167344662,0.29416900992523604,1.8012656820664313e-17,5.852301812890052e-17
25.67,0.514724943914135,0.0,0.4208731808064222,0.9566048442008104,0.29138835263535057,1.7842390668185113e-17,5.857515302496874e-17
25.68,0.5147918858624662,0.0,0.42129997162238236,0.9574495470098422,0.28860070154219647,1.7671696268766575e-17,5.862687615453433e-17
25.69,0.5148574551318552,0.0,0.42172752454962165,0.9582874651109448,0.2858061129703839,1.750057707129637e-17,5.867818384055747e-17
25.7,0.5149216496796929,0.0,0.4221558334203162,0.9591185388897974,0.2830046437037742,1.7329036552783212e-17,5.872907243271383e-17
25.71,0.5149844674867136,0.0,0.4225848920565331,0.9599427091737583,0.2801963509829229,1.7157078218200243e-17,5.877953830772409e-17
25.72,0.5150459065570313,0.0,0.4230146942703257,0.9607599172372117,0.2773812925024797,1.6984705600325877e-17,5.882957786968136e-17
25.73,0.5151059649181761,0.0,0.42344523386383104,0.9615701048068886,0.2745595264085173,1.6811922259580194e-17,5.887918755037706e-17
25.74,0.5151646406211287,0.0,0.4238765046293647,0.9623732140671558,0.2717311112958034,1.6638731783857943e-17,5.892836380962465e-17
25.75,0.5152219317403567,0.0,0.4243085003495194,0.9631691876652766,0.2688961062050011,1.6465137788357066e-17,5.897710313558187e-17
25.76,0.5152778363738486,0.0,0.42474121479725996,0.9639579687166373,0.2660545706198156,1.629114391540403e-17,5.902540204507072e-17
25.77,0.5153323526431484,0.0,0.42517464173602076,0.9647395008099416,0.26320656446408136,1.6116753834275437e-17,5.907325708389552e-17
25.78,0.5153854786933895,0.0,0.42560877491980387,0.9655137280123745,0.2603521480987753,1.5941971241015142e-17,5.912066482715912e-17
25.79,0.5154372126933284,0.0,0.4260436080932742,0.9662805948747287,0.2574913823189824,1.5766799858248458e-17,5.916762187957684e-17
25.8,0.5154875528353783,0.0,0.4264791349918586,0.9670400464365,0.2546243283507921,1.559124343499211e-17,5.921412487578838e-17
25.81,0.5155364973356409,0.0,0.4269153493418424,0.9677920282309425,0.2517510478481443,1.5415305746461102e-17,5.926017048066743e-17
25.82,0.5155840444339399,0.0,0.4273522448604674,0.9685364862900954,0.24887160288959437,1.5238990593870645e-17,5.930575538962948e-17
25.83,0.5156301923938527,0.0,0.42778981525602916,0.9692733671497632,0.24598605597504988,1.5062301804236323e-17,5.935087632893675e-17
25.84,0.5156749395027418,0.0,0.4282280542279755,0.9700026178544675,0.24309447002241721,1.4885243230168773e-17,5.939553005600134e-17
25.85,0.5157182840717868,0.0,0.42866695546700384,0.9707241859623549,0.24019690836420723,1.4707818749665826e-17,5.94397133596859e-17
25.86,0.5157602244360143,0.0,0.42910651265515987,0.9714380195500668,0.2372934347440823,1.4530032265901085e-17,5.948342306060167e-17
25.87,0.5158007589543296,0.0,0.42954671946593576,0.972144067217572,0.2343841133133323,1.4351887707008146e-17,5.952665601140445e-17
25.88,0.5158398860095459,0.0,0.42998756956436796,0.9728422780929556,0.23146900862730696,1.4173389025862126e-17,5.956940909708787e-17
25.89,0.5158776040084143,0.0,0.43042905660713693,0.9735326018371697,0.22854818564178256,1.3994540199857204e-17,5.961167923527422e-17
25.9,0.5159139113816535,0.0,0.4308711742426639,0.9742149886487386,0.22562170970927922,1.3815345230681105e-17,5.965346337650264e-17
25.91,0.5159488065839785,0.0,0.4313139161112122,0.9748893892684255,0.22268964657530962,1.3635808144085414e-17,5.969475850451477e-17
25.92,0.5159822880941288,0.0,0.4317572758449838,0.975555754983854,0.21975206237458272,1.3455932989653113e-17,5.973556163653782e-17
25.93,0.5160143544148976,0.0,0.43220124706821916,0.9762140376340841,0.2168090236271521,1.3275723840562734e-17,5.977586982356475e-17
25.94,0.5160450040731586,0.0,0.43264582339729724,0.9768641896141469,0.2138605972344977,1.3095184793348446e-17,5.981568015063191e-17
25.95,0.516074235619894,0.0,0.4330909984408334,0.9775061638795314,0.21090685047556598,1.2914319967657566e-17,5.985498973709381e-17
25.96,0.5161020476302212,0.0,0.4335367657997798,0.9781399139506265,0.20794785100274804,1.2733133506004306e-17,5.989379573689512e-17
25.97,0.5161284387034195,0.0,0.43398311906752407,0.9787653939171145,0.20498366683781366,1.2551629573520797e-17,5.993209533883962e-17
25.98,0.5161534074629565,0.0,0.4344300518299897,0.9793825584423219,0.20201436636777062,1.236981235770355e-17,5.996988576685675e-17
25.99,0.5161769525565139,0.0,0.434877557665735,0.9799913627675152,0.19904001834070553,1.2187686068158776e-17,6.00071642802645e-17
26.0,0.5161990726560127,0.0,0.4353256301460537,0.9805917627161544,0.19606069186153827,1.2005254936342419e-17,6.004392817402997e-17
26.01,0.5162197664576386,0.0,0.43577426283507414,0.9811837146980941,0.19307645638774618,1.1822523215298345e-17,6.008017477902654e-17
26.02,0.5162390326818662,0.0,0.43622344928985973,0.9817671757137334,0.19008738172503517,1.163949517939327e-17,6.011590146228803e-17
26.03,0.5162568700734842,0.0,0.43667318306050923,0.98234210335812,0.18709353802294887,1.1456175124047897e-17,6.015110562726e-17
26.04,0.5162732774016177,0.0,0.43712345769025635,0.9829084558249975,0.18409499577044136,1.1272567365465827e-17,6.018578471404754e-17
26.05,0.5162882534597533,0.0,0.43757426671557126,0.9834661919108048,0.18109182579139257,1.1088676240358952e-17,6.021993619966018e-17
26.06,0.5163017970657613,0.0,0.4380256036662594,0.98401527101862,0.17808409924008356,1.0904506105670397e-17,6.025355759825341e-17
26.07,0.5163139070619184,0.0,0.4384774620655638,0.9845556531620546,0.1750718875966098,1.072006133829367e-17,6.02866464613671e-17
26.08,0.5163245823149305,0.0,0.43892983543026437,0.9850872989690915,0.1720552626622611,1.0535346334789758e-17,6.031920037816049e-17
26.09,0.5163338217159541,0.0,0.4393827172707794,0.9856101696858693,0.16903429655484664,1.0350365511100871e-17,6.035121697564397e-17
26.1,0.5163416241806177,0.0,0.43983610109126586,0.9861242271804114,0.1660090617039816,1.0165123302261827e-17,6.038269391890741e-17
26.11,0.5163479886490433,0.0,0.440289980389721,0.9866294339463012,0.16297963084631556,9.979624162107879e-18,6.041362891134513e-17
26.12,0.5163529140858671,0.0,0.4407443486580829,0.9871257531062998,0.1599460770207274,9.793872562980492e-18,6.044401969487752e-17
26.13,0.5163563994802596,0.0,0.4411991993823313,0.9876131484159064,0.15690847356347823,9.607872995430536e-18,6.047386405016899e-17
26.14,0.5163584438459452,0.0,0.44165452604259,0.9880915842668653,0.15386689410330012,9.421629967917563e-18,6.050315979684269e-17
26.15,0.5163590462212224,0.0,0.44211032211322643,0.9885610256906092,0.15082141255647577,9.235148006508524e-18,6.053190479369145e-17
26.16,0.5163582056689824,0.0,0.4425665810629547,0.9890214383616502,0.14777210312184266,9.048431654571861e-18,6.056009693888531e-17
26.17,0.5163559212767281,0.0,0.44302329635493576,0.9894727886009086,0.1447190402757756,8.861485472470274e-18,6.058773417017542e-17
26.18,0.5163521921565918,0.0,0.4434804614468796,0.9899150433789826,0.14166229876712766,8.674314037250947e-18,6.061481446509422e-17
26.19,0.5163470174453542,0.0,0.44393806979114675,0.9903481703193601,0.1386019536121184,8.486921942332537e-18,6.064133584115211e-17
26.2,0.5163403963044607,0.0,0.44439611483485,0.9907721377015678,0.13553808008919707,8.29931379719064e-18,6.066729635603028e-17
26.21,0.5163323279200394,0.0,0.44485459001995625,0.9911869144642617,0.1324707537338581,8.111494227040332e-18,6.069269410776997e-17
26.22,0.5163228115029171,0.0,0.4453134887833876,0.9915924702082536,0.1294000503334279,7.923467872516945e-18,6.071752723495774e-17
26.23,0.5163118462886367,0.0,0.44577280455712487,0.9919887751994794,0.1263260459218005,7.735239389353727e-18,6.074179391690729e-17
26.24,0.5162994315374713,0.0,0.4462325307683077,0.9923758003719014,0.12324881677415016,7.54681344805808e-18,6.076549237383709e-17
26.25,0.5162855665344417,0.0,0.4466926608393382,0.9927535173303511,0.1201684394016009,7.358194733585161e-18,6.078862086704455e-17
26.26,0.51627025058933,0.0,0.4471531881879819,0.9931218983533058,0.11708499054586871,7.169387945009811e-18,6.081117769907595e-17
26.27,0.516253483036695,0.0,0.44761410622747067,0.9934809163956044,0.11399854717385659,6.9803977951956e-18,6.08331612138928e-17
26.28,0.5162352632358864,0.0,0.44807540836660487,0.9938305450910978,0.11090918647222803,6.791229010462549e-18,6.085456979703411e-17
26.29,0.5162155905710584,0.0,0.44853708800985537,0.9941707587552335,0.10781698584194988,6.6018863302529704e-18,6.087540187577462e-17
26.3,0.5161944644511838,0.0,0.4489991385574663,0.9945015323875793,0.10472202289278258,6.4123745067941015e-18,6.089565591927934e-17
26.31,0.5161718843100661,0.0,0.44946155340555716,0.9948228416742764,0.10162437543777388,6.222698304760934e-18,6.091533043875384e-17
26.32,0.5161478496063533,0.0,0.44992432594622567,0.9951346629904313,0.09852412148768806,6.032862500935108e-18,6.093442398759059e-17
26.33,0.5161223598235494,0.0,0.45038744956764987,0.9954369734024394,0.09542133924542794,5.842871883863352e-18,6.095293516151132e-17
26.34,0.5160954144700262,0.0,0.4508509176541918,0.9957297506702429,0.09231610710041846,5.6527312535135854e-18,6.097086259870526e-17
26.35,0.5160670130790357,0.0,0.4513147235864983,0.9960129732495207,0.0892085036229711,5.462445420929831e-18,6.098820497996319e-17
26.36,0.51603715520872,0.0,0.45177886074160534,0.9962866202938133,0.08609860755860757,5.272019207884643e-18,6.100496102880764e-17
26.37,0.5160058404421226,0.0,0.4522433224930409,0.9965506716565785,0.08298649782236973,5.0814574465306945e-18,6.102112951161869e-17
26.38,0.5159730683871986,0.0,0.45270810221092594,0.9968051078931796,0.07987225349310449,4.890764979050821e-18,6.103670923775572e-17
26.39,0.5159388386768244,0.0,0.4531731932620798,0.9970499102628054,0.07675595380771172,4.699946657305813e-18,6.105169905967502e-17
26.4,0.5159031509688075,0.0,0.45363858901012083,0.9972850607303231,0.07363767815538255,4.509007342481611e-18,6.10660978730432e-17
26.41,0.5158660049458945,0.0,0.4541042828155711,0.99751054196806,0.07051750607180679,4.317951904734612e-18,6.10799046168463e-17
26.42,0.5158274003157812,0.0,0.4545702680359581,0.9977263373575176,0.06739551723336651,4.126785222836129e-18,6.109311827349481e-17
26.43,0.5157873368111199,0.0,0.4550365380259187,0.9979324309910171,0.06427179145129516,3.935512183814742e-18,6.11057378689243e-17
26.44,0.5157458141895273,0.0,0.4555030861373017,0.9981288076732739,0.061146408665828746,3.744137682598158e-18,6.111776247269196e-17
26.45,0.5157028322335919,0.0,0.4559699057192712,0.9983154529229022,0.05801944894033939,3.552666621653996e-18,6.112919119806863e-17
26.46,0.5156583907508815,0.0,0.4564369901184099,0.9984923529738513,0.05489099245542952,3.3611039106281636e-18,6.114002320212681e-17
26.47,0.5156124895739491,0.0,0.4569043326788216,0.9986594947767691,0.051761119503043296,3.1694544659842806e-18,6.115025768582416e-17
26.48,0.5155651285603396,0.0,0.45737192674223537,0.9988168660002974,0.048629910480526804,2.9777232106399737e-18,6.115989389408276e-17
26.49,0.5155163075925955,0.0,0.45783976564810797,0.9989644550322946,0.04549744588469459,2.7859150736035574e-18,6.116893111586398e-17
26.5,0.5154660265782618,0.0,0.4583078427337281,0.9991022509809887,0.04236380630587164,2.594034989609208e-18,6.117736868423917e-17
26.51,0.5154142854498918,0.0,0.4587761513343184,0.9992302436760584,0.03922907242192975,2.4020878987517988e-18,6.118520597645573e-17
26.52,0.5153610841650509,0.0,0.45924468478313973,0.999348423669643,0.03609332499229689,2.2100787461200776e-18,6.119244241399907e-17
26.53,0.5153064227063211,0.0,0.45971343641159484,0.9994567822372818,0.03295664485196688,2.018012481429867e-18,6.119907746265002e-17
26.54,0.5152503010813052,0.0,0.46018239954933027,0.9995553113787796,0.02981911290549773,1.8258940586565664e-18,6.120511063253792e-17
26.55,0.5151927193226292,0.0,0.4606515675243417,0.9996440038190034,0.026680810120987115,1.6337284356662588e-18,6.121054147818936e-17
26.56,0.5151336774879458,0.0,0.4611209336630757,0.9997228530086046,0.023541817524052197,1.4415205738470795e-18,6.121536959857238e-17
26.57,0.5150731756599372,0.0,0.4615904912905343,0.9997918531246708,0.020402216191792513,1.2492754377395502e-18,6.121959463713644e-17
26.58,0.5150112139463163,0.0,0.4620602337303776,0.9998509990713044,0.017262087246754904,1.056997994667037e-18,6.12232162818478e-17
26.59,0.5149477924798295,0.0,0.46253015430502803,0.9999002864801299,0.014121511850869324,8.646932143644267e-19,6.122623426522062e-17
26.6,0.5148829114182573,0.0,0.4630002463357733,0.9999397117107284,0.010980571199412236,6.723660686084904e-19,6.122864836434354e-17
26.61,0.5148165709444155,0.0,0.46347050314286997,0.9999692718509998,0.007839346514938493,4.800215308463192e-19,6.123045840090182e-17
26.62,0.5147487712661555,0.0,0.46394091804564735,0.9999889647174524,0.004697919041209157,2.876645758235098e-19,6.123166424119518e-17
26.63,0.5146795126163647,0.0,0.46441148436261037,0.9999987888554203,0.0015563700371426183,9.530017921377773e-20,6.123226579615101e-17
26.64,0.5146087952529658,0.0,0.4648821954115439,0.9999987435392083,-0.0015852192292700137,-9.706668275361782e-20,6.123226302133332e-17
26.65,0.5145366194589163,0.0,0.4653530445096152,0.9999888287721637,-0.0047267674870285666,-2.8943103366516564e-19,6.123165591694704e-17
26.66,0.5144629855422073,0.0,0.4658240249734789,0.9999690452866764,-0.007868193468197683,-4.817878972950202e-19,6.123044452783814e-17
26.67,0.5143878938358621,0.0,0.466295130119379,0.999939394544106,-0.011009415913971853,-6.741322979763781e-19,6.122862894348909e-17
26.68,0.514311344697934,0.0,0.4667663532632532,0.9998998787346359,-0.014150353580753054,-8.664592609736258e-19,6.122620929800993e-17
26.69,0.5142333385115042,0.0,0.4672376877208371,0.9998505007770561,-0.01729092524621353,-1.058763812853578e-18,6.1223185770125e-17
26.7,0.5141538756846789,0.0,0.4677091268077659,0.999791264318472,-0.020431049715355407,-1.2510409818565221e-18,6.121955858315511e-17
26.71,0.5140729566505859,0.0,0.46818066383967993,0.9997221737339419,-0.023570645826578748,-1.4432857982677792e-18,6.12153280049953e-17
26.72,0.5139905818673718,0.0,0.46865229213232645,0.9996432341260421,-0.026709632457730687,-1.6354932947881069e-18,6.121049434808828e-17
26.73,0.5139067518181968,0.0,0.46912400500166473,0.9995544513243585,-0.02984792853215698,-1.8276585069042502e-18,6.120505796939322e-17
26.74,0.5138214670112315,0.0,0.469595795763968,0.9994558318849077,-0.03298545302473704,-2.0197764732584794e-18,6.119901927035037e-17
26.75,0.5137347279796516,0.0,0.47006765773592835,0.9993473830894846,-0.03612212496793349,-2.211842236019022e-18,6.119237869684105e-17
26.76,0.5136465352816324,0.0,0.470539584234759,0.9992291129449385,-0.03925786345779973,-2.4038508412479143e-18,6.11851367391434e-17
26.77,0.5135568895003436,0.0,0.47101156857829857,0.999101030182378,-0.0423925876600044,-2.595797339269899e-18,6.117729393188361e-17
26.78,0.5134657912439433,0.0,0.47148360408511436,0.9989631442563017,-0.04552621681584541,-2.7876767850406745e-18,6.116885085398278e-17
26.79,0.5133732411455714,0.0,0.47195568407460536,0.9988154653436612,-0.04865867024822629,-2.9794842385128434e-18,6.115980812859944e-17
26.8,0.5132792398633425,0.0,0.4724278018671063,0.9986580043428486,-0.051789867367653605,-3.1712147650031474e-18,6.115016642306765e-17
26.81,0.5131837880803393,0.0,0.47289995078399016,0.9984907728726152,-0.054919727678199186,-3.3628634355575468e-18,6.113992644883076e-17
26.82,0.5130868865046044,0.0,0.47337212414777297,0.9983137832709186,-0.0580481707834579,-3.554425327316031e-18,6.112908896137074e-17
26.83,0.5129885358691328,0.0,0.47384431528221493,0.9981270485936979,-0.06117511639248239,-3.745895523876016e-18,6.111765476013334e-17
26.84,0.5128887369318628,0.0,0.4743165175124263,0.9979305826135796,-0.06430048432571583,-3.9372691156556226e-18,6.110562468844867e-17
26.85,0.5127874904756674,0.0,0.47478872416496876,0.9977243998185112,-0.06742419452089563,-4.1285412002551666e-18,6.10929996334477e-17
26.86,0.5126847973083454,0.0,0.4752609285679589,0.9975085154103267,-0.0705461670389395,-4.319706882817588e-18,6.107978052597424e-17
26.87,0.512580658262611,0.0,0.47573312405117263,0.9972829453032398,-0.07366632206982583,-4.510761276388511e-18,6.106596834049287e-17
26.88,0.5124750741960844,0.0,0.476205303946147,0.9970477061222683,-0.07678457993844072,-4.701699502274275e-18,6.105156409499235e-17
26.89,0.5123680459912809,0.0,0.47667746158628427,0.9968028152015896,-0.07990086111041331,-4.892516690399244e-18,6.103656885088487e-17
26.9,0.5122595745556003,0.0,0.4771495903069542,0.9965482905828256,-0.08301508619792046,-5.083207979661245e-18,6.102098371290119e-17
26.91,0.5121496608213152,0.0,0.47762168344559813,0.9962841510132585,-0.08612717596549167,-5.273768518287011e-18,6.100480982898127e-17
26.92,0.5120383057455596,0.0,0.478093734341831,0.9960104159439797,-0.08923705133575816,-5.464193464184213e-18,6.098804839016093e-17
26.93,0.511925510310317,0.0,0.47856573633754484,0.9957271055279681,-0.09234463339520464,-5.654477985293657e-18,6.097070063045424e-17
26.94,0.5118112755224071,0.0,0.4790376827770122,0.9954342406181009,-0.09544984339989668,-5.8446172599399796e-18,6.095276782673167e-17
26.95,0.5116956024134738,0.0,0.4795095670069878,0.9951318427650979,-0.0985526027811567,-6.034606477179205e-18,6.093425129859421e-17
26.96,0.5115784920399714,0.0,0.47998138237681276,0.9948199342153959,-0.10165283315124697,-6.224440837146728e-18,6.091515240824326e-17
26.97,0.5114599454831509,0.0,0.48045312223851633,0.9944985379089581,-0.10475045630900363,-6.414115551402299e-18,6.089547256034642e-17
26.98,0.5113399638490457,0.0,0.4809247799469197,0.9941676774770154,-0.10784539424545266,-6.603625843273899e-18,6.087521320189926e-17
26.99,0.5112185482684578,0.0,0.48139634885973714,0.993827377239742,-0.11093756914938918,-6.792966948199381e-18,6.085437582208296e-17
27.0,0.5110956998969418,0.0,0.4818678223376808,0.9934776622038645,-0.114026903412941,-6.98213411406713e-18,6.08329619521179e-17
27.01,0.5109714199147904,0.0,0.4823391937445614,0.993118558060205,-0.11711331963708974,-7.17112260155414e-18,6.081097316511325e-17
27.02,0.5108457095270185,0.0,0.4828104564473915,0.9927500911811608,-0.12019674063716093,-7.359927684462187e-18,6.078841107591257e-17
27.03,0.5107185699633464,0.0,0.48328160381648855,0.9923722886181159,-0.123277089448295,-7.548544650052821e-18,6.076527734093545e-17
27.04,0.5105900024781844,0.0,0.4837526292255763,0.9919851780987912,-0.1263542893308716,-7.736968799379523e-18,6.074157365801509e-17
27.05,0.5104600083506147,0.0,0.4842235260518883,0.9915887880245287,-0.12942826377590913,-7.925195447618322e-18,6.071730176623211e-17
27.06,0.5103285888843749,0.0,0.4846942876762684,0.9911831474675139,-0.13249893651042066,-8.113219924395751e-18,6.069246344574449e-17
27.07,0.5101957454078396,0.0,0.4851649074832758,0.9907682861679319,-0.1355662315027566,-8.301037574115997e-18,6.066706051761333e-17
27.08,0.510061479274003,0.0,0.4856353788612842,0.9903442345310649,-0.13863007296787783,-8.48864375628378e-18,6.064109484362521e-17
27.09,0.5099257918604594,0.0,0.48610569520258606,0.9899110236243238,-0.14169038537262663,-8.676033845827107e-18,6.06145683261104e-17
27.1,0.509788684569385,0.0,0.48657584990349384,0.98946868517422,-0.14474709344093972,-8.863203233416484e-18,6.058748290775743e-17
27.11,0.5096501588275182,0.0,0.48704583636444165,0.9890172515632765,-0.14780012215902535,-9.05014732578191e-18,6.055984057142395e-17
27.12,0.5095102160861401,0.0,0.4875156479900879,0.9885567558268747,-0.1508493967805135,-9.236861546028247e-18,6.053164333994369e-17
27.13,0.5093688578210539,0.0,0.48798527818941667,0.9880872316500459,-0.15389484283155372,-9.423341333947364e-18,6.05028932759299e-17
27.14,0.5092260855325645,0.0,0.48845472037583987,0.9876087133641983,-0.15693638611588048,-9.609582146328308e-18,6.047359248157506e-17
27.15,0.5090819007454581,0.0,0.48892396796729776,0.987121235943789,-0.15997395271983023,-9.795579457264506e-18,6.044374309844702e-17
27.16,0.50893630500898,0.0,0.48939301438636224,0.9866248350029326,-0.1630074690173304,-9.981328758459252e-18,6.041334730728135e-17
27.17,0.5087892998968133,0.0,0.48986185306033736,0.9861195467919557,-0.1660368616748339,-1.0166825559527858e-17,6.038240732777036e-17
27.18,0.5086408870070568,0.0,0.4903304774213604,0.9856054081938918,-0.16906205765621102,-1.0352065388297205e-17,6.03509254183485e-17
27.19,0.508491067962202,0.0,0.49079888090650414,0.9850824567209184,-0.17208298422761006,-1.0537043791103357e-17,6.03189038759742e-17
27.2,0.5083398444091108,0.0,0.49126705695787787,0.9845507305107395,-0.17509956896226012,-1.0721756333085654e-17,6.028634503590828e-17
27.21,0.5081872180189917,0.0,0.49173499902272844,0.9840102683229097,-0.17811173974523734,-1.0906198598478566e-17,6.025325127148898e-17
27.22,0.508033190487376,0.0,0.49220270055354026,0.9834611095351065,-0.1811194247781761,-1.109036619090016e-17,6.021962499390363e-17
27.23,0.5078777635340941,0.0,0.4926701550081394,0.9829032941393412,-0.18412255258395602,-1.1274254733639098e-17,6.018546865195668e-17
27.24,0.5077209389032504,0.0,0.4931373558497904,0.9823368627381247,-0.18712105201130808,-1.1457859869936692e-17,6.015078473183487e-17
27.25,0.5075627183631989,0.0,0.4936042965473004,0.9817618565405708,-0.1901148522394073,-1.1641177263268109e-17,6.011557575686865e-17
27.26,0.5074031037065173,0.0,0.4940709705751185,0.9811783173584515,-0.1931038827823975,-1.182420259761944e-17,6.007984428729068e-17
27.27,0.5072420967499822,0.0,0.4945373714134359,0.9805862876021993,-0.19608807349386845,-1.2006931577761848e-17,6.004359291999097e-17
27.28,0.5070796993345417,0.0,0.4950034925482877,0.9799858102768559,-0.19906735457129615,-1.2189359929523454e-17,6.000682428826885e-17
27.29,0.5069159133252897,0.0,0.4954693274716523,0.9793769289779708,-0.2020416565604199,-1.2371483400057353e-17,5.996954106158183e-17
27.3,0.5067507406114392,0.0,0.4959348696815525,0.9787596878874495,-0.205010910359577,-1.2553297758107046e-17,5.993174594529137e-17
27.31,0.5065841831062945,0.0,0.49640011268215467,0.9781341317693518,-0.207975047223979,-1.2734798794268276e-17,5.989344168040561e-17
27.32,0.5064162427472234,0.0,0.49686504998387,0.9775003059656396,-0.21093399876994912,-1.2915982321248496e-17,5.985463104331895e-17
27.33,0.5062469214956296,0.0,0.49732967510345405,0.9768582563918774,-0.21388769697909493,-1.3096844174122381e-17,5.981531684554886e-17
27.34,0.5060762213369239,0.0,0.4977939815641067,0.9762080295328838,-0.21683607420243617,-1.3277380210584572e-17,5.977550193346955e-17
27.35,0.5059041442804956,0.0,0.4982579628955714,0.9755496724383372,-0.21977906316447188,-1.3457586311198722e-17,5.973518918804292e-17
27.36,0.5057306923596827,0.0,0.49872161263423587,0.9748832327183327,-0.22271659696720675,-1.3637458379644043e-17,5.969438152454651e-17
27.37,0.5055558676317429,0.0,0.4991849243232312,0.9742087585388938,-0.225648609094112,-1.3816992342957829e-17,5.965308189229865e-17
27.38,0.5053796721778232,0.0,0.4996478915125305,0.9735262986174411,-0.2285750334140301,-1.3996184151774562e-17,5.961129327438098e-17
27.39,0.5052021081029294,0.0,0.5001105077590504,0.9728359022182106,-0.23149580418504395,-1.4175029780562825e-17,5.956901868735795e-17
27.4,0.5050231775358954,0.0,0.5005727666267475,0.9721376191476362,-0.23441085605825834,-1.435352522785685e-17,5.952626118099407e-17
27.41,0.5048428826293522,0.0,0.50103466168672,0.9714314997496808,-0.23732012408155756,-1.4531666516486607e-17,5.948302383796797e-17
27.42,0.5046612255596958,0.0,0.501496186517305,0.9707175949011303,-0.2402235437032872,-1.4709449693803248e-17,5.943930977358431e-17
27.43,0.5044782085270556,0.0,0.5019573347041778,0.9699959560068443,-0.24312105077588045,-1.4886870831901156e-17,5.939512213548294e-17
27.44,0.5042938337552622,0.0,0.5024180998404513,0.9692666349949639,-0.24601258155943875,-1.5063926027837193e-17,5.935046410334543e-17
27.45,0.5041081034918138,0.0,0.5028784755267738,0.9685296843120816,-0.24889807272524142,-1.52406114038456e-17,5.930533888859936e-17
27.46,0.5039210200078439,0.0,0.5033384553714284,0.9677851569183699,-0.2517774613592054,-1.5416923107549866e-17,5.925974973412002e-17
27.47,0.5037325855980876,0.0,0.5037980329904298,0.9670331062826725,-0.2546506849652783,-1.5592857312170457e-17,5.921369991392986e-17
27.48,0.5035428025808475,0.0,0.5042572020076244,0.9662735863775543,-0.2575176814687857,-1.5768410216729804e-17,5.916719273289528e-17
27.49,0.5033516732979592,0.0,0.504715956054787,0.9655066516743173,-0.2603783892197057,-1.5943578046252813e-17,5.912023152642155e-17
27.5,0.5031592001147568,0.0,0.5051742887717202,0.9647323571379767,-0.26323274699589233,-1.611835705196423e-17,5.907281966014521e-17
27.51,0.5029653854200383,0.0,0.50563219380635,0.9639507582222043,-0.2660806940062307,-1.6292743511481836e-17,5.902496052962434e-17
27.52,0.5027702316260295,0.0,0.5060896648148261,0.9631619108642326,-0.2689221698937444,-1.646673372900674e-17,5.897665756002654e-17
27.53,0.5025737411683483,0.0,0.5065466954616178,0.9623658714797271,-0.27175711473863096,-1.664032403550922e-17,5.892791420581504e-17
27.54,0.5023759165059687,0.0,0.5070032794196114,0.961562696957625,-0.2745854690612355,-1.681351078891083e-17,5.88787339504326e-17
27.55,0.5021767601211838,0.0,0.5074594103702093,0.9607524446549366,-0.27740717382498065,-1.69862903742638e-17,5.882912030598313e-17
27.56,0.5019762745195694,0.0,0.5079150820034241,0.9599351723915222,-0.2802221704392048,-1.715865920392481e-17,5.877907681291202e-17
27.57,0.501774462229946,0.0,0.5083702880179788,0.9591109384448284,-0.2830304007619685,-1.7330613717726865e-17,5.872860703968366e-17
27.58,0.5015713258043415,0.0,0.5088250221214015,0.9582798015446006,-0.2858318071027801,-1.750215038314617e-17,5.86777145824578e-17
27.59,0.501366867817953,0.0,0.509279278030123,0.9574418208675608,-0.28862633222526596,-1.7673265695465626e-17,5.862640306476359e-17
27.6,0.5011610908691081,0.0,0.5097330494695729,0.9565970560320602,-0.2914139193497718,-1.7843956177934148e-17,5.857467613717219e-17
27.61,0.5009539975792262,0.0,0.5101863301742765,0.9557455670926989,-0.29419451215591264,-1.8014218381922775e-17,5.852253747696728e-17
27.62,0.500745590592779,0.0,0.5106391138879514,0.95488741453492,-0.29696805478504884,-1.8184048887076294e-17,5.846999078781408e-17
27.63,0.5005358725772514,0.0,0.511091394363602,0.954022659269579,-0.2997344918426987,-1.835344430146097e-17,5.841703979942679e-17
27.64,0.5003248462231011,0.0,0.5115431653636172,0.9531513626274811,-0.30249376840089776,-1.852240126170901e-17,5.836368826723415e-17
27.65,0.5001125142437178,0.0,0.5119944206598658,0.9522735863538986,-0.30524583000048344,-1.8690916433158458e-17,5.830993997204362e-17
27.66,0.49989887937538335,0.0,0.5124451540337915,0.95138939260306,-0.30799062265332133,-1.8858986509989514e-17,5.82557987197041e-17
27.67,0.49968394437723,0.0,0.5128953592765086,0.9504988439326183,-0.3107280928444612,-1.902660821535655e-17,5.820126834076704e-17
27.68,0.4994677120311991,0.0,0.513345030188898,0.9496020032980917,-0.31345818753424015,-1.9193778301516898e-17,5.814635269014612e-17
27.69,0.49925018514199904,0.0,0.5137941605817018,0.9486989340472859,-0.31618085416031044,-1.9360493549955015e-17,5.809105564677573e-17
27.7,0.49903136653706337,0.0,0.5142427442756178,0.9477896999146938,-0.3188960406396021,-1.952675077150265e-17,5.8035381113268e-17
27.71,0.4988112590665073,0.0,0.5146907751013962,0.9468743650158703,-0.3216036953702372,-1.9692546806456073e-17,5.79793330155684e-17
27.72,0.49858986560308627,0.0,0.5151382468999316,0.9459529938417957,-0.3243037672333512,-1.9857878524687592e-17,5.792291530261055e-17
27.73,0.4983671890421508,0.0,0.5155851535223598,0.9450256512532094,-0.32699620559487774,-2.0022742825754844e-17,5.786613194596929e-17
27.74,0.49814323230160407,0.0,0.5160314888301509,0.9440924024749323,-0.3296809603072499,-2.018713663900496e-17,5.780898693951303e-17
27.75,0.497917998321857,0.0,0.5164772466952043,0.9431533130901684,-0.33235798171104425,-2.0351056923675246e-17,5.775148429905481e-17
27.76,0.4976914900657845,0.0,0.5169224209999416,0.9422084490347911,-0.3350272206365529,-2.051450066898943e-17,5.769362806200245e-17
27.77,0.4974637105186798,0.0,0.5173670056374013,0.9412578765916098,-0.33768862840530156,-2.0677464894250627e-17,5.763542228700747e-17
27.78,0.49723466268820987,0.0,0.5178109945113327,0.9403016623846243,-0.34034215683149216,-2.083994664892967e-17,5.757687105361326e-17
27.79,0.4970043496043698,0.0,0.5182543815362878,0.9393398733732645,-0.3429877582233794,-2.1001943012749393e-17,5.751797846190243e-17
27.8,0.49677277431943645,0.0,0.5186971606377165,0.9383725768466123,-0.3456253853845932,-2.1163451095765622e-17,5.745874863214288e-17
27.81,0.49653993990792256,0.0,0.5191393257520589,0.9373998404176147,-0.34825499161538304,-2.132446803844336e-17,5.739918570443358e-17
27.82,0.49630584946652967,0.0,0.5195808708268378,0.936421732017281,-0.3508765307138048,-2.1484991011729452e-17,5.733929383834918e-17
27.83,0.496070506114102,0.0,0.5200217898207516,0.9354383198888725,-0.3534899569768332,-2.164501721712072e-17,5.727907721258428e-17
27.84,0.4958339129915773,0.0,0.5204620767037684,0.9344496725820735,-0.35609522520142795,-2.1804543886729233e-17,5.721854002459642e-17
27.85,0.4955960732619411,0.0,0.5209017254572158,0.9334558589471622,-0.35869229068550607,-2.1963568283341848e-17,5.715768649024928e-17
27.86,0.49535699011017764,0.0,0.5213407300738746,0.932456948129165,-0.3612811092288714,-2.2122087700477132e-17,5.709652084345457e-17
27.87,0.4951166667432208,0.0,0.5217790845580714,0.9314530095620004,-0.3638616371340787,-2.228009946243826e-17,5.703504733581364e-17
27.88,0.4948751063899064,0.0,0.5222167829257689,0.9304441129626251,-0.36643383120720974,-2.2437600924360546e-17,5.697327023625886e-17
27.89,0.49463231230092247,0.0,0.5226538192046585,0.9294303283251601,-0.3689976487586133,-2.2594589472256754e-17,5.691119383069405e-17
27.9,0.49438828774875954,0.0,0.5230901874342513,0.9284117259150202,-0.37155304760356,-2.2751062523057196e-17,5.684882242163497e-17
27.91,0.49414303602766085,0.0,0.5235258816659701,0.9273883762630313,-0.37409998606284167,-2.2907017524646424e-17,5.678616032784912e-17
27.92,0.4938965604535725,0.0,0.5239608959632391,0.9263603501595478,-0.3766384229632978,-2.306245195589548e-17,5.672321188399558e-17
27.93,0.4936488643640922,0.0,0.5243952244015759,0.9253277186485606,-0.3791683176382889,-2.321736332669087e-17,5.665998144026411e-17
27.94,0.49339995111841856,0.0,0.5248288610686822,0.9242905530218046,-0.3816896299280956,-2.3371749177959002e-17,5.65964733620145e-17
27.95,0.4931498240973,0.0,0.5252618000645326,0.9232489248128649,-0.38420232018025197,-2.3525607081686607e-17,5.653269202941552e-17
27.96,0.49289848670298253,0.0,0.5256940355014674,0.9222029057912754,-0.3867063492498256,-2.367893464093787e-17,5.646864183708368e-17
27.97,0.49264594235915815,0.0,0.5261255615042807,0.9211525679566208,-0.38920167849962184,-2.3831729489866955e-17,5.640432719372202e-17
27.98,0.4923921945109122,0.0,0.5265563722103108,0.9200979835326363,-0.39168826980033067,-2.3983989293726992e-17,5.633975252175886e-17
27.99,0.4921372466246713,0.0,0.5269864617695297,0.9190392249613084,-0.39416608553060156,-2.4135711748874652e-17,5.627492225698653e-17
28.0,0.4918811021881486,0.0,0.5274158243446335,0.9179763648969712,-0.39663508857707336,-2.4286894582771992e-17,5.620984084819993e-17
28.01,0.4916237647102926,0.0,0.5278444541111303,0.9169094762004134,-0.39909524233431226,-2.443753555398264e-17,5.614451275683562e-17
28.02,0.49136523772123186,0.0,0.5282723452574292,0.91583863193298,-0.4015465107047098,-2.4587632452165564e-17,5.607894245661075e-17
28.03,0.4911055247722205,0.0,0.5286994919849309,0.9147639053506752,-0.40398885809831553,-2.473718309806482e-17,5.601313443316184e-17
28.04,0.49084462943558554,0.0,0.5291258885081139,0.9136853698982794,-0.4064222494325874,-2.488618534349427e-17,5.594709318368466e-17
28.05,0.4905825553046704,0.0,0.5295515290546247,0.9126030992034576,-0.4088466501321053,-2.5034637071320027e-17,5.588082321657345e-17
28.06,0.49031930599378015,0.0,0.5299764078653649,0.9115171670708809,-0.41126202612820434,-2.5182536195438028e-17,5.581432905106087e-17
28.07,0.49005488513812645,0.0,0.5304005191945799,0.9104276474763501,-0.41366834385855406,-2.5329880660748246e-17,5.574761521685835e-17
28.08,0.48978929639377156,0.0,0.5308238573099455,0.9093346145609278,-0.41606557026666957,-2.5476668443124753e-17,5.568068625379661e-17
28.09,0.48952254343757146,0.0,0.5312464164926569,0.9082381426250735,-0.4184536728013708,-2.562289754938263e-17,5.561354671146668e-17
28.1,0.4892546299671202,0.0,0.531668191037515,0.9071383061227893,-0.42083261941617195,-2.5768566017240563e-17,5.554620114886129e-17
28.11,0.48898555970069274,0.0,0.532089175253013,0.9060351796557746,-0.42320237856860904,-2.5913671915279675e-17,5.5478654134017075e-17
28.12,0.48871533637718734,0.0,0.532509363461425,0.9049288379675847,-0.4255629192195165,-2.6058213342899227e-17,5.5410910243656823e-17
28.13,0.48844396375606836,0.0,0.5329287499988908,0.903819355937804,-0.42791421083223335,-2.6202188430268013e-17,5.53429740628327e-17
28.14,0.4881714456173084,0.0,0.5333473292155034,0.902706808576226,-0.43025622337175434,-2.634559533827238e-17,5.527485018456988e-17
28.15,0.48789778576133025,0.0,0.5337650954753942,0.9015912710170471,-0.4325889273038154,-2.6488432258460228e-17,5.520654320951103e-17
28.16,0.4876229880089472,0.0,0.5341820431568203,0.9004728185130648,-0.4349122935939349,-2.6630697412982314e-17,5.5138057745561016e-17
28.17,0.4873470562013059,0.0,0.5345981666522487,0.8993515264298988,-0.4372262937063725,-2.677238905452848e-17,5.506939840753309e-17
28.18,0.4870699941998261,0.0,0.5350134603684422,0.8982274702402149,-0.43953089960304725,-2.6913505466261424e-17,5.500056981679518e-17
28.19,0.4867918058861404,0.0,0.5354279187265464,0.8971007255179628,-0.4418260837423983,-2.7054044961746926e-17,5.4931576600917076e-17
28.2,0.48651249516203604,0.0,0.5358415361621715,0.8959713679326369,-0.44411181907816794,-2.719400588487934e-17,5.4862423393318964e-17
28.21,0.48623206594939344,0.0,0.5362543071254794,0.8948394732435386,-0.44638807905815137,-2.7333386609805035e-17,5.479311483292016e-17
28.22,0.48595052219012586,0.0,0.5366662260812678,0.8937051172940622,-0.448654837622873,-2.7472185540841345e-17,5.472365556378916e-17
28.23,0.48566786784611854,0.0,0.5370772875090543,0.8925683760059928,-0.4509120692042126,-2.761040111239244e-17,5.4654050234794516e-17
28.24,0.4853841068991681,0.0,0.5374874859031595,0.8914293253738226,-0.4531597487239699,-2.774803178886143e-17,5.4584303499256814e-17
28.25,0.48509924335091986,0.0,0.5378968157727927,0.890288041459079,-0.4553978515923821,-2.788507606455961e-17,5.451442001460136e-17
28.26,0.48481328122280676,0.0,0.5383052716421344,0.8891446003846746,-0.45762635370657734,-2.802153246361172e-17,5.444440444201221e-17
28.27,0.48452622455598715,0.0,0.538712848050419,0.8879990783292743,-0.4598452314489729,-2.8157399539857925e-17,5.437426144608728e-17
28.28,0.4842380774112819,0.0,0.5391195395520191,0.8868515515216767,-0.4620544616856272,-2.8292675876752834e-17,5.430399569449427e-17
28.29,0.4839488438691117,0.0,0.5395253407165277,0.885702096235219,-0.464254021764528,-2.8427360087260744e-17,5.42336118576281e-17
28.3,0.48365852802943393,0.0,0.5399302461288412,0.8845507887821974,-0.4664438895138325,-2.8561450813747833e-17,5.416311460826923e-17
28.31,0.4833671340116796,0.0,0.5403342503892405,0.8833977055083122,-0.46862404324004686,-2.869494672787071e-17,5.4092508621243534e-17
28.32,0.4830746659546881,0.0,0.5407373481134752,0.8822429227871238,-0.47079446172616884,-2.8827846530462686e-17,5.4021798573082834e-17
28.33,0.4827811280166454,0.0,0.5411395339328431,0.8810865170145433,-0.4729551242297527,-2.8960148951415274e-17,5.395098914168752e-17
28.34,0.4824865243750173,0.0,0.5415408024942735,0.8799285646033305,-0.47510601048094786,-2.9091852749558083e-17,5.388008500598968e-17
28.35,0.48219085922648597,0.0,0.541941148460408,0.8787691419776219,-0.47724710068046944,-2.922295671253458e-17,5.380909084561803e-17
28.36,0.48189413678688475,0.0,0.5423405665096809,0.8776083255674811,-0.47937837549752077,-2.935345965667484e-17,5.37380113405642e-17
28.37,0.48159636129113237,0.0,0.542739051336401,0.876446191803466,-0.4814998160676722,-2.9483360426865707e-17,5.366685117085009e-17
28.38,0.48129753699316746,0.0,0.5431365976508319,0.8752828171112249,-0.4836114039906814,-2.961265789641728e-17,5.359561501619699e-17
28.39,0.48099766816588224,0.0,0.543533200179272,0.8741182779061137,-0.4857131213282694,-2.9741350966926756e-17,5.352430755569594e-17
28.4,0.48069675910105714,0.0,0.5439288536641341,0.8729526505878397,-0.4878049506018417,-2.986943856813891e-17,5.3452933467479784e-17
28.41,0.4803948141092929,0.0,0.5443235528640266,0.8717860115351244,-0.4898868747901703,-2.9996919657804114e-17,5.338149742839638e-17
28.42,0.4800918375199442,0.0,0.5447172925538317,0.8706184371003972,-0.4919588773270199,-3.012379322153301e-17,5.3310004113683634e-17
28.43,0.4797878336810528,0.0,0.545110067524785,0.8694500036045131,-0.49402094209872544,-3.02500582726482e-17,5.323845819664608e-17
28.44,0.47948280695927914,0.0,0.5455018725845546,0.8682807873314924,-0.49607305344173214,-3.037571385203356e-17,5.316686434833279e-17
28.45,0.479176761739835,0.0,0.54589270255732,0.8671108645232919,-0.498115196140079,-3.050075902798019e-17,5.309522723721718e-17
28.46,0.4788697024264151,0.0,0.5462825522838504,0.8659403113745987,-0.5001473554228424,-3.0625192896029875e-17,5.3023551528878235e-17
28.47,0.4785616334411292,0.0,0.5466714166215817,0.8647692040276559,-0.502169516961528,-3.074901457881539e-17,5.295184188568366e-17
28.48,0.47825255922443183,0.0,0.547059290444697,0.8635976185671066,-0.504181666867432,-3.087222322589889e-17,5.2880102966474194e-17
28.49,0.47794248423505536,0.0,0.5474461686442019,0.8624256310148786,-0.5061837916889363,-3.0994818013606327e-17,5.280833942625037e-17
28.5,0.4776314129499386,0.0,0.5478320461280025,0.861253317325085,-0.5081758784087812,-3.111679814486042e-17,5.2736555915860256e-17
28.51,0.47731934986415814,0.0,0.5482169178209831,0.8600807533789605,-0.5101579144412832,-3.123816284901034e-17,5.2664757081689405e-17
28.52,0.4770062994908583,0.0,0.5486007786650823,0.8589080149798264,-0.5121298876295098,-3.1358911381658646e-17,5.2592947565352566e-17
28.53,0.4766922663611807,0.0,0.5489836236193696,0.8577351778480796,-0.5140917862424212,-3.147904302448632e-17,5.2521132003386823e-17
28.54,0.4763772550241935,0.0,0.5493654476601223,0.8565623176162175,-0.5160435989719612,-3.159855708507463e-17,5.2449315026946965e-17
28.55,0.4760612700468205,0.0,0.5497462457809008,0.8553895098238881,-0.5179853149301132,-3.1717452896724846e-17,5.23775012615024e-17
28.56,0.4757443160137707,0.0,0.5501260129926241,0.8542168299129751,-0.5199169236459102,-3.1835729818275144e-17,5.23056953265362e-17
28.57,0.47542639752746596,0.0,0.5505047443236462,0.8530443532227072,-0.5218384150624148,-3.1953387233915713e-17,5.2233901835245626e-17
28.58,0.4751075192079694,0.0,0.5508824348198303,0.8518721549848038,-0.5237497795336493,-3.2070424553000775e-17,5.2162125394244903e-17
28.59,0.47478768569291363,0.0,0.5512590795446243,0.8507003103186488,-0.5256510078214962,-3.218684120985878e-17,5.209037060326967e-17
28.6,0.4744669016374284,0.0,0.5516346735791343,0.8495288942264984,-0.5275420910925525,-3.230263666359979e-17,5.201864205488358e-17
28.61,0.4741451717140678,0.0,0.5520092120222004,0.8483579815887168,-0.5294230209149565,-3.2417810397921185e-17,5.194694433418656e-17
28.62,0.47382250061273695,0.0,0.5523826899904697,0.8471876471590465,-0.5312937892551719,-3.253236192091073e-17,5.187528201852518e-17
28.63,0.47349889304062015,0.0,0.5527551026184695,0.8460179655599135,-0.5331543884747316,-3.264629076484723e-17,5.1803659677205186e-17
28.64,0.47317435372210537,0.0,0.5531264450586827,0.8448490112777557,-0.5350048113269624,-3.2759596485999906e-17,5.173208187120548e-17
28.65,0.4728488873987123,0.0,0.5534967124816184,0.8436808586583976,-0.5368450509536518,-3.287227866442437e-17,5.166055315289486e-17
28.66,0.4725224988290173,0.0,0.5538659000758865,0.8425135819024447,-0.5386751008817027,-3.2984336903757737e-17,5.1589078065750016e-17
28.67,0.47219519278857913,0.0,0.5542340030482698,0.8413472550607196,-0.5404949550197414,-3.3095770831010947e-17,5.15176611440761e-17
28.68,0.4718669740698651,0.0,0.5546010166237955,0.8401819520297306,-0.5423046076546939,-3.320658009635911e-17,5.144630691272923e-17
28.69,0.471537847482175,0.0,0.5549669360458083,0.8390177465471684,-0.5441040534483377,-3.331676437293036e-17,5.1375019886840756e-17
28.7,0.47120781785156657,0.0,0.5553317565760412,0.837854712187444,-0.5458932874338128,-3.342632335659225e-17,5.1303804571544006e-17
28.71,0.47087689002078004,0.0,0.5556954734946876,0.8366929223572549,-0.547672305012109,-3.353525676573661e-17,5.1232665461702856e-17
28.72,0.4705450688491626,0.0,0.556058082100471,0.8355324502911917,-0.5494411019485139,-3.364356434106211e-17,5.116160704164265e-17
28.73,0.4702123592125918,0.0,0.5564195777107175,0.8343733690473704,-0.5511996743690446,-3.3751245845355694e-17,5.109063378488277e-17
28.74,0.4698787660033996,0.0,0.5567799556614248,0.8332157515031076,-0.5529480187568372,-3.3858301063271565e-17,5.101975015387186e-17
28.75,0.46954429413029575,0.0,0.5571392113073335,0.8320596703506262,-0.5546861319485167,-3.396472980110887e-17,5.0948960599724813e-17
28.76,0.4692089485182914,0.0,0.5574973400219955,0.8309051980927984,-0.5564140111305317,-3.407053188658727e-17,5.087826956196215e-17
28.77,0.4688727341086213,0.0,0.557854337197845,0.8297524070389197,-0.5581316538354718,-3.4175707168621453e-17,5.080768146825124e-17
28.78,0.4685356558586665,0.0,0.5582101982462675,0.8286013693005224,-0.55983905793835,-3.4280255517093494e-17,5.0737200734149936e-17
28.79,0.468197718741878,0.0,0.5585649185976671,0.8274521567872251,-0.5615362216528597,-3.4384176822623664e-17,5.066683176285245e-17
28.8,0.4678589277476964,0.0,0.5589184937015379,0.8263048412026093,-0.563223143527617,-3.448747099634033e-17,5.059657894493687e-17
28.81,0.46751928788147634,0.0,0.5592709190265295,0.8251594940401457,-0.5648998224423609,-3.459013796964727e-17,5.0526446658115695e-17
28.82,0.46717880416440644,0.0,0.5596221900605169,0.824016186579142,-0.5665662576041469,-3.4692177693990664e-17,5.045643926698772e-17
28.83,0.4668374816334311,0.0,0.5599723023106675,0.8228749898807364,-0.5682224485435066,-3.4793590140623844e-17,5.038656112279272e-17
28.84,0.4664953253411714,0.0,0.5603212513035086,0.8217359747839212,-0.5698683951105893,-3.4894375300371115e-17,5.0316816563167965e-17
28.85,0.4661523403558466,0.0,0.5606690325849941,0.8205992119016079,-0.571504097471278,-3.4994533183389876e-17,5.024720991190724e-17
28.86,0.46580853176119347,0.0,0.5610156417205718,0.8194647716167213,-0.5731295561032905,-3.5094063818931907e-17,5.017774547872173e-17
28.87,0.46546390465638726,0.0,0.5613610742952496,0.8183327240783355,-0.5747447717922547,-3.519296725510303e-17,5.0108427559003383e-17
28.88,0.46511846415596225,0.0,0.5617053259136613,0.817203139197846,-0.576349745627762,-3.5291243558621494e-17,5.0039260433590555e-17
28.89,0.4647722153897304,0.0,0.562048392200133,0.816076086645173,-0.5779444789994106,-3.5388892814575644e-17,4.9970248368535456e-17
28.9,0.4644251635027013,0.0,0.5623902687987482,0.8149516358450066,-0.5795289735928202,-3.548591512617991e-17,4.990139561487434e-17
28.91,0.4640773136550017,0.0,0.5627309513734132,0.8138298559730853,-0.5811032313856352,-3.5582310614530096e-17,4.983270640839952e-17
28.92,0.46372867102179477,0.0,0.5630704356079212,0.8127108159525134,-0.5826672546435058,-3.567807941835726e-17,4.976418496943396e-17
28.93,0.4633792407931977,0.0,0.563408717206018,0.8115945844501106,-0.5842210459160577,-3.577322169378095e-17,4.969583550260771e-17
28.94,0.4630290281742011,0.0,0.5637457918914657,0.8104812298728022,-0.5857646080328427,-3.5867737614061237e-17,4.962766219663687e-17
28.95,0.46267803838458776,0.0,0.5640816554081056,0.8093708203640466,-0.5872979440992708,-3.596162736934966e-17,4.955966922410485e-17
28.96,0.46232627665884896,0.0,0.5644163035199238,0.8082634238002906,-0.588821057492539,-3.6054891166439874e-17,4.9491860741245325e-17
28.97,0.4619737482461041,0.0,0.5647497320111122,0.8071591077874756,-0.5903339518575282,-3.614752922851648e-17,4.9424240887728274e-17
28.98,0.46162045841001714,0.0,0.565081936686133,0.8060579396575661,-0.5918366311027052,-3.6239541794904044e-17,4.9356813786447435e-17
28.99,0.46126641242871425,0.0,0.5654129133697808,0.8049599864651239,-0.5933290993959992,-3.633092912081461e-17,4.928958354331054e-17
29.0,0.4609116155947004,0.0,0.5657426579072447,0.8038653149839143,-0.5948113611606727,-3.6421691477094904e-17,4.922255424703148e-17
29.01,0.46055607321477726,0.0,0.5660711661641696,0.8027739917035525,-0.5962834210711754,-3.651182914997242e-17,4.915572996892497e-17
29.02,0.4601997906099584,0.0,0.5663984340267195,0.8016860828261806,-0.5977452840489955,-3.660134244080139e-17,4.9089114762703095e-17
29.03,0.45984277311538657,0.0,0.5667244574016371,0.8006016542631861,-0.5991969552584941,-3.669023166580773e-17,4.902271266427434e-17
29.04,0.45948502608024966,0.0,0.5670492322163054,0.799520771631957,-0.6006384401027295,-3.6778497155833345e-17,4.895652769154491e-17
29.05,0.45912655486769616,0.0,0.5673727544188084,0.7984435002526672,-0.60206974421928,-3.686613925608034e-17,4.8890563844221887e-17
29.06,0.45876736485475106,0.0,0.5676950199779909,0.7973699051451048,-0.6034908734760507,-3.695315832585429e-17,4.882482510361906e-17
29.07,0.45840746143223127,0.0,0.5680160248835191,0.7963000510255327,-0.6049018339670776,-3.7039554738307265e-17,4.875931543246463e-17
29.08,0.45804685000466117,0.0,0.5683357651459391,0.7952340023035884,-0.60630263200832,-3.712532888018023e-17,4.869403877471142e-17
29.09,0.4576855359901863,0.0,0.5686542367967378,0.7941718230792131,-0.6076932741334554,-3.721048115154556e-17,4.862899905534882e-17
29.1,0.45732352482048955,0.0,0.5689714358883997,0.7931135771396268,-0.6090737670896565,-3.729501196554842e-17,4.856420018021757e-17
29.11,0.4569608219407054,0.0,0.5692873584944673,0.7920593279563316,-0.6104441178333724,-3.737892174814846e-17,4.849964603582626e-17
29.12,0.45659743280933257,0.0,0.5696020007095988,0.7910091386821494,-0.6118043335261071,-3.746221093786134e-17,4.843534048916995e-17
29.13,0.4562333628981505,0.0,0.5699153586496248,0.7899630721483055,-0.6131544215301812,-3.754487998549917e-17,4.83712873875516e-17
29.14,0.4558686176921314,0.0,0.5702274284516081,0.7889211908615351,-0.6144943894045065,-3.7626929353911806e-17,4.8307490558404854e-17
29.15,0.4555032026893545,0.0,0.570538206273899,0.7878835570012338,-0.6158242449003479,-3.770835951772734e-17,4.824395380911961e-17
29.16,0.45513712340091916,0.0,0.5708476882961927,0.7868502324166393,-0.6171439959570867,-3.7789170963092664e-17,4.8180680926869417e-17
29.17,0.45477038535085906,0.0,0.5711558707195862,0.785821278624052,-0.6184536506979808,-3.7869364187413866e-17,4.811767567844129e-17
29.18,0.45440299407605333,0.0,0.571462749766634,0.7847967568040846,-0.6197532174259288,-3.794893969909687e-17,4.8054941810067297e-17
29.19,0.45403495512614067,0.0,0.5717683216814045,0.7837767277989518,-0.6210427046192297,-3.8027898017287744e-17,4.7992483047258634e-17
29.2,0.4536662740634317,0.0,0.5720725827295347,0.7827612521097949,-0.6223221209273426,-3.810623967161311e-17,4.7930303094641734e-17
29.21,0.4532969564628207,0.0,0.5723755291982858,0.7817503898940363,-0.6235914751666528,-3.818396520192088e-17,4.786840563579635e-17
29.22,0.45292700791169827,0.0,0.5726771573965983,0.780744200962773,-0.6248507763162348,-3.8261075158020785e-17,4.780679433309589e-17
29.23,0.4525564340098626,0.0,0.5729774636551457,0.7797427447782018,-0.6261000335136199,-3.833757009942526e-17,4.774547282754982e-17
29.24,0.4521852403694325,0.0,0.5732764443263887,0.7787460804510828,-0.6273392560505644,-3.8413450595090277e-17,4.768444473864829e-17
29.25,0.4518134326147565,0.0,0.5735740957846299,0.7777542667382277,-0.6285684533688289,-3.848871722315693e-17,4.7623713664208364e-17
29.26,0.45144101638232687,0.0,0.5738704144260659,0.7767673620400344,-0.6297876350559497,-3.856337057069251e-17,4.756328318022307e-17
29.27,0.451067997320689,0.0,0.5741653966688407,0.7757854243980461,-0.6309968108410243,-3.863741123343242e-17,4.750315684071191e-17
29.28,0.4506943810903518,0.0,0.5744590389530994,0.774808511492544,-0.6321959905905037,-3.871083981552253e-17,4.7443338177573466e-17
29.29,0.4503201733637004,0.0,0.5747513377410385,0.7738366806401814,-0.6333851843039793,-3.878365692926123e-17,4.7383830700440537e-17
29.3,0.4499453798249047,0.0,0.5750422895169599,0.772869988791641,-0.6345644021099898,-3.885586319484265e-17,4.73246378965367e-17
29.31,0.44957000616983034,0.0,0.5753318907873214,0.7719084925293308,-0.6357336542618268,-3.892745924009982e-17,4.726576323053518e-17
29.32,0.449194058105949,0.0,0.5756201380807882,0.7709522480651121,-0.6368929511333516,-3.899844570024854e-17,4.720721014441979e-17
29.33,0.4488175413522481,0.0,0.5759070279482835,0.7700013112380595,-0.6380423032148175,-3.906882321763156e-17,4.714898205734772e-17
29.34,0.44844046163914014,0.0,0.5761925569630397,0.7690557375122515,-0.6391817211087054,-3.913859244146361e-17,4.70910823655143e-17
29.35,0.44806282470837255,0.0,0.5764767217206479,0.7681155819745965,-0.6403112155255654,-3.920775402757673e-17,4.70335144420198e-17
29.36,0.4476846363129372,0.0,0.576759518839108,0.7671808993326886,-0.6414307972798681,-3.9276308638166264e-17,4.6976281636738244e-17
29.37,0.44730590221697886,0.0,0.5770409449588785,0.7662517439126951,-0.6425404772858699,-3.934425694153766e-17,4.6919387276187976e-17
29.38,0.44692662819570467,0.0,0.5773209967429248,0.7653281696572762,-0.6436402665534867,-3.941159961185384e-17,4.686283466340429e-17
29.39,0.4465468200352924,0.0,0.5775996708767688,0.7644102301235356,-0.6447301761841797,-3.947833732888324e-17,4.6806627077813976e-17
29.4,0.4461664835328,0.0,0.5778769640685362,0.763497978481004,-0.6458102173668518,-3.954447077774858e-17,4.6750767775111813e-17
29.41,0.4457856244960721,0.0,0.578152873049006,0.7625914675096471,-0.6468804013737647,-3.96100006486768e-17,4.6695259987138605e-17
29.42,0.44540424874365053,0.0,0.5784273945716565,0.7616907495979147,-0.6479407395564558,-3.9674927636749124e-17,4.664010692176172e-17
29.43,0.44502236210468077,0.0,0.5787005254127136,0.7607958767408108,-0.6489912433416809,-3.9739252441652524e-17,4.6585311762756916e-17
29.44,0.44463997041881936,0.0,0.5789722623711979,0.7599069005379964,-0.6500319242273688,-3.98029757674321e-17,4.653087766969217e-17
29.45,0.4442570795361436,0.0,0.5792426022689701,0.7590238721919262,-0.6510627937785837,-3.986609832224379e-17,4.647680777781361e-17
29.46,0.4438736953170568,0.0,0.5795115419507781,0.7581468425060094,-0.6520838636235129,-3.992862081810871e-17,4.642310519793284e-17
29.47,0.443489823632197,0.0,0.5797790782843031,0.7572758618828035,-0.6530951454494645,-3.9990543970668084e-17,4.636977301631642e-17
29.48,0.4431054703623434,0.0,0.5800452081602037,0.756410980322235,-0.6540966509988836,-4.005186849893931e-17,4.631681429457683e-17
29.49,0.4427206413983238,0.0,0.5803099284921621,0.7555522474198526,-0.6550883920653836,-4.011259512507292e-17,4.626423206956558e-17
29.5,0.4423353426409208,0.0,0.5805732362169287,0.7546997123651036,-0.6560703804897993,-4.017272457411094e-17,4.621202935326761e-17
29.51,0.4419495800007789,0.0,0.5808351282943659,0.753853423939643,-0.6570426281562535,-4.0232257573746023e-17,4.616020913269783e-17
29.52,0.44156335939831093,0.0,0.5810956017074923,0.7530134305156715,-0.6580051469882435,-4.02911948540818e-17,4.610877436979925e-17
29.53,0.441176686763604,0.0,0.5813546534625265,0.7521797800542956,-0.6589579489447497,-4.0349537147394634e-17,4.605772800134266e-17
29.54,0.44078956803632574,0.0,0.58161228058893,0.7513525201039226,-0.6599010460163589,-4.040728518789621e-17,4.6007072938828307e-17
29.55,0.44040200916563027,0.0,0.5818684801394503,0.7505316977986771,-0.6608344502214115,-4.046443971149763e-17,4.5956812068388924e-17
29.56,0.44001401611006463,0.0,0.5821232491901628,0.7497173598568507,-0.6617581736021652,-4.0521001455574503e-17,4.590694825069483e-17
29.57,0.43962559483747277,0.0,0.5823765848405141,0.7489095525793698,-0.6626722282209873,-4.057697115873382e-17,4.585748432086008e-17
29.58,0.4392367513249031,0.0,0.5826284842133619,0.7481083218483009,-0.6635766261565571,-4.0632349560581373e-17,4.580842308835098e-17
29.59,0.4388474915585121,0.0,0.5828789444550181,0.7473137131253725,-0.6644713795001019,-4.06871374014913e-17,4.575976733689554e-17
29.6,0.43845782153347035,0.0,0.5831279627352887,0.7465257714505292,-0.6653565003516477,-4.074133542237651e-17,4.571151982439496e-17
29.61,0.43806774725386766,0.0,0.5833755362475143,0.7457445414405102,-0.6662320008162946,-4.07949443644606e-17,4.5663683282836573e-17
29.62,0.43767727473261725,0.0,0.5836216622086113,0.7449700672874507,-0.6670978930005184,-4.084796496905142e-17,4.5616260418208246e-17
29.63,0.437286409991361,0.0,0.5838663378591107,0.744202392757513,-0.6679541890084921,-4.09003979773158e-17,4.556925391041448e-17
29.64,0.43689515906037346,0.0,0.584109560463198,0.7434415611895382,-0.6688009009384348,-4.095224413005601e-17,4.552266641319395e-17
29.65,0.43650352797846736,0.0,0.5843513273087518,0.7426876154937279,-0.6696380408789817,-4.100350416748747e-17,4.5476500554038704e-17
29.66,0.43611152279289656,0.0,0.5845916357073836,0.7419405981503439,-0.6704656209055838,-4.10541788290183e-17,4.543075893411456e-17
29.67,0.4357191495592607,0.0,0.5848304829944746,0.7412005512084378,-0.67128365307693,-4.110426885303023e-17,4.538544412818336e-17
29.68,0.43532641434140995,0.0,0.5850678665292146,0.7404675162846017,-0.6720921494313954,-4.115377497666115e-17,4.5340558684526405e-17
29.69,0.4349333232113475,0.0,0.5853037836946394,0.7397415345617433,-0.6728911219835176,-4.1202697935589305e-17,4.5296105124869504e-17
29.7,0.43453988224913376,0.0,0.5855382318976676,0.7390226467878837,-0.6736805827204989,-4.125103846381913e-17,4.525208594430933e-17
29.71,0.43414609754279043,0.0,0.585771208569138,0.738310893274979,-0.6744605435987361,-4.12987972934688e-17,4.5208503611241305e-17
29.72,0.43375197518820385,0.0,0.5860027111638446,0.7376063138977669,-0.6752310165403755,-4.134597515455922e-17,4.51653605672889e-17
29.73,0.43335752128902677,0.0,0.586232737160575,0.7369089480926292,-0.6759920134299033,-4.1392572774805285e-17,4.512265922723407e-17
29.74,0.432962741956584,0.0,0.5864612840621432,0.736218834856486,-0.6767435461107539,-4.14385908794082e-17,4.508040197894947e-17
29.75,0.4325676433097734,0.0,0.5866883493954269,0.7355360127457037,-0.6774856263819566,-4.148403019085014e-17,4.503859118333164e-17
29.76,0.4321722314749695,0.0,0.5869139307114015,0.734860519875029,-0.6782182659948065,-4.1528891428690396e-17,4.499722917423571e-17
29.77,0.43177651258592686,0.0,0.5871380255851747,0.7341923939165449,-0.6789414766495658,-4.1573175309363413e-17,4.495631825841147e-17
29.78,0.43138049278368146,0.0,0.5873606316160203,0.7335316720986447,-0.6796552699921973,-4.1616882545978726e-17,4.491586071544055e-17
29.79,0.4309841782164539,0.0,0.5875817464274123,0.7328783912050295,-0.6803596576111254,-4.166001384812269e-17,4.4875858797675057e-17
29.8,0.4305875750395518,0.0,0.5878013676670581,0.7322325875737261,-0.6810546510340308,-4.170256992166218e-17,4.4836314730177384e-17
29.81,0.43019068941527233,0.0,0.588019493006931,0.7315942970961256,-0.6817402617246733,-4.1744551468549996e-17,4.4797230710661396e-17
29.82,0.42979352751280364,0.0,0.5882361201433032,0.7309635552160396,-0.6824165010797496,-4.1785959186632586e-17,4.475860890943462e-17
29.83,0.4293960955081272,0.0,0.5884512467967774,0.7303403969287803,-0.6830833804257807,-4.1826793769459304e-17,4.472045146934191e-17
29.84,0.42899839958391955,0.0,0.5886648707123193,0.7297248567802568,-0.6837409110160323,-4.186705590609396e-17,4.4682760505710113e-17
29.85,0.428600445929455,0.0,0.5888769896592879,0.7291169688660938,-0.6843891040274673,-4.190674628092814e-17,4.464553810629411e-17
29.86,0.4282022407405059,0.0,0.5890876014314675,0.728516766830766,-0.6850279705577337,-4.1945865573496795e-17,4.4608786331223814e-17
29.87,0.42780379021924486,0.0,0.5892967038470975,0.7279242838667542,-0.6856575216221821,-4.198441445829562e-17,4.4572507212952493e-17
29.88,0.42740510057414693,0.0,0.5895042947489026,0.7273395527137194,-0.686277768150919,-4.202239360460062e-17,4.45367027562062e-17
29.89,0.4270061780198888,0.0,0.5897103720041235,0.7267626056576931,-0.6868887209858963,-4.2059803676289864e-17,4.45013749379342e-17
29.9,0.4266070287772529,0.0,0.5899149335045444,0.7261934745302898,-0.6874903908780291,-4.2096645331667055e-17,4.446652570726072e-17
29.91,0.42620765907302616,0.0,0.5901179771665241,0.7256321907079328,-0.6880827884843553,-4.213291922328755e-17,4.443215698543759e-17
29.92,0.4258080751399018,0.0,0.5903195009310231,0.7250787851111008,-0.6886659243652252,-4.2168625997786313e-17,4.4398270665798057e-17
29.93,0.4254082832163812,0.0,0.5905195027636324,0.724533288203591,-0.6892398089815273,-4.2203766295708025e-17,4.4364868613711724e-17
29.94,0.42500828954667275,0.0,0.5907179806546012,0.7239957299917977,-0.6898044526919523,-4.223834075133956e-17,4.4331952666540324e-17
29.95,0.42460810038059427,0.0,0.5909149326188641,0.7234661400240106,-0.6903598657502903,-4.227234999254447e-17,4.429952463359477e-17
29.96,0.42420772197347256,0.0,0.5911103566960685,0.7229445473897266,-0.6909060583027647,-4.2305794640599775e-17,4.426758629609303e-17
29.97,0.42380716058604495,0.0,0.5913042509506007,0.7224309807189814,-0.6914430403854035,-4.2338675310034926e-17,4.423613940711919e-17
29.98,0.42340642248435856,0.0,0.5914966134716125,0.7219254681816933,-0.691970821921447,-4.237099260847316e-17,4.4205185691583255e-17
29.99,0.42300551393967123,0.0,0.5916874423730469,0.7214280374870261,-0.6924894127187925,-4.240274713647498e-17,4.4174726846182163e-17
30.0,0.4226044412283514,0.0,0.5918767357936637,0.7209387158827656,-0.6929988224674765,-4.2433939487383996e-17,4.41447645393616e-17
30.01,0.4222032106317791,0.0,0.5920644918970637,0.7204575301547133,-0.693499060737194,-4.2464570247175027e-17,4.411530041127886e-17
30.02,0.4218018284362451,0.0,0.5922507088717144,0.719984506626093,-0.6939901369748573,-4.2494639994304613e-17,4.4086336073766556e-17
30.03,0.4214003009328505,0.0,0.5924353849309736,0.7195196711569746,-0.6944720605021912,-4.2524149299563774e-17,4.4057873110297256e-17
30.04,0.42099863441740865,0.0,0.5926185183131131,0.7190630491437113,-0.6949448405133667,-4.2553098725933116e-17,4.40299130759491e-17
30.05,0.4205968351903418,0.0,0.5928001072813429,0.7186146655183906,-0.6954084860726762,-4.2581488828440486e-17,4.4002457497372145e-17
30.06,0.42019490955658395,0.0,0.5929801501238332,0.7181745447483026,-0.6958630061122436,-4.260932015402071e-17,4.397550787275582e-17
30.07,0.4197928638254782,0.0,0.5931586451537375,0.7177427108354183,-0.6963084094297765,-4.263659324137802e-17,4.3949065671796967e-17
30.08,0.41939070431067743,0.0,0.593335590709215,0.7173191873158851,-0.6967447046863566,-4.2663308620850726e-17,4.392313233566897e-17
30.09,0.41898843733004326,0.0,0.5935109851534524,0.7169039972595334,-0.6971719004042711,-4.26894668142784e-17,4.389770927699152e-17
30.1,0.41858606920554603,0.0,0.5936848268746844,0.7164971632693997,-0.6975900049648813,-4.271506833487141e-17,4.3872797879801446e-17
30.11,0.41818360626316325,0.0,0.593857114286216,0.7160987074812587,-0.6979990266065352,-4.274011368708308e-17,4.3848399499524016e-17
30.12,0.4177810548327792,0.0,0.5940278458264427,0.7157086515631722,-0.6983989734225171,-4.276460336648415e-17,4.3824515462945355e-17
30.13,0.4173784212480849,0.0,0.5941970199588699,0.7153270167150493,-0.6987898533590393,-4.2788537859639794e-17,4.3801147068185516e-17
30.14,0.4169757118464756,0.0,0.5943646351721339,0.7149538236682186,-0.6991716742132749,-4.2811917643989153e-17,4.377829558467225e-17
30.15,0.4165729329689511,0.0,0.5945306899800205,0.714589092685014,-0.6995444436314311,-4.283474318772741e-17,4.375596225311569e-17
30.16,0.41617009096001395,0.0,0.5946951829214844,0.7142328435583722,-0.6999081691068634,-4.285701494969023e-17,4.373414828548364e-17
30.17,0.4157671921675694,0.0,0.5948581125606675,0.7138850956114425,-0.700262857978232,-4.287873337924097e-17,4.3712854864977763e-17
30.18,0.4153642429428226,0.0,0.5950194774869172,0.7135458676972078,-0.7006085174276991,-4.289989891616022e-17,4.369208314601032e-17
30.19,0.41496124964017855,0.0,0.5951792763148044,0.7132151781981181,-0.7009451544791694,-4.2920511990538093e-17,4.3671834254181724e-17
30.2,0.41455821861714104,0.0,0.5953375076841404,0.7128930450257354,-0.7012727759965696,-4.2940573022668886e-17,4.365210928625884e-17
30.21,0.4141551562342096,0.0,0.5954941702599947,0.7125794856203889,-0.7015913886821745,-4.296008242294858e-17,4.3632909310153834e-17
30.22,0.41375206885478044,0.0,0.5956492627327103,0.7122745169508438,-0.7019009990749708,-4.297904059177462e-17,4.36142353649039e-17
30.23,0.4133489628450429,0.0,0.5958027838179214,0.7119781555139781,-0.7022016135490672,-4.299744791944859e-17,4.359608846065149e-17
30.24,0.41294584457387923,0.0,0.5959547322565677,0.7116904173344731,-0.7024932383121446,-4.3015304786081336e-17,4.357846957862533e-17
30.25,0.4125427204127622,0.0,0.5961051068149108,0.7114113179645116,-0.7027758794039509,-4.303261156150074e-17,4.356137967112196e-17
30.26,0.4121395967356545,0.0,0.5962539062845487,0.7111408724834901,-0.7030495426948378,-4.3049368605162174e-17,4.3544819661488115e-17
30.27,0.41173647991890566,0.0,0.5964011294824303,0.7108790954977386,-0.7033142338843407,-4.306557626606154e-17,4.352879044410356e-17
30.28,0.41133337634115136,0.0,0.59654677525087,0.7106260011402518,-0.7035699584998032,-4.3081234882651007e-17,4.351329288436463e-17
30.29,0.4109302923832117,0.0,0.5966908424575605,0.7103816030704312,-0.7038167218950431,-4.309634478275737e-17,4.349832781866846e-17
30.3,0.4105272344279886,0.0,0.5968333299955876,0.710145914473835,-0.7040545292490636,-4.3110906283503116e-17,4.3483896054397607e-17
30.31,0.4101242088603644,0.0,0.5969742367834413,0.7099189480619407,-0.7042833855648077,-4.3124919691230154e-17,4.3469998369905585e-17
30.32,0.4097212220671,0.0,0.5971135617650298,0.7097007160719147,-0.7045032956679561,-4.313838530142619e-17,4.345663551450274e-17
30.33,0.40931828043673335,0.0,0.5972513039096907,0.7094912302663939,-0.7047142642057692,-4.315130339865387e-17,4.3443808208442855e-17
30.34,0.40891539035947594,0.0,0.5973874622122036,0.7092905019332748,-0.7049162956459746,-4.3163674256482603e-17,4.3431517142910225e-17
30.35,0.40851255822711274,0.0,0.5975220356928004,0.7090985418855138,-0.7051093942756955,-4.317549813742298e-17,4.341976298000749e-17
30.36,0.40810979043289924,0.0,0.5976550233971764,0.7089153604609352,-0.7052935642004274,-4.318677529286409e-17,4.3408546352743817e-17
30.37,0.40770709337145844,0.0,0.5977864243965016,0.7087409675220488,-0.7054688093430567,-4.3197505963013435e-17,4.3397867865023766e-17
30.38,0.4073044734386807,0.0,0.5979162377874296,0.7085753724558784,-0.705635133442924,-4.320769037683961e-17,4.338772809163676e-17
30.39,0.40690193703162,0.0,0.5980444626921083,0.7084185841737959,-0.7057925400549332,-4.32173287520177e-17,4.3378127578246947e-17
30.4,0.40649949054839235,0.0,0.5981710982581883,0.7082706111113668,-0.7059410325487046,-4.322642129487743e-17,4.3369066841383757e-17
30.41,0.4060971403880736,0.0,0.5982961436588323,0.7081314612282044,-0.7060806141077718,-4.323496820035401e-17,4.3360546368432924e-17
30.42,0.40569489295059746,0.0,0.598419598092723,0.7080011420078314,-0.7062112877288259,-4.3242969651941857e-17,4.335256661762807e-17
30.43,0.40529275463665254,0.0,0.5985414607840719,0.7078796604575512,-0.7063330562210025,-4.325042582165091e-17,4.334512801804277e-17
30.44,0.4048907318475805,0.0,0.5986617309826263,0.7077670231083275,-0.7064459222052146,-4.325733686996581e-17,4.3338230969583204e-17
30.45,0.40448883098527433,0.0,0.5987804079636765,0.707663236014672,-0.7065498881135307,-4.32637029458078e-17,4.33318758429813e-17
30.46,0.4040870584520749,0.0,0.5988974910280631,0.7075683047545412,-0.7066449561885972,-4.326952418649936e-17,4.3326062979788395e-17
30.47,0.40368542065066937,0.0,0.5990129795021827,0.7074822344292416,-0.7067311284831082,-4.327480071773176e-17,4.332079269236941e-17
30.48,0.4032839239839886,0.0,0.5991268727379946,0.7074050296633422,-0.7068084068593171,-4.3279532653535143e-17,4.331606526389752e-17
30.49,0.4028825748551054,0.0,0.5992391701130256,0.7073366946045963,-0.7068767929885972,-4.328372009625159e-17,4.3311880948349384e-17
30.5,0.40248137966713077,0.0,0.5993498710303762,0.7072772329238709,-0.7069362883510454,-4.32873631365109e-17,4.330823997050077e-17
30.51,0.402080344823113,0.0,0.5994589749187239,0.7072266478150857,-0.7069868942351313,-4.329046185320909e-17,4.330514252592286e-17
30.52,0.4016794767259351,0.0,0.599566481232329,0.7071849419951576,-0.7070286117373933,-4.329301631348977e-17,4.330258878097882e-17
30.53,0.4012787817782108,0.0,0.5996723894510377,0.7071521177039555,-0.7070614417621789,-4.329502657272825e-17,4.330057887282107e-17
30.54,0.40087826638218443,0.0,0.5997766990802857,0.707128176704263,-0.7070853850214305,-4.3296492674518434e-17,4.329911290938898e-17
30.55,0.40047793693962697,0.0,0.5998794096511018,0.707113120281748,-0.7071004420345176,-4.3297414650662525e-17,4.3298190969407e-17
30.56,0.40007779985173414,0.0,0.5999805207201095,0.7071069492449414,-0.7071066131281136,-4.329779252116351e-17,4.329781310238337e-17
30.57,0.3996778615190239,0.0,0.600080031869531,0.7071096639252235,-0.7071038984361192,-4.329762629422043e-17,4.329797932860928e-17
30.58,0.3992781283412346,0.0,0.6001779427071873,0.7071212641768181,-0.7070922978996297,-4.329691596622641e-17,4.329868963915851e-17
30.59,0.39887860671722164,0.0,0.6002742528665007,0.7071417493767955,-0.70707181126695,-4.3295661521769584e-17,4.3299943995887624e-17
30.6,0.39847930304485546,0.0,0.600368962006496,0.7071711184250825,-0.7070424380936536,-4.329386293363668e-17,4.3301742331436556e-17
30.61,0.3980802237209198,0.0,0.6004620698118005,0.7072093697444813,-0.7070041777426873,-4.329152016281942e-17,4.3304084549229804e-17
30.62,0.39768137514100815,0.0,0.6005535759926446,0.7072565012806955,-0.7069570293845231,-4.328863315852388e-17,4.330697052347798e-17
30.63,0.3972827636994224,0.0,0.6006434802848616,0.7073125105023658,-0.7069009919973523,-4.3285201858182315e-17,4.3310400099180046e-17
30.64,0.39688439578906964,0.0,0.6007317824498871,0.7073773944011109,-0.7068360643673293,-4.3281226187468117e-17,4.3314373092125765e-17
30.65,0.3964862778013611,0.0,0.6008184822747579,0.7074511494915804,-0.706762245088857,-4.327670606031329e-17,4.331888928889898e-17
30.66,0.3960884161261075,0.0,0.6009035795721113,0.7075337718115123,-0.7066795325649207,-4.327164137892889e-17,4.332394844688112e-17
30.67,0.39569081715141957,0.0,0.600987074180182,0.7076252569218007,-0.7065879250074655,-4.326603203382813e-17,4.332955029425533e-17
30.68,0.39529348726360414,0.0,0.601068965962801,0.7077255999065706,-0.7064874204378199,-4.325987790385232e-17,4.33356945300111e-17
30.69,0.39489643284706105,0.0,0.6011492548093927,0.7078347953732624,-0.7063780166871642,-4.325317885619956e-17,4.334238082394938e-17
30.7,0.39449966028418326,0.0,0.6012279406349716,0.7079528374527233,-0.7062597113970455,-4.324593474645626e-17,4.33496088166882e-17
30.71,0.39410317595525257,0.0,0.6013050233801392,0.7080797197993068,-0.7061325020199362,-4.323814541863134e-17,4.335737811966879e-17
30.72,0.39370698623833816,0.0,0.6013805030110799,0.7082154355909829,-0.7059963858198386,-4.3229810705193257e-17,4.336568831516228e-17
30.73,0.39331109750919446,0.0,0.6014543795195567,0.7083599775294538,-0.705851359872935,-4.322093042710982e-17,4.3374538956276834e-17
30.74,0.39291551614115905,0.0,0.6015266529229069,0.7085133378402804,-0.7056974210682825,-4.32115043938907e-17,4.338392956696533e-17
30.75,0.3925202485050502,0.0,0.6015973232640367,0.7086755082730161,-0.7055345661085517,-4.3201532403632727e-17,4.3393859642033634e-17
30.76,0.3921253009690647,0.0,0.6016663906114158,0.7088464801013503,-0.7053627915108125,-4.319101424306792e-17,4.3404328647149336e-17
30.77,0.3917306798986768,0.0,0.6017338550590715,0.7090262441232599,-0.7051820936073628,-4.317994968761431e-17,4.3415336018851004e-17
30.78,0.3913363916565347,0.0,0.6017997167265826,0.7092147906611695,-0.7049924685466034,-4.3168338501429446e-17,4.3426881164558073e-17
30.79,0.39094244260235955,0.0,0.6018639757590722,0.7094121095621215,-0.7047939122939559,-4.315618043746668e-17,4.343896346258118e-17
30.8,0.39054883909284305,0.0,0.6019266323272013,0.7096181901979548,-0.7045864206328272,-4.314347523753412e-17,4.345158226213315e-17
30.81,0.3901555874815462,0.0,0.6019876866271604,0.7098330214654914,-0.7043699891656168,-4.313022263235642e-17,4.346473688334043e-17
30.82,0.389762694118796,0.0,0.6020471388806623,0.7100565917867353,-0.704144613314769,-4.311642234163913e-17,4.347842661725521e-17
30.83,0.3893701653515855,0.0,0.6021049893349335,0.7102888891090767,-0.7039102883238699,-4.310207407413589e-17,4.3492650725868004e-17
30.84,0.3889780075234704,0.0,0.6021612382627055,0.7105299009055093,-0.703667009258788,-4.3087177527718283e-17,4.35074084421209e-17
30.85,0.388586226974468,0.0,0.6022158859622054,0.7107796141748552,-0.7034147710088579,-4.307173238944831e-17,4.352269896992136e-17
30.86,0.3881948300409559,0.0,0.6022689327571467,0.7110380154419995,-0.7031535682881107,-4.305573833565373e-17,4.353852148415655e-17
30.87,0.38780382305556926,0.0,0.6023203789967189,0.7113050907581359,-0.7028833956365451,-4.303919503200588e-17,4.355487513070843e-17
30.88,0.38741321234710013,0.0,0.6023702250555774,0.7115808257010209,-0.7026042474214437,-4.30221021336003e-17,4.357175902646929e-17
30.89,0.3870230042403954,0.0,0.6024184713338332,0.7118652053752396,-0.7023161178387323,-4.300445928503994e-17,4.3589172259358016e-17
30.9,0.38663320505625576,0.0,0.6024651182570405,0.7121582144124793,-0.7020190009143835,-4.298626612052113e-17,4.360711388833686e-17
30.91,0.3862438211113339,0.0,0.6025101662761861,0.7124598369718164,-0.7017128905058626,-4.296752226392209e-17,4.3625582943429e-17
30.92,0.38585485871803277,0.0,0.6025536158676774,0.7127700567400121,-0.7013977803036162,-4.29482273288941e-17,4.364457842573666e-17
30.93,0.38546632418440546,0.0,0.602595467533329,0.7130888569318183,-0.7010736638326053,-4.292838091895538e-17,4.366409930745981e-17
30.94,0.38507822381405254,0.0,0.6026357218003512,0.7134162202902959,-0.700740534453879,-4.290798262758742e-17,4.3684144531915695e-17
30.95,0.38469056390602163,0.0,0.6026743792213356,0.7137521290871432,-0.7003983853661929,-4.288703203833413e-17,4.370471301355892e-17
30.96,0.384303350754706,0.0,0.6027114403742424,0.7140965651230345,-0.7000472096076691,-4.286552872490341e-17,4.372580363800218e-17
30.97,0.38391659064974437,0.0,0.6027469058623858,0.7144495097279719,-0.6996870000574975,-4.284347225127141e-17,4.374741526203783e-17
30.98,0.3835302898759176,0.0,0.60278077631442,0.7148109437616479,-0.6993177494376803,-4.2820862171789296e-17,4.376954671366004e-17
30.99,0.38314445471305075,0.0,0.6028130523843235,0.7151808476138176,-0.698939450314819,-4.2797698031292675e-17,4.3792196792087635e-17
31.0,0.38275909143590986,0.0,0.602843734751385,0.7155592012046869,-0.6985520951019405,-4.277397936521344e-17,4.381536426778783e-17
31.01,0.38237420631410246,0.0,0.6028728241201871,0.7159459839853073,-0.6981556760603684,-4.274970569969433e-17,4.383904788250044e-17
31.02,0.38198980561197626,0.0,0.6029003212205903,0.716341174937989,-0.6977501853016318,-4.27248765517058e-17,4.386324634926312e-17
31.03,0.38160589558851826,0.0,0.6029262268077163,0.7167447525767209,-0.6973356147894177,-4.269949142916561e-17,4.388795835243714e-17
31.04,0.3812224824972553,0.0,0.6029505416619318,0.7171566949476056,-0.6969119563415647,-4.267354983106086e-17,4.3913182547734e-17
31.05,0.380839572586152,0.0,0.6029732665888309,0.7175769796293086,-0.6964792016320939,-4.2647051247572387e-17,4.393891756224291e-17
31.06,0.38045717209751173,0.0,0.602994402419217,0.7180055837335166,-0.696037342193285,-4.261999516020187e-17,4.39651619944589e-17
31.07,0.38007528726787543,0.0,0.6030139500090853,0.7184424839054127,-0.695586369417789,-4.259238104190118e-17,4.3991914414311874e-17
31.08,0.37969392432792176,0.0,0.6030319102396042,0.7188876563241625,-0.6951262745607828,-4.2564208357204346e-17,4.401917336319641e-17
31.09,0.37931308950236625,0.0,0.6030482840170965,0.7193410767034156,-0.6946570487421622,-4.2535476562361793e-17,4.404693735400243e-17
31.1,0.37893278900986255,0.0,0.6030630722730195,0.7198027202918182,-0.6941786829487769,-4.250618510547725e-17,4.407520487114664e-17
31.11,0.3785530290629011,0.0,0.6030762759639465,0.720272561873543,-0.6936911680367014,-4.2476333426646756e-17,4.410397437060492e-17
31.12,0.37817381586770976,0.0,0.6030878960715453,0.7207505757688315,-0.6931944947335472,-4.244592095810027e-17,4.413324427994557e-17
31.13,0.37779515562415417,0.0,0.6030979336025593,0.7212367358345491,-0.6926886536408149,-4.241494712434568e-17,4.416301299836328e-17
31.14,0.3774170545256377,0.0,0.6031063895887849,0.7217310154647588,-0.692173635236281,-4.2383411342314956e-17,4.419327889671429e-17
31.15,0.37703951875900177,0.0,0.6031132650870518,0.7222333875913062,-0.6916494298764267,-4.2351313021512886e-17,4.422404031755214e-17
31.16,0.3766625545044267,0.0,0.6031185611792003,0.7227438246844217,-0.6911160277989029,-4.2318651564167984e-17,4.425529557516464e-17
31.17,0.37628616793533204,0.0,0.6031222789720594,0.7232622987533357,-0.6905734191250346,-4.2285426365385856e-17,4.4287042955611463e-17
31.18,0.37591036521827725,0.0,0.603124419597425,0.7237887813469128,-0.6900215938623594,-4.225163681330467e-17,4.4319280716763017e-17
31.19,0.37553515251286207,0.0,0.6031249842120359,0.724323243554299,-0.6894605419072071,-4.221728228925304e-17,4.435200708834005e-17
31.2,0.3751605359716286,0.0,0.6031239739975517,0.7248656560055845,-0.6888902530473149,-4.218236216791022e-17,4.438522027195427e-17
31.21,0.3747865217399601,0.0,0.6031213901605279,0.7254159888724869,-0.6883107169644767,-4.2146875817468305e-17,4.441891844115016e-17
31.22,0.3744131159559847,0.0,0.603117233932393,0.7259742118690444,-0.6877219232372339,-4.2110822599797013e-17,4.4453099741447384e-17
31.23,0.3740403247504745,0.0,0.6031115065694235,0.7265402942523322,-0.6871238613435968,-4.207420187061028e-17,4.448776229038474e-17
31.24,0.37366815424674776,0.0,0.6031042093527187,0.7271142048231916,-0.6865165206638059,-4.2037012979635384e-17,4.4522904177564726e-17
31.25,0.37329661056056995,0.0,0.6030953435881764,0.7276959119269782,-0.6858998904831255,-4.1999255270783984e-17,4.455852346469941e-17
31.26,0.37292569980005597,0.0,0.603084910606466,0.7282853834543264,-0.685273959994676,-4.1960928082325566e-17,4.4594618185657174e-17
31.27,0.3725554280655707,0.0,0.6030729117630036,0.7288825868419332,-0.6846387183022967,-4.1922030747062707e-17,4.463118634651081e-17
31.28,0.37218580144963126,0.0,0.603059348437925,0.7294874890733593,-0.6839941544234465,-4.1882562592508704e-17,4.466822592558646e-17
31.29,0.37181682603680943,0.0,0.6030442220360587,0.7301000566798463,-0.6833402572921379,-4.184252294106727e-17,4.470573487351375e-17
31.3,0.37144850790363243,0.0,0.6030275339868991,0.7307202557411571,-0.6826770157619033,-4.1801911110214104e-17,4.4743711113277165e-17
31.31,0.3710808531184858,0.0,0.6030092857445788,0.7313480518864304,-0.682004418608797,-4.1760726412680743e-17,4.478215254026847e-17
31.32,0.3707138677415155,0.0,0.6029894787878403,0.7319834102950572,-0.6813224545344282,-4.171896815664028e-17,4.482105702234028e-17
31.33,0.3703475578245303,0.0,0.6029681146200074,0.7326262956975739,-0.6806311121690303,-4.16766356458953e-17,4.486042239986081e-17
31.34,0.3699819294109035,0.0,0.6029451947689578,0.7332766723765793,-0.6799303800745564,-4.163372818006744e-17,4.490024648577001e-17
31.35,0.36961698853547675,0.0,0.6029207207870919,0.7339345041676656,-0.6792202467478151,-4.159024505478936e-17,4.494052706563657e-17
31.36,0.36925274122446217,0.0,0.6028946942513048,0.7345997544603742,-0.6785007006236309,-4.154618556189831e-17,4.498126189771644e-17
31.37,0.36888919349534416,0.0,0.6028671167629552,0.7352723861991707,-0.6777717300780386,-4.150154898963169e-17,4.502244871301254e-17
31.38,0.36852635135678435,0.0,0.602837989947836,0.7359523618844381,-0.6770333234315111,-4.145633462282474e-17,4.5064085215335586e-17
31.39,0.36816422080852323,0.0,0.6028073154561431,0.7366396435734941,-0.6762854689522138,-4.1410541743109765e-17,4.5106169081366336e-17
31.4,0.36780280784128383,0.0,0.6027750949624439,0.7373341928816278,-0.6755281548592912,-4.1364169629117424e-17,4.5148697960719135e-17
31.41,0.36744211843667474,0.0,0.6027413301656465,0.7380359709831587,-0.6747613693261835,-4.131721755667978e-17,4.519166947600671e-17
31.42,0.36708215856709464,0.0,0.6027060227889675,0.7387449386125149,-0.6739851004839733,-4.1269684799035254e-17,4.5235081222906216e-17
31.43,0.36672293419563473,0.0,0.6026691745798991,0.7394610560653377,-0.6731993364247587,-4.1221570627035146e-17,4.5278930770226865e-17
31.44,0.36636445127598294,0.0,0.6026307873101776,0.7401842831996049,-0.6724040652050574,-4.1172874309352085e-17,4.532321565997871e-17
31.45,0.3660067157523283,0.0,0.6025908627757492,0.7409145794367764,-0.6715992748492398,-4.112359511269025e-17,4.536793340744278e-17
31.46,0.3656497335592642,0.0,0.6025494027967373,0.7416519037629655,-0.6707849533529869,-4.10737323019971e-17,4.541308150124283e-17
31.47,0.3652935106216932,0.0,0.6025064092174082,0.742396214730131,-0.6699610886867784,-4.102328514067696e-17,4.54586574034183e-17
31.48,0.36493805285473097,0.0,0.6024618839061368,0.7431474704572926,-0.6691276687994059,-4.0972252890806134e-17,4.550465854949878e-17
31.49,0.3645833661636116,0.0,0.6024158287553726,0.7439056286317696,-0.6682846816215166,-4.092063481334991e-17,4.555108234857981e-17
31.5,0.36422945644359056,0.0,0.6023682456816041,0.7446706465104476,-0.6674321150691748,-4.086843016838064e-17,4.559792618340049e-17
31.51,0.3638763295798515,0.0,0.6023191366253238,0.7454424809210612,-0.6665699570474605,-4.081563821529806e-17,4.5645187410421976e-17
31.52,0.3635239914474104,0.0,0.6022685035509919,0.7462210882635086,-0.6656981954540848,-4.07622582130507e-17,4.569286335990802e-17
31.53,0.3631724479110193,0.0,0.6022163484470009,0.747006424511189,-0.664816818183031,-4.0708289420358836e-17,4.574095133600683e-17
31.54,0.36282170482507425,0.0,0.6021626733256384,0.7477984452123608,-0.6639258131282257,-4.065373109593927e-17,4.578944861683425e-17
31.55,0.36247176803351827,0.0,0.6021074802230508,0.7485971054915309,-0.6630251681872278,-4.05985824987312e-17,4.583835245455884e-17
31.56,0.3621226433697484,0.0,0.6020507711992054,0.7494023600508654,-0.6621148712649438,-4.0542842888123764e-17,4.588766007548823e-17
31.57,0.3617743366565206,0.0,0.6019925483378529,0.7502141631716279,-0.661194910277366,-4.048651152418488e-17,4.5937368680157213e-17
31.58,0.3614268537058565,0.0,0.6019328137464899,0.7510324687156424,-0.6602652731553338,-4.042958766789162e-17,4.598747544341731e-17
31.59,0.36108020031894833,0.0,0.6018715695563198,0.751857230126785,-0.6593259478483148,-4.037207058136167e-17,4.6037977514528105e-17
31.6,0.36073438228606597,0.0,0.6018088179222143,0.7526884004324988,-0.6583769223282103,-4.031395952808642e-17,4.608887201725005e-17
31.61,0.3603894053864634,0.0,0.6017445610226742,0.7535259322453377,-0.6574181845931817,-4.025525377316519e-17,4.614015604993891e-17
31.62,0.36004527538828457,0.0,0.6016788010597897,0.7543697777645371,-0.6564497226714952,-4.019595258354071e-17,4.619182668564203e-17
31.63,0.3597019980484706,0.0,0.6016115402592007,0.7552198887776116,-0.6554715246253889,-4.0136055228235905e-17,4.6243880972196104e-17
31.64,0.35935957911266625,0.0,0.6015427808700565,0.7560762166619801,-0.6544835785549601,-4.007556097859186e-17,4.6296315932326736e-17
31.65,0.3590180243151283,0.0,0.6014725251649748,0.7569387123866174,-0.6534858726020707,-4.0014469108507045e-17,4.6349128563749497e-17
31.66,0.3586773393786302,0.0,0.6014007754400008,0.7578073265137392,-0.6524783949542691,-3.995277889467741e-17,4.640231583927319e-17
31.67,0.35833753001437235,0.0,0.6013275340145661,0.758682009200507,-0.6514611338487368,-3.989048961683805e-17,4.645587470690418e-17
31.68,0.35799860192188815,0.0,0.6012528032314467,0.7595627102007684,-0.6504340775762473,-3.982760055800562e-17,4.650980208995298e-17
31.69,0.35766056078895103,0.0,0.6011765854567201,0.7604493788668257,-0.64939721448514,-3.9764111004721695e-17,4.656409488714255e-17
31.7,0.35732341229148457,0.0,0.6010988830797244,0.7613419641512277,-0.6483505329853217,-3.9700020247297737e-17,4.6618749972717994e-17
31.71,0.3569871620934686,0.0,0.6010196985130137,0.7622404146085987,-0.6472940215522707,-3.963532758006031e-17,4.6673764196558593e-17
31.72,0.3566518158468486,0.0,0.6009390341923158,0.7631446783974916,-0.6462276687310665,-3.9570032301597835e-17,4.6729134384291215e-17
31.73,0.3563173791914435,0.0,0.6008568925764881,0.7640547032822731,-0.6451514631404299,-3.9504133715007957e-17,4.678485733740582e-17
31.74,0.3559838577548553,0.0,0.6007732761474741,0.7649704366350373,-0.6440653934767807,-3.9437631128146007e-17,4.684092983337258e-17
31.75,0.35565125715237683,0.0,0.6006881874102588,0.7658918254375525,-0.6429694485183053,-3.937052385387407e-17,4.6897348625761105e-17
31.76,0.35531958298690125,0.0,0.600601628892823,0.766818816283236,-0.6418636171290415,-3.930281121031114e-17,4.6954110444361364e-17
31.77,0.3549888408488318,0.0,0.6005136031461,0.7677513553791584,-0.6407478882629776,-3.9234492521084073e-17,4.701121199530642e-17
31.78,0.3546590363159903,0.0,0.6004241127439289,0.7686893885480842,-0.6396222509681573,-3.916556711557894e-17,4.706864996119737e-17
31.79,0.3543301749535272,0.0,0.6003331602830089,0.7696328612305375,-0.6384866943908042,-3.9096034329193635e-17,4.7126421001229846e-17
31.8,0.3540022623138315,0.0,0.600240748382853,0.7705817184869035,-0.637341207779452,-3.902589350359071e-17,4.718452175132266e-17
31.81,0.3536753039364408,0.0,0.600146879685742,0.7715359049995569,-0.6361857804890916,-3.8955143986951335e-17,4.724294882424819e-17
31.82,0.35334930534795084,0.0,0.600051556856677,0.7724953650750308,-0.6350204019853181,-3.888378513422927e-17,4.730169880976513e-17
31.83,0.3530242720619268,0.0,0.5999547825833325,0.7734600426462048,-0.6338450618485018,-3.881181630740619e-17,4.73607682747525e-17
31.84,0.35270020957881343,0.0,0.5998565595760083,0.7744298812745384,-0.6326597497779548,-3.873923687574689e-17,4.742015376334641e-17
31.85,0.35237712338584554,0.0,0.5997568905675819,0.7754048241523284,-0.6314644555961141,-3.866604621605535e-17,4.747985179707826e-17
31.86,0.3520550189569598,0.0,0.5996557783134601,0.7763848141050006,-0.6302591692527317,-3.8592243712931394e-17,4.753985887501509e-17
31.87,0.35173390175270525,0.0,0.59955322559153,0.777369793593438,-0.6290438808290686,-3.8517828759027396e-17,4.7600171473902125e-17
31.88,0.3514137772201547,0.0,0.5994492352021101,0.7783597047163372,-0.6278185805420993,-3.8442800755305835e-17,4.766078604830707e-17
31.89,0.35109465079281693,0.0,0.5993438099679008,0.7793544892126009,-0.6265832587487206,-3.836715911129692e-17,4.77216990307666e-17
31.9,0.35077652789054803,0.0,0.5992369527339347,0.7803540884637619,-0.6253379059499683,-3.8290903245356865e-17,4.7782906831934823e-17
31.91,0.35045941391946356,0.0,0.5991286663675264,0.7813584434964437,-0.6240825127952351,-3.821403258492609e-17,4.784440584073389e-17
31.92,0.3501433142718505,0.0,0.5990189537582215,0.7823674949848526,-0.6228170700864956,-3.813654656678798e-17,4.7906192424506634e-17
31.93,0.34982823432608057,0.0,0.5989078178177469,0.7833811832533015,-0.621541568782537,-3.805844463732792e-17,4.796826292917109e-17
31.94,0.3495141794465217,0.0,0.5987952614799584,0.7843994482787742,-0.6202560000031879,-3.797972625279224e-17,4.803061367937753e-17
31.95,0.3492011549834517,0.0,0.59868128770079,0.7854222296935175,-0.6189603550335542,-3.790039087954757e-17,4.809324097866717e-17
31.96,0.3488891662729712,0.0,0.5985658994582012,0.7864494667876717,-0.6176546253282549,-3.782043799434025e-17,4.815614110963324e-17
31.97,0.3485782186369172,0.0,0.5984490997521253,0.7874810985119322,-0.6163388025156624,-3.773986708455593e-17,4.821931033408396e-17
31.98,0.34826831738277547,0.0,0.5983308916044168,0.788517063480252,-0.6150128784021357,-3.765867764847879e-17,4.8282744893208045e-17
31.99,0.3479594678035961,0.0,0.5982112780587981,0.7895572999725698,-0.6136768449762671,-3.75768691955516e-17,4.8346441007741715e-17
32.0,0.34765167517790607,0.0,0.5980902621808066,0.7906017459375826,-0.6123306944131138,-3.7494441246634795e-17,4.841039487813847e-17
32.01,0.34734494476962385,0.0,0.5979678470577402,0.7916503389955462,-0.6109744190784397,-3.741139333426624e-17,4.8474602684740635e-17
32.02,0.34703928182797383,0.0,0.5978440357986046,0.792703016441116,-0.6096080115329487,-3.732772500292042e-17,4.853906058795322e-17
32.03,0.34673469158740167,0.0,0.5977188315340578,0.7937597152462166,-0.6082314645365242,-3.7243435809268065e-17,4.8603764728419685e-17
32.04,0.3464311792674874,0.0,0.5975922374163564,0.7948203720629583,-0.60684477105245,-3.7158525322434566e-17,4.866871122720051e-17
32.05,0.3461287500728625,0.0,0.5974642566192991,0.7958849232265758,-0.6054479242516465,-3.70729931242594e-17,4.873389618595315e-17
32.06,0.3458274091931238,0.0,0.5973348923381732,0.7969533047584118,-0.6040409175168898,-3.6986838809554475e-17,4.8799315687114703e-17
32.07,0.3455271618027503,0.0,0.5972041477896977,0.7980254523689313,-0.6026237444470327,-3.690006198636256e-17,4.886496579408652e-17
32.08,0.3452280130610175,0.0,0.5970720262119669,0.7991013014607768,-0.6011963988612147,-3.68126622762151e-17,4.893084255142123e-17
32.09,0.3449299681119146,0.0,0.5969385308643955,0.800180787131855,-0.5997588748030703,-3.672463931438991e-17,4.899694198501179e-17
32.1,0.34463303208406054,0.0,0.5968036650276604,0.8012638441784593,-0.5983111665449322,-3.663599275016851e-17,4.906326010228269e-17
32.11,0.3443372100906199,0.0,0.5966674320036444,0.802350407098434,-0.5968532685920195,-3.654672224709261e-17,4.9129792892383645e-17
32.12,0.34404250722922025,0.0,0.5965298351153783,0.8034404100943675,-0.5953851756866261,-3.6456827483220555e-17,4.9196536326385196e-17
32.13,0.34374892858186906,0.0,0.596390877706984,0.8045337870768274,-0.5939068828122959,-3.6366308151383014e-17,4.9263486357476745e-17
32.14,0.34345647921487077,0.0,0.5962505631436154,0.8056304716676269,-0.5924183851979925,-3.6275163959438265e-17,4.9330638921166584e-17
32.15,0.3431651641787443,0.0,0.5961088948114005,0.8067303972031333,-0.5909196783222529,-3.618339463052653e-17,4.9397989935484506e-17
32.16,0.3428749885081406,0.0,0.5959658761173829,0.8078334967376078,-0.5894107579173367,-3.609099990332409e-17,4.9465535301186264e-17
32.17,0.3425859572217608,0.0,0.5958215104894622,0.8089397030465849,-0.5878916199733613,-3.5997979532296454e-17,4.953327090196053e-17
32.18,0.3422980753222746,0.0,0.5956758013763349,0.8100489486302848,-0.5863622607424274,-3.590433328795097e-17,4.9601192604637847e-17
32.19,0.3420113477962382,0.0,0.5955287522474347,0.8111611657170673,-0.5848226767427273,-3.5810060957088407e-17,4.966929625940211e-17
32.2,0.34172577961401335,0.0,0.5953803665928722,0.8122762862669188,-0.5832728647626447,-3.5715162343053997e-17,4.9737577700004066e-17
32.21,0.34144137572968636,0.0,0.5952306479233749,0.813394241974974,-0.581712821864842,-3.561963726598766e-17,4.980603274397698e-17
32.22,0.34115814108098697,0.0,0.5950795997702258,0.8145149642750797,-0.5801425453903252,-3.552348556307299e-17,4.987465719285486e-17
32.23,0.34087608058920815,0.0,0.5949272256852033,0.8156383843433899,-0.5785620329625032,-3.542670708878575e-17,4.994344683239255e-17
32.24,0.34059519915912495,0.0,0.5947735292405187,0.8167644331020018,-0.5769712824912222,-3.532930171514093e-17,5.0012397432788445e-17
32.25,0.34031550167891633,0.0,0.5946185140287561,0.8178930412226199,-0.5753702921767979,-3.5231269331939646e-17,5.0081504748908784e-17
32.26,0.34003699302008344,0.0,0.5944621836628083,0.8190241391302695,-0.5737590605140114,-3.513260984701383e-17,5.015076452051505e-17
32.27,0.3397596780373703,0.0,0.594304541775816,0.8201576570070379,-0.5721375862960989,-3.5033323186470506e-17,5.0220172472493085e-17
32.28,0.3394835615686864,0.0,0.5941455920211054,0.8212935247958477,-0.5705058686187305,-3.493340929493544e-17,5.0289724315084116e-17
32.29,0.3392086484350255,0.0,0.5939853380721238,0.82243167220428,-0.5688639068839503,-3.483286813579438e-17,5.0359415744118835e-17
32.3,0.33893494344038755,0.0,0.593823783622377,0.8235720287084235,-0.5672117008041104,-3.4731699691434e-17,5.042924244125315e-17
32.31,0.33866245137170053,0.0,0.5936609323853658,0.8247145235567611,-0.5655492504057843,-3.4629903963481434e-17,5.0499200074206096e-17
32.32,0.3383911769987428,0.0,0.5934967880945226,0.8258590857740924,-0.5638765560336592,-3.452748097304269e-17,5.0569284297000085e-17
32.33,0.3381211250740635,0.0,0.5933313545031458,0.8270056441655004,-0.5621936183543939,-3.4424430760938857e-17,5.063949075020375e-17
32.34,0.3378523003329059,0.0,0.5931646353843363,0.8281541273203419,-0.5605004383604735,-3.432075338794211e-17,5.0709815061176316e-17
32.35,0.3375847074931307,0.0,0.5929966345309325,0.8293044636162781,-0.5587970173740348,-3.421644893500998e-17,5.078025284431438e-17
32.36,0.337318351255137,0.0,0.5928273557554447,0.8304565812233496,-0.5570833570506537,-3.411151750351726e-17,5.0850799701301455e-17
32.37,0.33705323630178696,0.0,0.59265680288999,0.8316104081080731,-0.5553594593831316,-3.400595921548783e-17,5.092145122135879e-17
32.38,0.3367893672983286,0.0,0.5924849797862259,0.832765872037583,-0.5536253267052402,-3.3899774213824005e-17,5.0992202981499017e-17
32.39,0.3365267488923197,0.0,0.5923118903152853,0.8339229005838042,-0.5518809616954499,-3.3792962662534786e-17,5.1063050546781616e-17
32.4,0.3362653857135514,0.0,0.592137538367709,0.8350814211276641,-0.5501263673806237,-3.368552474696209e-17,5.113398947057084e-17
32.41,0.3360052823739727,0.0,0.5919619278533792,0.8362413608633356,-0.548361547139692,-3.357746067400571e-17,5.120501529479553e-17
32.42,0.3357464434676146,0.0,0.5917850627014528,0.8374026468025173,-0.5465865047072956,-3.346877067234647e-17,5.127612355021122e-17
32.43,0.33548887357051566,0.0,0.5916069468602941,0.838565205778747,-0.5448012441774043,-3.3359454992667687e-17,5.134730975666421e-17
32.44,0.335232577240646,0.0,0.5914275842974065,0.8397289644517533,-0.5430057700068996,-3.3249513907874677e-17,5.141856942335806e-17
32.45,0.33497755901783316,0.0,0.5912469789993652,0.8408938493118382,-0.5412000870191352,-3.313894771331265e-17,5.148989804912197e-17
32.46,0.334723823423688,0.0,0.5910651349717487,0.8420597866842933,-0.539384200407467,-3.302775672698295e-17,5.1561291122681136e-17
32.47,0.33447137496153007,0.0,0.5908820562390702,0.8432267027338551,-0.5375581157387457,-3.291594128975687e-17,5.163274412292962e-17
32.48,0.33422021811631375,0.0,0.5906977468447089,0.84439452346919,-0.535721838956785,-3.2803501765588033e-17,5.1704252519204904e-17
32.49,0.33397035735455527,0.0,0.5905122108508408,0.8455631747474139,-0.5338753763857951,-3.2690438541722616e-17,5.177581177156473e-17
32.5,0.33372179712425903,0.0,0.590325452338369,0.8467325822786447,-0.5320187347337857,-3.257675202890777e-17,5.1847417331065755e-17
32.51,0.3334745418548446,0.0,0.5901374754068544,0.8479026716305915,-0.5301519210959301,-3.246244266159755e-17,5.191906464004466e-17
32.52,0.3332285959570742,0.0,0.5899482841744452,0.849073368233173,-0.5282749429579019,-3.234751089815726e-17,5.199074913240087e-17
32.53,0.33298396382298046,0.0,0.5897578827778072,0.8502445973831692,-0.5263878081991761,-3.2231957221065595e-17,5.206246623388141e-17
32.54,0.3327406498257937,0.0,0.5895662753720524,0.8514162842489086,-0.5244905250962897,-3.211578213711428e-17,5.2134211362367944e-17
32.55,0.33249865831987113,0.0,0.5893734661306687,0.8525883538749844,-0.5225831023260744,-3.199898617760604e-17,5.220597992816553e-17
32.56,0.3322579936406238,0.0,0.589179459245448,0.8537607311870073,-0.520665548968843,-3.1881569898549653e-17,5.227776733429362e-17
32.57,0.3320186601044477,0.0,0.5889842589264158,0.8549333409963799,-0.5187378745115568,-3.1763533880853975e-17,5.234956897677846e-17
32.58,0.33178066200865036,0.0,0.5887878694017585,0.856106108005117,-0.5168000888509318,-3.164487873051807e-17,5.242138024494824e-17
32.59,0.33154400363138137,0.0,0.5885902949177513,0.8572789568106896,-0.5148522022965192,-3.152560507881989e-17,5.249319652172965e-17
32.6,0.33130868923156287,0.0,0.5883915397386867,0.8584518119108923,-0.5128942255737591,-3.140571358250323e-17,5.256501318394599e-17
32.61,0.33107472304881796,0.0,0.588191608146801,0.8596245977087584,-0.5109261698269675,-3.128520492396064e-17,5.263682560261811e-17
32.62,0.33084210930340163,0.0,0.5879905044422015,0.8607972385174932,-0.508948046622303,-3.116407981141506e-17,5.2708629143266443e-17
32.63,0.3306108521961313,0.0,0.5877882329427937,0.8619696585654387,-0.50695986795069,-3.104233897909887e-17,5.278041916621507e-17
32.64,0.33038095590831856,0.0,0.5875847979842078,0.8631417820010674,-0.504961646230703,-3.091998318743043e-17,5.285219102689749e-17
32.65,0.3301524246016986,0.0,0.5873802039197243,0.864313532898016,-0.5029533943113916,-3.079701322318712e-17,5.2923940076164796e-17
32.66,0.329925262418363,0.0,0.5871744551202006,0.8654848352601314,-0.500935125475089,-3.0673429899677273e-17,5.2995661660594715e-17
32.67,0.32969947348069106,0.0,0.5869675559739964,0.8666556130265581,-0.49890685344015934,-3.054923405690844e-17,5.306735112280308e-17
32.68,0.3294750618912822,0.0,0.5867595108868993,0.8678257900768473,-0.4968685923637111,-3.042442656175349e-17,5.31390038017567e-17
32.69,0.32925203173288775,0.0,0.5865503242820493,0.8689952902360983,-0.49482035684425846,-3.029900830811361e-17,5.3210615033088154e-17
32.7,0.32903038706834425,0.0,0.5863400005998648,0.8701640372801246,-0.49276216192434447,-3.017298021707891e-17,5.328218014941214e-17
32.71,0.32881013194050646,0.0,0.586128544297966,0.8713319549406464,-0.49069402309311994,-3.004634323708634e-17,5.335369448064342e-17
32.72,0.32859127037217994,0.0,0.5859159598511001,0.8724989669105141,-0.4886159562888687,-2.9919098344074306e-17,5.3425153354316673e-17
32.73,0.32837380636605584,0.0,0.5857022517510645,0.8736649968489539,-0.48652797790149477,-2.979124654163499e-17,5.3496552095907695e-17
32.74,0.3281577439046436,0.0,0.5854874245066313,0.8748299683868418,-0.4844301047749585,-2.9662788861163494e-17,5.35678860291563e-17
32.75,0.3279430869502065,0.0,0.5852714826434707,0.8759938051320006,-0.48232235420967007,-2.9533726362004416e-17,5.363915047639074e-17
32.76,0.32772983944469525,0.0,0.5850544307040738,0.8771564306745268,-0.48020474396482615,-2.940406013159493e-17,5.371034075885382e-17
32.77,0.32751800530968317,0.0,0.5848362732476757,0.8783177685921372,-0.4780772922607066,-2.9273791285605404e-17,5.378145219703032e-17
32.78,0.3273075884463017,0.0,0.5846170148501788,0.8794777424555413,-0.4759400177809222,-2.914292096807704e-17,5.385248011097595e-17
32.79,0.3270985927351757,0.0,0.5843966601040745,0.8806362758338405,-0.4737929396746051,-2.901145035155601e-17,5.392341982064792e-17
32.8,0.3268910220363591,0.0,0.5841752136183657,0.8817932922999461,-0.4716360775585577,-2.887938063722503e-17,5.399426664623677e-17
32.81,0.32668488018927144,0.0,0.5839526800184883,0.8829487154360236,-0.4694694515193463,-2.874671305503155e-17,5.4065015908499674e-17
32.82,0.3264801710126344,0.0,0.5837290639462343,0.8841024688389559,-0.46729308211534976,-2.861344886381322e-17,5.4135662929095e-17
32.83,0.32627689830440804,0.0,0.5835043700596709,0.8852544761258341,-0.46510699037874614,-2.8479589351419514e-17,5.4206203030918485e-17
32.84,0.3260750658417286,0.0,0.5832786030330638,0.8864046609394645,-0.4629111978174574,-2.834513583483082e-17,5.42766315384405e-17
32.85,0.32587467738084575,0.0,0.583051767556797,0.887552946953897,-0.46070572641704044,-2.821008966027424e-17,5.434694377804452e-17
32.86,0.3256757366570603,0.0,0.5828238683372933,0.8886992578799788,-0.4584905986425183,-2.807445220333569e-17,5.4417135078367214e-17
32.87,0.32547824738466224,0.0,0.5825949100969356,0.889843517470922,-0.456265837440167,-2.7938224869069357e-17,5.4487200770639325e-17
32.88,0.32528221325686907,0.0,0.5823648975739858,0.8909856495278965,-0.4540314662392382,-2.780140909210313e-17,5.455713618902819e-17
32.89,0.32508763794576556,0.0,0.5821338355225061,0.8921255779056321,-0.4517875089536475,-2.766400633674203e-17,5.462693667098075e-17
32.9,0.3248945251022416,0.0,0.5819017287122774,0.893263226518053,-0.44953398998358,-2.752601809706648e-17,5.469659755756854e-17
32.91,0.3247028783559319,0.0,0.5816685819287193,0.8943985193439207,-0.44727093421706093,-2.7387445897028503e-17,5.476611419383323e-17
32.92,0.3245127013151564,0.0,0.581434399972809,0.8955313804324939,-0.44499836703146667,-2.7248291290544235e-17,5.4835481929133214e-17
32.93,0.32432399756686014,0.0,0.581199187661001,0.8966617339092067,-0.44271631429498404,-2.710855586158329e-17,5.490469611749128e-17
32.94,0.32413677067655294,0.0,0.5809629498251442,0.8977895039813701,-0.44042480236799264,-2.6968241224253392e-17,5.497375211794374e-17
32.95,0.32395102418825095,0.0,0.5807256913124016,0.8989146149438778,-0.43812385810441773,-2.6827349022883217e-17,5.504264529488977e-17
32.96,0.3237667616244181,0.0,0.5804874169851686,0.9000369911849296,-0.4358135088530171,-2.6685880932101203e-17,5.511137101844193e-17
32.97,0.32358398648590614,0.0,0.5802481317209895,0.9011565571917806,-0.43349378245859205,-2.654383865690969e-17,5.517992466477814e-17
32.98,0.3234027022518977,0.0,0.5800078404124769,0.9022732375564871,-0.43116470726316974,-2.640122393275732e-17,5.524830161649357e-17
32.99,0.3232229123798479,0.0,0.5797665479672277,0.9033869569816794,-0.4288263121071063,-2.625803852560658e-17,5.5316497262954065e-17
33.0,0.323044620305427,0.0,0.5795242593077417,0.904497640286338,-0.42647862633014366,-2.6114284231998527e-17,5.538450700064989e-17
33.01,0.32286782944246284,0.0,0.5792809793713377,0.9056052124115903,-0.42412167977239557,-2.5969962879113147e-17,5.545232623355065e-17
33.02,0.3226925431828842,0.0,0.57903671311007,0.9067095984265126,-0.4217555027752837,-2.582507632482669e-17,5.551995037346053e-17
33.03,0.32251876489666453,0.0,0.5787914654906462,0.9078107235339434,-0.4193801261824147,-2.5679626457765364e-17,5.558737484037433e-17
33.04,0.3223464979317654,0.0,0.5785452414943422,0.9089085130763119,-0.4169955813403875,-2.5533615197354767e-17,5.565459506283429e-17
33.05,0.32217574561408047,0.0,0.5782980461169187,0.9100028925414703,-0.4146019000995502,-2.5387044493866246e-17,5.572160647828722e-17
33.06,0.3220065112473808,0.0,0.5780498843685372,0.9110937875685385,-0.412199114814691,-2.5239916328459185e-17,5.578840453344246e-17
33.07,0.3218387981132587,0.0,0.5778007612736759,0.912181123953755,-0.40978725834567425,-2.5092232713219975e-17,5.585498468463005e-17
33.08,0.32167260947107396,0.0,0.5775506818710443,0.9132648276563385,-0.407366364058004,-2.4943995691196502e-17,5.59213423981597e-17
33.09,0.3215079485578983,0.0,0.5772996512134987,0.9143448248043545,-0.4049364658233366,-2.4795207336429538e-17,5.598747315068001e-17
33.1,0.3213448185884624,0.0,0.5770476743679578,0.9154210417005861,-0.4024975980199308,-2.4645869753980314e-17,5.605337242953792e-17
33.11,0.32118322275510125,0.0,0.5767947564153164,0.9164934048284163,-0.40004979553302683,-2.449598507995372e-17,5.611903573313898e-17
33.12,0.321023164227701,0.0,0.5765409024503605,0.9175618408577104,-0.3975930937551729,-2.43455554815183e-17,5.618445857130741e-17
33.13,0.3208646461536461,0.0,0.5762861175816814,0.9186262766507048,-0.39512752858648387,-2.4194583156922088e-17,5.624963646564683e-17
33.14,0.3207076716577667,0.0,0.5760304069315899,0.9196866392678981,-0.3926531364348427,-2.4043070335504953e-17,5.631456494990089e-17
33.15,0.3205522438422856,0.0,0.5757737756360304,0.9207428559739479,-0.3901699542160286,-2.389101927770644e-17,5.637923957031438e-17
33.16,0.3203983657867671,0.0,0.5755162288444937,0.9217948542435674,-0.3876780193537936,-2.3738432275070448e-17,5.644365588599429e-17
33.17,0.3202460405480647,0.0,0.5752577717199312,0.9228425617674268,-0.38517736977986244,-2.358531165024525e-17,5.650780946927114e-17
33.18,0.32009527116027037,0.0,0.5749984094386682,0.9238859064580478,-0.3826680439338922,-2.343165975698099e-17,5.657169590605996e-17
33.19,0.31994606063466335,0.0,0.5747381471903165,0.9249248164557101,-0.3801500807633361,-2.327747898012137e-17,5.663531079622193e-17
33.2,0.3197984119596589,0.0,0.5744769901776865,0.9259592201343504,-0.3776235197232631,-2.3122771735592575e-17,5.669864975392557e-17
33.21,0.3196523281007598,0.0,0.5742149436167021,0.9269890461074558,-0.3750884007761227,-2.2967540470388913e-17,5.676170840800769e-17
33.22,0.3195078120005047,0.0,0.5739520127363109,0.9280142232339673,-0.3725447643914168,-2.2811787662552672e-17,5.682448240233477e-17
33.23,0.3193648665784195,0.0,0.5736882027783967,0.9290346806241722,-0.3699926515453278,-2.2655515821151384e-17,5.68869673961638e-17
33.24,0.3192234947309679,0.0,0.5734235189976922,0.9300503476455938,-0.36743210372027946,-2.2498727486250928e-17,5.694915906450298e-17
33.25,0.3190836993315034,0.0,0.5731579666616913,0.9310611539288761,-0.3648631629044368,-2.2341425228884894e-17,5.701105309847196e-17
33.26,0.3189454832302195,0.0,0.5728915510505586,0.9320670293736735,-0.36228587159111764,-2.218361165101856e-17,5.707264520566256e-17
33.27,0.3188088492541027,0.0,0.5726242774570427,0.9330679041545209,-0.3597002727781699,-2.202528938551078e-17,5.713393111049817e-17
33.28,0.31867380020688485,0.0,0.5723561511863872,0.934063708726704,-0.3571064099672746,-2.1866461096071267e-17,5.719490655459319e-17
33.29,0.3185403388689949,0.0,0.5720871775562404,0.9350543738321285,-0.35450432716316166,-2.17071294772126e-17,5.725556729711245e-17
33.3,0.3184084679975129,0.0,0.5718173618965676,0.9360398305051707,-0.35189406887279473,-2.1547297254200316e-17,5.731590911512942e-17
33.31,0.31827819032612276,0.0,0.5715467095495607,0.9370200100785269,-0.34927568010446614,-2.1386967182997467e-17,5.737592780398443e-17
33.32,0.3181495085650666,0.0,0.5712752258695496,0.9379948441890498,-0.3466492063668402,-2.1226142050206056e-17,5.7435619177642e-17
33.33,0.31802242540109815,0.0,0.5710029162229113,0.9389642647835794,-0.34401469366791915,-2.106482467300372e-17,5.749497906904792e-17
33.34,0.31789694349743786,0.0,0.5707297859879807,0.9399282041247587,-0.34137218851395285,-2.090301789907696e-17,5.755400333048529e-17
33.35,0.31777306549372775,0.0,0.5704558405549605,0.9408865947968393,-0.338721737908284,-2.0740724606550435e-17,5.76126878339301e-17
33.36,0.31765079400598617,0.0,0.5701810853258301,0.9418393697114765,-0.3360633893501173,-2.0577947703911595e-17,5.767102847140601e-17
33.37,0.3175301316265637,0.0,0.5699055257142561,0.9427864621135096,-0.3333971908332342,-2.0414690129931978e-17,5.772902115533835e-17
33.38,0.3174110809240992,0.0,0.5696291671455009,0.9437278055867289,-0.33072319084463575,-2.025095485358412e-17,5.778666181890715e-17
33.39,0.3172936444434762,0.0,0.5693520150563325,0.9446633340596271,-0.3280414383631271,-2.008674487395487e-17,5.784394641639946e-17
33.4,0.3171778247057794,0.0,0.5690740748949324,0.9455929818111396,-0.3253519828578242,-1.9922063220153946e-17,5.790087092356067e-17
33.41,0.31706362420825185,0.0,0.5687953521208056,0.9465166834763629,-0.3226548742866078,-1.9756912951219293e-17,5.795743133794482e-17
33.42,0.31695104542425234,0.0,0.5685158522046879,0.9474343740522613,-0.3199501630945042,-1.959129715601791e-17,5.80136236792639e-17
33.43,0.3168400908032137,0.0,0.5682355806284559,0.9483459889033514,-0.3172379002120088,-1.9425218953143202e-17,5.806944398973604e-17
33.44,0.3167307627706003,0.0,0.5679545428850337,0.9492514637673737,-0.3145181370533318,-1.9258681490807567e-17,5.81248883344327e-17
33.45,0.316623063727867,0.0,0.5676727444783018,0.9501507347609407,-0.3117909255145898,-1.9091687946731663e-17,5.817995280162459e-17
33.46,0.31651699605241845,0.0,0.5673901909230055,0.9510437383851656,-0.3090563179719329,-1.892424152802971e-17,5.823463350312629e-17
33.47,0.3164125620975678,0.0,0.5671068877446608,0.9519304115312742,-0.3063143672795956,-1.8756345471090175e-17,5.828892657463988e-17
33.48,0.31630976419249685,0.0,0.5668228404794643,0.9528106914861897,-0.30356512676789643,-1.8588003041453245e-17,5.834282817609692e-17
33.49,0.3162086046422157,0.0,0.5665380546741984,0.9536845159381022,-0.30080865024115855,-1.8419217533683527e-17,5.839633449199949e-17
33.5,0.3161090857275242,0.0,0.5662525358861409,0.9545518229820055,-0.29804499197559114,-1.8249992271240314e-17,5.84494417317592e-17
33.51,0.31601120970497176,0.0,0.5659662896829701,0.9554125511252214,-0.29527420671707205,-1.808033060634181e-17,5.850214613003547e-17
33.52,0.31591497880681874,0.0,0.565679321642672,0.9562666392928942,-0.29249634967888705,-1.7910235919826698e-17,5.855444394707197e-17
33.53,0.3158203952409988,0.0,0.5653916373534484,0.9571140268334546,-0.2897114765394169,-1.773971162101252e-17,5.86063314690312e-17
33.54,0.31572746119108036,0.0,0.5651032424136225,0.9579546535240692,-0.28691964343972803,-1.756876114754814e-17,5.865780500832815e-17
33.55,0.3156361788162286,0.0,0.5648141424315445,0.9587884595760547,-0.2841209069811231,-1.7397387965263763e-17,5.870886090396184e-17
33.56,0.31554655025116907,0.0,0.5645243430254994,0.9596153856402674,-0.28131532422262556,-1.7225595568016912e-17,5.875949552184532e-17
33.57,0.31545857760615037,0.0,0.5642338498236132,0.9604353728124607,-0.27850295267840464,-1.705338747753475e-17,5.880970525513374e-17
33.58,0.3153722629669078,0.0,0.5639426684637573,0.9612483626386236,-0.27568385031511217,-1.6880767243251007e-17,5.885948652455123e-17
33.59,0.3152876083946268,0.0,0.5636508045934554,0.9620542971202779,-0.2728580755491912,-1.6707738442141185e-17,5.890883577871525e-17
33.6,0.3152046159259083,0.0,0.5633582638697899,0.9628531187197484,-0.27002568724411025,-1.6534304678553195e-17,5.895774949445931e-17
33.61,0.31512328757273234,0.0,0.5630650519593058,0.963644770365409,-0.2671867447075138,-1.636046958403289e-17,5.900622417715421e-17
33.62,0.3150436253224237,0.0,0.5627711745379169,0.9644291954568852,-0.2643413076883465,-1.618623681714796e-17,5.905425636102658e-17
33.63,0.31496563113761716,0.0,0.5624766372908113,0.9652063378702324,-0.26148943637389055,-1.6011610063306525e-17,5.910184260947594e-17
33.64,0.31488930695622364,0.0,0.5621814459123565,0.9659761419630751,-0.2586311913867561,-1.5836593034572867e-17,5.914897951538947e-17
33.65,0.31481465469139597,0.0,0.5618856061060038,0.966738552579718,-0.2557666337817972,-1.566118946947856e-17,5.919566370145484e-17
33.66,0.31474167623149585,0.0,0.5615891235841932,0.9674935150562148,-0.25289582504298025,-1.548540313283074e-17,5.924189182047075e-17
33.67,0.3146703734400608,0.0,0.5612920040682586,0.9682409752254079,-0.2500188270801843,-1.5309237815516165e-17,5.928766055565537e-17
33.68,0.31460074815577155,0.0,0.5609942532883323,0.968980879421925,-0.2471357022259489,-1.5132697334302087e-17,5.933296662095239e-17
33.69,0.3145328021924197,0.0,0.560695876983249,0.9697131744871453,-0.24424651323215063,-1.4955785531632745e-17,5.937780676133507e-17
33.7,0.314466537338876,0.0,0.5603968809004497,0.9704378077741233,-0.24135132326663106,-1.4778506275422892e-17,5.942217775310772e-17
33.71,0.31440195535905907,0.0,0.5600972707958876,0.9711547271524729,-0.23845019590976646,-1.460086345884774e-17,5.946607640420485e-17
33.72,0.3143390579919042,0.0,0.5597970524339299,0.9718638810132173,-0.23554319515096783,-1.4422861000128655e-17,5.950949955448804e-17
33.73,0.3142778469513326,0.0,0.559496231587263,0.9725652182735939,-0.23263038538513542,-1.4244502842316065e-17,5.955244407604019e-17
33.74,0.31421832392622134,0.0,0.559194814036796,0.9732586883818202,-0.22971183140904836,-1.4065792953068375e-17,5.959490687345737e-17
33.75,0.3141604905803734,0.0,0.5588928055715647,0.973944241321817,-0.22678759841770488,-1.388673532442788e-17,5.963688488413803e-17
33.76,0.31410434855248826,0.0,0.5585902119886341,0.9746218276178925,-0.22385775200059313,-1.3707333972592419e-17,5.967837507856978e-17
33.77,0.3140498994561328,0.0,0.5582870390930027,0.9752913983393793,-0.22092235813791714,-1.3527592937684272e-17,5.971937446061335e-17
33.78,0.3139971448797127,0.0,0.5579832926975055,0.9759529051052297,-0.21798148319676736,-1.3347516283515686e-17,5.9759880067784e-17
33.79,0.3139460863864437,0.0,0.557678978622717,0.9766063000885674,-0.21503519392722428,-1.3167108097350279e-17,5.979988897153018e-17
33.8,0.3138967255143247,0.0,0.5573741026968547,0.9772515360211927,-0.21208355745842136,-1.2986372489661974e-17,5.98393982775094e-17
33.81,0.31384906377610894,0.0,0.5570686707556808,0.9778885661980437,-0.20912664129453828,-1.280531359388965e-17,5.987840512586144e-17
33.82,0.31380310265927824,0.0,0.5567626886424069,0.9785173444816061,-0.20616451331076774,-1.262393556619018e-17,5.991690669147835e-17
33.83,0.3137588436260153,0.0,0.5564561622075953,0.9791378253062848,-0.2031972417491912,-1.2442242585185897e-17,5.99549001842721e-17
33.84,0.3137162881131779,0.0,0.556149097309061,0.9797499636827206,-0.20022489521462528,-1.2260238851710252e-17,5.999238284943897e-17
33.85,0.3136754375322729,0.0,0.5558414998117769,0.9803537152020579,-0.19724754267042782,-1.207792858855102e-17,6.00293519677208e-17
33.86,0.31363629326943065,0.0,0.5555333755877728,0.9809490360401704,-0.19426525343421705,-1.1895316040188165e-17,6.006580485566381e-17
33.87,0.31359885668537996,0.0,0.5552247305160396,0.9815358829618304,-0.19127809717356561,-1.1712405472530175e-17,6.010173886587383e-17
33.88,0.3135631291154233,0.0,0.5549155704824309,0.9821142133248306,-0.18828614390164025,-1.1529201172647084e-17,6.013715138726873e-17
33.89,0.31352911186941257,0.0,0.5546059013795658,0.9826839850840524,-0.1852894639727957,-1.1345707448500653e-17,6.017203984532751e-17
33.9,0.3134968062317254,0.0,0.5542957291067294,0.9832451567954886,-0.18228812807809225,-1.1161928628669922e-17,6.020640170233663e-17
33.91,0.31346621346124104,0.0,0.5539850595697758,0.9837976876202066,-0.17928220724080343,-1.0977869062076118e-17,6.024023445763269e-17
33.92,0.31343733479131786,0.0,0.5536738986810295,0.9843415373282631,-0.17627177281184733,-1.0793533117702914e-17,6.027353564784212e-17
33.93,0.31341017142977035,0.0,0.5533622523591866,0.9848766663025639,-0.1732568964651864,-1.0608925184314746e-17,6.030630284711753e-17
33.94,0.31338472455884697,0.0,0.553050126529217,0.9854030355426704,-0.17023765019316567,-1.0424049670171357e-17,6.033853366737084e-17
33.95,0.313360995335208,0.0,0.5527375271222658,0.9859206066685516,-0.16721410630181635,-1.0238911002740233e-17,6.037022575850292e-17
33.96,0.3133389848899041,0.0,0.5524244600755541,0.9864293419242788,-0.1641863374061143,-1.005351362840626e-17,6.040137680862991e-17
33.97,0.3133186943283555,0.0,0.5521109313322807,0.9869292041816674,-0.16115441642518072,-9.867862012177861e-18,6.043198454430618e-17
33.98,0.3133001247303311,0.0,0.551796946841523,0.9874201569438611,-0.15811841657745235,-9.68196063739124e-18,6.046204673074383e-17
33.99,0.3132832771499279,0.0,0.5514825125581384,0.9879021643488581,-0.15507841137579972,-9.49581400541148e-18,6.049156117202858e-17
34.0,0.3132681526155515,0.0,0.5511676344426653,0.9883751911729811,-0.1520344746226103,-9.30942663533146e-18,6.052052571133223e-17
34.01,0.3132547521298965,0.0,0.5508523184612234,0.9888392028342895,-0.14898668040481594,-9.122803063667377e-18,6.054893823112165e-17
34.02,0.31324307666992757,0.0,0.5505365705854154,0.9892941653959326,-0.14593510308889063,-8.935947844052447e-18,6.057679665336406e-17
34.03,0.3132331271868601,0.0,0.5502203967922275,0.9897400455694422,-0.14287981731580743,-8.748865546928108e-18,6.060409893972864e-17
34.04,0.3132249046061429,0.0,0.5499038030639293,0.9901768107179688,-0.13982089799594274,-8.561560759231992e-18,6.063084309178476e-17
34.05,0.31321840982743954,0.0,0.5495867953879752,0.9906044288594549,-0.1367584203039547,-8.374038084084325e-18,6.065702715119617e-17
34.06,0.31321364372461125,0.0,0.5492693797569049,0.9910228686697492,-0.13369245967361448,-8.186302140471429e-18,6.06826491999118e-17
34.07,0.3132106071457,0.0,0.5489515621682438,0.9914320994856581,-0.13062309179260753,-7.998357562927386e-18,6.070770736035257e-17
34.08,0.3132093009129112,0.0,0.5486333486244026,0.9918320913079384,-0.12755039259728415,-7.810209001212615e-18,6.07321997955946e-17
34.09,0.3132097258225984,0.0,0.5483147451325786,0.9922228148042248,-0.12447443826738525,-7.621861119990908e-18,6.075612470954855e-17
34.1,0.3132118826452464,0.0,0.5479957577046557,0.9926042413118963,-0.12139530522073246,-7.433318598504298e-18,6.077948034713504e-17
34.11,0.31321577212545676,0.0,0.5476763923571041,0.9929763428408805,-0.11831307010787082,-7.24458613024502e-18,6.080226499445646e-17
34.12,0.31322139498193213,0.0,0.5473566551108807,0.993339092076393,-0.11522780980669196,-7.055668422626266e-18,6.082447697896463e-17
34.13,0.3132287519074621,0.0,0.5470365519913287,0.9936924623816137,-0.11213960141700742,-6.866570196649907e-18,6.084611466962475e-17
34.14,0.31323784356890827,0.0,0.546716089028079,0.994036427800297,-0.10904852225511781,-6.677296186573947e-18,6.086717647707513e-17
34.15,0.3132486706071914,0.0,0.546395272254948,0.9943709630593213,-0.10595464984831023,-6.487851139575586e-18,6.088766085378343e-17
34.16,0.3132612336372772,0.0,0.5460741077098388,0.9946960435711694,-0.10285806192935176,-6.298239815414043e-18,6.090756629419844e-17
34.17,0.3132755332481638,0.0,0.5457526014346403,0.9950116454363452,-0.09975883643094859,-6.108466986091278e-18,6.092689133489806e-17
34.18,0.313291570002869,0.0,0.5454307594751285,0.9953177454457235,-0.09665705148017943,-5.918537435511134e-18,6.094563455473327e-17
34.19,0.31330934443841807,0.0,0.5451085878808635,0.9956143210828353,-0.09355278539287262,-5.728455959135036e-18,6.096379457496797e-17
34.2,0.313328857065832,0.0,0.5447860927050909,0.995901350526085,-0.09044611666799239,-5.538227363638247e-18,6.09813700594148e-17
34.21,0.31335010837011634,0.0,0.5444632800046417,0.9961788126508991,-0.0873371239819856,-5.347856466563711e-18,6.099835971456672e-17
34.22,0.31337309881024983,0.0,0.5441401558398301,0.9964466870318127,-0.08422588618307714,-5.157348095972735e-18,6.10147622897247e-17
34.23,0.31339782881917433,0.0,0.5438167262743544,0.9967049539444818,-0.08111248228557977,-4.9667070900965824e-18,6.103057657712098e-17
34.24,0.3134242988037844,0.0,0.5434929973751959,0.9969535943676322,-0.07799699146415055,-4.77593829698477e-18,6.104580141203848e-17
34.25,0.3134525091449175,0.0,0.5431689752125184,0.997192589984938,-0.07487949304803965,-4.585046574152912e-18,6.106043567292566e-17
34.26,0.31348246019734516,0.0,0.5428446658595673,0.9974219231868325,-0.07176006651530095,-4.3940367882282234e-18,6.107447828150758e-17
34.27,0.3135141522897634,0.0,0.5425200753925687,0.9976415770722494,-0.06863879148699331,-4.202913814594448e-18,6.108792820289239e-17
34.28,0.3135475857247848,0.0,0.5421952098906299,0.9978515354502949,-0.06551574772135986,-4.011682537035443e-18,6.110078444567377e-17
34.29,0.31358276077893005,0.0,0.5418700754356364,0.9980517828418506,-0.06239101510797508,-3.820347847376792e-18,6.111304606202908e-17
34.3,0.31361967770262067,0.0,0.5415446781121528,0.9982423044811065,-0.05926467366188559,-3.628914645127032e-18,6.112471214781323e-17
34.31,0.31365833672017135,0.0,0.5412190240073216,0.9984230863170245,-0.05613680351772418,-3.4373878371172398e-18,6.113578184264827e-17
34.32,0.3136987380297832,0.0,0.5408931192107618,0.9985941150147299,-0.05300748492381426,-3.245772337140036e-18,6.114625433000865e-17
34.33,0.3137408818035376,0.0,0.5405669698144683,0.9987553779568353,-0.04987679823624339,-3.0540730655866913e-18,6.115612883730216e-17
34.34,0.31378476818738976,0.0,0.5402405819127106,0.9989068632446916,-0.0467448239129333,-2.8622949490840213e-18,6.116540463594672e-17
34.35,0.31383039730116336,0.0,0.5399139616019325,0.9990485596995679,-0.04361164250769458,-2.6704429201303408e-18,6.117408104144245e-17
34.36,0.3138777692385453,0.0,0.5395871149806502,0.9991804568637629,-0.04047733466425464,-2.4785219167297826e-18,6.118215741343987e-17
34.37,0.31392688406708097,0.0,0.5392600481493516,0.9993025450016422,-0.03734198111028609,-2.286536882026639e-18,6.118963315580325e-17
34.38,0.31397774182816957,0.0,0.5389327672103954,0.9994148151006056,-0.03420566265141413,-2.094492763938424e-18,6.119650771667003e-17
34.39,0.3140303425370605,0.0,0.5386052782679099,0.9995172588719827,-0.031068460165220795,-1.9023945147887345e-18,6.12027805885055e-17
34.4,0.3140846861828497,0.0,0.5382775874276916,0.9996098687518566,-0.027930454595224405,-1.7102470909386024e-18,6.120845130815335e-17
34.41,0.31414077272847624,0.0,0.5379497007971042,0.999692637901816,-0.024791726944864444,-1.5180554524181716e-18,6.121351945688165e-17
34.42,0.3141986021107201,0.0,0.5376216244849771,0.9997655602096345,-0.02165235827146083,-1.325824562556811e-18,6.121798466042446e-17
34.43,0.3142581742401993,0.0,0.5372933646015056,0.9998286302898791,-0.018512429680194346,-1.1335593876145232e-18,6.122184658901914e-17
34.44,0.3143194890013683,0.0,0.5369649272581477,0.9998818434844458,-0.015372022318039462,-9.412648964104353e-19,6.122510495743906e-17
34.45,0.31438254625251655,0.0,0.5366363185675239,0.9999251958630224,-0.01223121736771603,-7.489460599524475e-19,6.122775952502204e-17
34.46,0.31444734582576706,0.0,0.5363075446433164,0.9999586842234801,-0.009090096041648166,-5.566078510673226e-19,6.12298100956942e-17
34.47,0.314513887527076,0.0,0.535978611600167,0.999982306092192,-0.0059487395758810015,-3.642552440281926e-19,6.123125651798959e-17
34.48,0.31458217113623255,0.0,0.5356495255535763,0.999996059724279,-0.0028072292240218276,-1.7189321418356198e-19,6.123209868506519e-17
34.49,0.31465219640685876,0.0,0.5353202926198015,0.9999999441037838,0.00033435374882559535,2.0473262414109173e-20,6.123233653471155e-17
34.5,0.31472396306641004,0.0,0.5349909189157579,0.9999939589437715,0.0034759280721242646,2.1283920937967054e-19,6.123197004935898e-17
34.51,0.31479747081617665,0.0,0.534661410558914,0.9999781046863588,0.006617412475995869,4.0519965036830513e-19,6.123099925607931e-17
34.52,0.3148727193312845,0.0,0.534331773667192,0.9999523825026696,0.009758725697274966,5.975496094462405e-19,6.122942422658321e-17
34.53,0.3149497082606971,0.0,0.5340020143588682,0.9999167942927184,0.012899786485574705,7.898841114621674e-19,6.1227245077213e-17
34.54,0.3150284372272182,0.0,0.5336721387524677,0.9998713426852214,0.01604051360937574,9.821981824200779e-19,6.122446196893113e-17
34.55,0.3151089058274936,0.0,0.5333421529666669,0.9998160310373349,0.01918082586207188,1.174486849849455e-18,6.122107510730414e-17
34.56,0.315191113632015,0.0,0.5330120631201901,0.9997508634343211,0.022320642068041276,1.3667451431770254e-18,6.12170847424822e-17
34.57,0.31527506018512297,0.0,0.5326818753317095,0.999675844689142,0.02545988108869626,1.5589680940972052e-18,6.121249116917422e-17
34.58,0.3153607450050107,0.0,0.5323515957197431,0.9995909803419804,0.028598461828542927,1.751150736943143e-18,6.120729472661856e-17
34.59,0.31544816758372884,0.0,0.5320212304025532,0.9994962766596888,0.0317363032412218,1.9432881090566024e-18,6.120149579854927e-17
34.6,0.31553732738718937,0.0,0.5316907854980468,0.9993917406351667,0.03487332433554103,2.135375251157391e-18,6.119509481315793e-17
34.61,0.31562822385517153,0.0,0.5313602671236723,0.9992773799866643,0.03800944418151398,2.327407207713054e-18,6.118809224305109e-17
34.62,0.3157208564013265,0.0,0.5310296813963198,0.9991532031570167,0.04114458191637366,2.5193790273071537e-18,6.118048860520329e-17
34.63,0.31581522441318416,0.0,0.5306990344322191,0.9990192193128037,0.04427865675058545,2.7112857630074404e-18,6.117228446090563e-17
34.64,0.31591132725215854,0.0,0.5303683323468392,0.9988754383434397,0.04741158797384057,2.90312247273285e-18,6.116348041571014e-17
34.65,0.3160091642535553,0.0,0.5300375812547866,0.998721870860191,0.050543294961051546,3.094884219620616e-18,6.115407711936946e-17
34.66,0.31610873472657836,0.0,0.5297067872697042,0.9985585281951228,0.053673697178321086,3.2865660723917622e-18,6.114407526577246e-17
34.67,0.31621003795433766,0.0,0.5293759565041705,0.9983854223999735,0.0568027141889056,3.478163105716259e-18,6.113347559287529e-17
34.68,0.3163130731938573,0.0,0.5290450950695986,0.9982025662449596,0.05993026565915591,3.669670400576791e-18,6.112227888262818e-17
34.69,0.3164178396760835,0.0,0.5287142090761348,0.9980099732175085,0.06305627136445642,3.861083044632423e-18,6.111048596089788e-17
34.7,0.31652433660589374,0.0,0.5283833046325569,0.9978076575209212,0.06618065119513551,4.052396132580508e-18,6.109809769738573e-17
34.71,0.3166325631621057,0.0,0.5280523878461757,0.9975956340729646,0.06930332516235878,4.243604766517545e-18,6.108511500554152e-17
34.72,0.31674251849748714,0.0,0.5277214648227307,0.9973739185043939,0.07242421340401672,4.434704056299696e-18,6.107153884247296e-17
34.73,0.3168542017387657,0.0,0.5273905416662917,0.9971425271574041,0.07554323619057818,4.625689119901203e-18,6.105737020885088e-17
34.74,0.3169676119866397,0.0,0.5270596244791563,0.9969014770840124,0.07866031393094079,4.81655508377263e-18,6.104261014881022e-17
34.75,0.31708274831578803,0.0,0.5267287193617507,0.9966507860443724,0.08177536717823156,5.00729708319604e-18,6.102725974984671e-17
34.76,0.3171996097748826,0.0,0.5263978324125271,0.9963904725050163,0.08488831663562621,5.1979102626413326e-18,6.101132014270935e-17
34.77,0.31731819538659944,0.0,0.5260669697278635,0.9961205556370304,0.08799908316212113,5.388389776119669e-18,6.099479250128861e-17
34.78,0.3174385041476304,0.0,0.5257361374019642,0.9958410553141626,0.09110758777826979,5.578730787534731e-18,6.097767804250057e-17
34.79,0.3175605350286963,0.0,0.5254053415267576,0.9955519921108588,0.09421375167193242,5.768928471034782e-18,6.095997802616671e-17
34.8,0.3176842869745595,0.0,0.525074588191795,0.995253387300234,0.09731749620397306,5.958978011361516e-18,6.094169375488963e-17
34.81,0.3178097589040373,0.0,0.5247438834841519,0.9949452628519747,0.10041874291393516,6.148874604197582e-18,6.092282657392464e-17
34.82,0.31793694971001507,0.0,0.5244132334883269,0.9946276414301747,0.10351741352568643,6.3386134565122406e-18,6.090337787104724e-17
34.83,0.31806585825946154,0.0,0.5240826442861399,0.9943005463911015,0.1066134299530638,6.5281897869070066e-18,6.088334907641635e-17
34.84,0.3181964833934422,0.0,0.5237521219566325,0.9939640017809004,0.10970671430545322,6.717598825957321e-18,6.086274166243369e-17
34.85,0.31832882392713463,0.0,0.5234216725759685,0.9936180323332289,0.1127971888933525,6.9068358165531755e-18,6.0841557143599e-17
34.86,0.3184628786498441,0.0,0.5230913022173314,0.9932626634668255,0.11588477623392943,7.095896014239448e-18,6.081979707636113e-17
34.87,0.31859864632501905,0.0,0.522761016950826,0.9928979212830155,0.11896939905650906,7.284774687551898e-18,6.079746305896528e-17
34.88,0.3187361256902671,0.0,0.5224308228433769,0.992523832563149,0.12205098030805882,7.473467118353044e-18,6.07745567312962e-17
34.89,0.3188753154573718,0.0,0.5221007259586298,0.9921404247659766,0.12512944315862454,7.661968602165011e-18,6.075107977471744e-17
34.9,0.31901621431230975,0.0,0.5217707323568492,0.9917477260249584,0.12820471100674888,7.850274448501323e-18,6.072703391190657e-17
34.91,0.31915882091526776,0.0,0.5214408480948204,0.9913457651455113,0.131276707484842,8.038379981195757e-18,6.070242090668671e-17
34.92,0.3193031339006605,0.0,0.5211110792257476,0.9909345716021918,0.13434535646452628,8.226280538729615e-18,6.067724256385389e-17
34.93,0.31944915187714895,0.0,0.5207814317991563,0.9905141755358172,0.1374105820619371,8.413971474556298e-18,6.06515007290009e-17
34.94,0.3195968734276589,0.0,0.5204519118607908,0.9900846077505221,0.14047230864300161,8.60144815742455e-18,6.062519728833698e-17
34.95,0.31974629710940006,0.0,0.5201225254525161,0.9896458997107552,0.14353046082866805,8.788705971698645e-18,6.059833416850394e-17
34.96,0.31989742145388506,0.0,0.5197932786122181,0.9891980835382138,0.14658496350009784,8.975740317676322e-18,6.057091333638848e-17
34.97,0.3200502449669497,0.0,0.519464177373703,0.9887411920087162,0.14963574180383146,9.1625466119051e-18,6.054293679893064e-17
34.98,0.32020476612877313,0.0,0.5191352277665979,0.9882752585490157,0.15268272115690165,9.349120287495374e-18,6.051440660292874e-17
34.99,0.32036098339389807,0.0,0.5188064358162521,0.9878003172335523,0.15572582725191522,9.535456794431582e-18,6.04853248348405e-17
35.0,0.32051889519125226,0.0,0.5184778075436373,0.9873164027811477,0.15876498606208622,9.721551599880402e-18,6.045569362058058e-17
35.01,0.32067849992416964,0.0,0.5181493489652476,0.9868235505516378,0.16180012384624134,9.90740018849724e-18,6.042551512531448e-17
35.02,0.3208397959704124,0.0,0.5178210660930004,0.9863217965424497,0.16483116715377158,1.0092998062729436e-17,6.03947915532489e-17
35.03,0.3210027816821928,0.0,0.5174929649341384,0.9858111773851197,0.167858042829541,1.0278340743116836e-17,6.036352514741852e-17
35.04,0.3211674553861963,0.0,0.5171650514911285,0.9852917303417538,0.17088067801876497,1.0463423768590499e-17,6.033171818946929e-17
35.05,0.3213338153836042,0.0,0.5168373317615643,0.9847634933014313,0.17389900017182908,1.0648242696767776e-17,6.02993729994382e-17
35.06,0.32150185995011765,0.0,0.516509811738066,0.984226504776552,0.17691293704908012,1.0832793104245658e-17,6.026649193552958e-17
35.07,0.3216715873359803,0.0,0.5161824974081829,0.9836808038991306,0.17992241672554343,1.1017070586889648e-17,6.023307739388828e-17
35.08,0.3218429957660039,0.0,0.5158553947542935,0.9831264304170303,0.1829273675956334,1.1201070760122185e-17,6.019913180836896e-17
35.09,0.32201608343959254,0.0,0.5155285097535065,0.9825634246901459,0.1859277183777934,1.1384789259206761e-17,6.016465765030243e-17
35.1,0.32219084853076674,0.0,0.5152018483775637,0.9819918276865347,0.18892339811907644,1.1568221739528403e-17,6.01296574282587e-17
35.11,0.3223672891881903,0.0,0.5148754165927404,0.9814116809784887,0.19191433619971435,1.175136387687346e-17,6.009413368780648e-17
35.12,0.32254540353519545,0.0,0.5145492203597463,0.9808230267385575,0.1949004623376119,1.1934211367704785e-17,6.005808901126967e-17
35.13,0.3227251896698091,0.0,0.5142232656336289,0.9802259077355192,0.19788170659279586,1.2116759929434158e-17,6.002152601748062e-17
35.14,0.322906645664779,0.0,0.5138975583636747,0.9796203673303009,0.20085799937181079,1.2299005300691458e-17,5.998444736153037e-17
35.15,0.32308976956760216,0.0,0.5135721044933099,0.9790064494718423,0.20382927143209115,1.2480943241592373e-17,5.994685573451533e-17
35.16,0.32327455940055083,0.0,0.5132469099600037,0.9783841986929175,0.2067954538862442,1.2662569534000653e-17,5.990875386328147e-17
35.17,0.3234610131607014,0.0,0.5129219806951698,0.977753660105901,0.20975647820630985,1.2843879981788946e-17,5.987014451016504e-17
35.18,0.3236491288199616,0.0,0.5125973226240693,0.9771148793984887,0.21271227622795244,1.302487041109548e-17,5.983103047273057e-17
35.19,0.32383890432510004,0.0,0.5122729416657117,0.976467902829367,0.21566278015461493,1.3205536670578425e-17,5.979141458350565e-17
35.2,0.32403033759777505,0.0,0.5119488437327584,0.9758127772238371,0.21860792256160838,1.3385874631666308e-17,5.975129970971306e-17
35.21,0.3242234265345636,0.0,0.5116250347314246,0.975149549969392,0.22154763640014824,1.3565880188805159e-17,5.971068875299989e-17
35.22,0.3244181690069915,0.0,0.5113015205613827,0.9744782690112457,0.22448185500134818,1.3745549259703065e-17,5.966958464916377e-17
35.23,0.32461456286156387,0.0,0.5109783071156637,0.9737989828478183,0.22741051208014676,1.3924877785570612e-17,5.962799036787644e-17
35.24,0.3248126059197952,0.0,0.5106554002805612,0.9731117405261752,0.23033354173918696,1.410386173135843e-17,5.958590891240452e-17
35.25,0.32501229597824066,0.0,0.5103328059355343,0.9724165916374242,0.2332508784726327,1.4282497085990896e-17,5.954334331932752e-17
35.26,0.32521363080852733,0.0,0.5100105299531098,0.9717135863120651,0.23616245716994233,1.4460779862597187e-17,5.95002966582533e-17
35.27,0.3254166081573864,0.0,0.5096885781987862,0.9710027752152997,0.23906821311957427,1.4638706098738197e-17,5.945677203153068e-17
35.28,0.3256212257466845,0.0,0.509366956530937,0.9702842095423002,0.24196808201263598,1.4816271856629946e-17,5.941277257395988e-17
35.29,0.3258274812734574,0.0,0.5090456708007136,0.9695579410134323,0.24486199994648755,1.4993473223364266e-17,5.93683014524999e-17
35.3,0.326035372409942,0.0,0.5087247268519492,0.9688240218694418,0.24774990342827427,1.51703063111251e-17,5.932336186597386e-17
35.31,0.32624489680361035,0.0,0.5084041305210625,0.9680825048665985,0.2506317293784096,1.534676725740175e-17,5.927795704477159e-17
35.32,0.32645605207720274,0.0,0.5080838876369614,0.9673334432718027,0.25350741513399183,1.552285222519812e-17,5.923209025055005e-17
35.33,0.32666883582876266,0.0,0.5077640040209476,0.9665768908576511,0.2563768984521743,1.5698557403239066e-17,5.918576477593115e-17
35.34,0.32688324563167054,0.0,0.5074444854866188,0.9658129018974662,0.2592401175134657,1.5873879006172475e-17,5.913898394419744e-17
35.35,0.32709927903467906,0.0,0.5071253378397755,0.9650415311602896,0.2620970109249702,1.6048813274767678e-17,5.909175110898546e-17
35.36,0.3273169335619485,0.0,0.5068065668783234,0.9642628339058358,0.2649475177235796,1.622335647611092e-17,5.904406965397689e-17
35.37,0.32753620671308215,0.0,0.5064881783921786,0.9634768658794141,0.26779157737909076,1.6397504903796214e-17,5.89959429925874e-17
35.38,0.3277570959631631,0.0,0.5061701781631714,0.9626836833068108,0.2706291297972783,1.6571254878113523e-17,5.894737456765351e-17
35.39,0.32797959876278926,0.0,0.5058525719649531,0.9618833428891456,0.2734601153228791,1.6744602746231498e-17,5.889836785111741e-17
35.4,0.32820371253811176,0.0,0.5055353655628989,0.9610759017976841,0.2762844747425527,1.6917544882378744e-17,5.88489263437095e-17
35.41,0.3284294346908715,0.0,0.5052185647140127,0.9602614176686242,0.27910214928775473,1.709007768801978e-17,5.879905357462901e-17
35.42,0.3286567625984369,0.0,0.5049021751668338,0.9594399485978499,0.2819130806375525,1.7262197592027417e-17,5.87487531012229e-17
35.43,0.32888569361384107,0.0,0.504586202661342,0.9586115531356555,0.28471721092137436,1.7433901050851147e-17,5.869802850866267e-17
35.44,0.32911622506582194,0.0,0.5042706529288616,0.9577762902814313,0.287514482721722,1.760518454868319e-17,5.864688340961905e-17
35.45,0.32934835425885967,0.0,0.5039555316919682,0.9569342194783304,0.29030483907678617,1.7776044597618683e-17,5.85953214439354e-17
35.46,0.32958207847321574,0.0,0.5036408446643948,0.956085400607902,0.2930882234830111,1.7946477737812683e-17,5.85433462782991e-17
35.47,0.3298173949649737,0.0,0.5033265975509362,0.955229893984692,0.2958645798976179,1.8116480537634703e-17,5.849096160591093e-17
35.48,0.3300543009660778,0.0,0.5030127960473563,0.954367760350825,0.2986338527410282,1.8286049593817113e-17,5.84381711461533e-17
35.49,0.3302927936843741,0.0,0.5026994458402938,0.9534990608705528,0.3013959868992514,1.8455181531601293e-17,5.838497864425649e-17
35.5,0.33053287030365053,0.0,0.5023865526071689,0.9526238571247818,0.30415092772619207,1.8623873004878955e-17,5.833138787096348e-17
35.51,0.3307745279836787,0.0,0.5020741220160895,0.9517422111055706,0.3068986210459075,1.8792120696330356e-17,5.827740262219307e-17
35.52,0.3310177638602546,0.0,0.5017621597257576,0.950854185210607,0.3096390131547905,1.8959921317557967e-17,5.822302671870173e-17
35.53,0.3312625750452408,0.0,0.5014506713853768,0.9499598422376622,0.3123720508236868,1.9127271609216118e-17,5.816826400574388e-17
35.54,0.3315089586266087,0.0,0.5011396626345591,0.9490592453790168,0.3150976812999601,1.9294168341137445e-17,5.811311835273077e-17
35.55,0.3317569116684809,0.0,0.5008291391032313,0.948152458215871,0.31781585230947956,1.9460608312454605e-17,5.805759365288805e-17
35.56,0.3320064312111745,0.0,0.5005191064115432,0.94723954471273,0.32052651205855043,1.9626588351718466e-17,5.800169382291204e-17
35.57,0.33225751427124356,0.0,0.5002095701697749,0.9463205692117711,0.3232296092357716,1.9792105317011872e-17,5.794542280262484e-17
35.58,0.33251015784152405,0.0,0.499900535978244,0.9453955964271881,0.3259250930138416,1.9957156096060224e-17,5.788878455462794e-17
35.59,0.3327643588911769,0.0,0.4995920094272138,0.9444646914395195,0.3286129130512877,2.012173760633735e-17,5.7831783063955e-17
35.6,0.3330201143657329,0.0,0.4992839960968014,0.9435279196899592,0.33129301949413,2.0285846795167398e-17,5.777442233772348e-17
35.61,0.33327742118713755,0.0,0.49897650155688533,0.9425853469746455,0.33396536297749096,2.0449480639823414e-17,5.771670640478484e-17
35.62,0.33353627625379606,0.0,0.4986695313670142,0.9416370394389381,0.33662989462712867,2.0612636147621195e-17,5.765863931537428e-17
35.63,0.33379667644061906,0.0,0.49836309107631505,0.940683063571677,0.33928656606091023,2.0775310356009536e-17,5.760022514075901e-17
35.64,0.33405861859906827,0.0,0.49805718622340245,0.9397234861994276,0.34193532939021404,2.0937500332656075e-17,5.754146797288605e-17
35.65,0.3343220995572033,0.0,0.49775182233628656,0.938758374480709,0.3445761372212778,2.109920317552985e-17,5.748237192402863e-17
35.66,0.33458711611972786,0.0,0.49744700493228294,0.9377877959002119,0.347208942656468,2.1260416012979023e-17,5.742294112643229e-17
35.67,0.3348536650680374,0.0,0.4971427395179206,0.9368118182629992,0.34983369929549873,2.142113600380551e-17,5.73631797319597e-17
35.68,0.3351217431602652,0.0,0.49683903158885356,0.9358305096887037,0.3524503612365592,2.158136033733403e-17,5.730309191173535e-17
35.69,0.3353913471313317,0.0,0.49653588662976816,0.9348439386057018,0.35505888307741135,2.1741086233479307e-17,5.724268185578887e-17
35.7,0.3356624736929923,0.0,0.4962333101142929,0.9338521737452844,0.3576592199163992,2.190031094280788e-17,5.718195377269802e-17
35.71,0.33593511953388466,0.0,0.4959313075049109,0.9328552841358219,0.3602513273533841,2.205903174659536e-17,5.712091188923145e-17
35.72,0.336209281319579,0.0,0.4956298842528669,0.9318533390969085,0.3628351614906444,2.221724595688153e-17,5.70595604499901e-17
35.73,0.33648495569262704,0.0,0.4953290457980791,0.9308464082335074,0.36541067893368767,2.237495091652009e-17,5.699790371704876e-17
35.74,0.3367621392726113,0.0,0.4950287975690495,0.9298345614300855,0.3679778367920011,2.2532143999224563e-17,5.693594596959686e-17
35.75,0.3370408286561942,0.0,0.4947291449827754,0.928817868844745,0.3705365926797325,2.2688822609610048e-17,5.687369150357915e-17
35.76,0.3373210204171708,0.0,0.49443009344465816,0.9277964009033381,0.37308690471633044,2.284498418323238e-17,5.681114463133538e-17
35.77,0.3376027111065174,0.0,0.49413164834841583,0.9267702282935892,0.37562873152708703,2.300062618662138e-17,5.67483096812403e-17
35.78,0.33788589725244234,0.0,0.4938338150759949,0.9257394219592086,0.3781620322436277,2.3155746117310843e-17,5.668519099734329e-17
35.79,0.3381705753604398,0.0,0.4935365989974802,0.9247040530939932,0.38068676650435523,2.3310341503865722e-17,5.662179293900714e-17
35.8,0.3384567419133391,0.0,0.4932400054710073,0.9236641931359391,0.38320289445479744,2.3464409905903437e-17,5.655811988054752e-17
35.81,0.33874439337135803,0.0,0.49294403984267476,0.9226199137613401,0.3857103767479135,2.3617948914112597e-17,5.64941762108716e-17
35.82,0.3390335261721549,0.0,0.4926487074464557,0.9215712868788913,0.3882091745443224,2.377095615026703e-17,5.642996633311708e-17
35.83,0.3393241367308817,0.0,0.49235401360411046,0.9205183846237861,0.39069924951248053,2.392342926723662e-17,5.636549466429059e-17
35.84,0.33961622144023723,0.0,0.4920599636250981,0.919461279351817,0.3931805638287833,2.4075365948993553e-17,5.630076563490665e-17
35.85,0.33990977667052014,0.0,0.4917665628064905,0.9184000436334775,0.39565308017760537,2.4226763910614775e-17,5.623578368862638e-17
35.86,0.3402047987696838,0.0,0.4914738164328842,0.9173347502480599,0.39811676175128513,2.437762089828104e-17,5.617055328189616e-17
35.87,0.3405012840633896,0.0,0.4911817297763137,0.9162654721777603,0.40057157225003615,2.4527934689271474e-17,5.610507888358662e-17
35.88,0.34079922885506225,0.0,0.49089030809616485,0.915192282601783,0.4030174758818011,2.4677703091954668e-17,5.603936497463167e-17
35.89,0.34109862942594404,0.0,0.4905995566390887,0.9141152548904509,0.405454437362037,2.482692394577548e-17,5.597341604766788e-17
35.9,0.3413994820351508,0.0,0.4903094806389147,0.9130344625993152,0.4078824219134476,2.497559512123869e-17,5.590723660667376e-17
35.91,0.3417017829197274,0.0,0.4900200853165645,0.9119499794632742,0.41030139526564346,2.512371451988816e-17,5.584083116660966e-17
35.92,0.34200552829470365,0.0,0.48973137587996646,0.9108618793906944,0.41271132365474544,2.5271280074282566e-17,5.577420425305782e-17
35.93,0.34231071435315025,0.0,0.4894433575239707,0.9097702364575407,0.4151121738229202,2.5418289747966948e-17,5.57073604018629e-17
35.94,0.34261733726623633,0.0,0.489156035430262,0.908675124901508,0.41750391301786466,2.5564741535441146e-17,5.564030415877266e-17
35.95,0.3429253931832861,0.0,0.4888694147672758,0.9075766191161645,0.41988650899221863,2.5710633462123846e-17,5.557304007907937e-17
35.96,0.3432348782318357,0.0,0.48858350069011347,0.9064747936451022,0.42225993000291817,2.5855963584312958e-17,5.55055727272616e-17
35.97,0.3435457885176919,0.0,0.48829829834045635,0.9053697231760932,0.42462414481049515,2.6000729989142755e-17,5.543790667662639e-17
35.98,0.3438581201249895,0.0,0.4880138128464822,0.9042614825352584,0.42697912267830673,2.614493079453667e-17,5.537004650895222e-17
35.99,0.3441718691162506,0.0,0.48773004932278036,0.9031501466812417,0.4293248333717159,2.6288564149157132e-17,5.530199681413226e-17
36.0,0.34448703153244137,0.0,0.4874470128702685,0.9020357906994038,0.4316612471571908,2.6431628232350412e-17,5.523376218981883e-17
36.01,0.3448036033930335,0.0,0.48716470857610766,0.9009184897960136,0.4339883348013748,2.6574121254089674e-17,5.5165347241067776e-17
36.02,0.345121580696063,0.0,0.48688314151361867,0.8997983192924596,0.4363060675700774,2.6716041454913206e-17,5.5096756579983934e-17
36.03,0.3454409594181884,0.0,0.4866023167422006,0.898675354619478,0.43861441722719896,2.6857387105858544e-17,5.5027994825367816e-17
36.04,0.3457617355147528,0.0,0.486322239307245,0.8975496713113807,0.44091335603362297,2.6998156508394684e-17,5.495906660236207e-17
36.05,0.34608390491984387,0.0,0.4860429142400543,0.8964213450003061,0.4432028567460302,2.713834799434944e-17,5.4889976542099503e-17
36.06,0.34640746354635416,0.0,0.4857643465577591,0.8952904514104825,0.44548289261565865,2.7277959925833523e-17,5.4820729281351814e-17
36.07,0.3467324072860417,0.0,0.48548654126323615,0.8941570663525085,0.4477534373870019,2.7416990695160836e-17,5.475132946217935e-17
36.08,0.3470587320095935,0.0,0.48520950334502466,0.893021265717637,0.45001446529647204,2.7555438724766607e-17,5.46817817315811e-17
36.09,0.34738643356668525,0.0,0.4849332377772453,0.8918831254720901,0.4522659510709775,2.7693302467120302e-17,5.461209074114662e-17
36.1,0.3477155077860439,0.0,0.4846577495195194,0.8907427216513851,0.45450786992645476,2.783058040463572e-17,5.454226114670853e-17
36.11,0.3480459504755114,0.0,0.4843830435168849,0.8896001303546675,0.45674019756636114,2.7967271049578695e-17,5.447229760799558e-17
36.12,0.34837775742210597,0.0,0.48410912469971745,0.8884554277390778,0.4589629101800845,2.8103372943969734e-17,5.440220478828771e-17
36.13,0.34871092439208584,0.0,0.48383599798364807,0.8873086900141244,0.4611759844413178,2.823888465948447e-17,5.4331987354071425e-17
36.14,0.3490454471310124,0.0,0.48356366826948344,0.8861599934360811,0.46337939750636803,2.837380479735013e-17,5.426164997469681e-17
36.15,0.34938132136381445,0.0,0.48329214044312396,0.8850094143023992,0.4655731270124214,2.85081319882393e-17,5.419119732203535e-17
36.16,0.34971854279485204,0.0,0.4830214193754845,0.8838570289461426,0.4677571510757453,2.8641864892159816e-17,5.412063407013915e-17
36.17,0.35005710710798094,0.0,0.4827515099224141,0.8827029137304412,0.46993144828984285,2.87750021983418e-17,5.4049964894901354e-17
36.18,0.3503970099666168,0.0,0.48248241692461646,0.8815471450429674,0.47209599772354927,2.890754262512104e-17,5.3979194473717876e-17
36.19,0.3507382470138014,0.0,0.48221414520756944,0.8803897992904286,0.47425077891908496,2.903948491981982e-17,5.390832748515021e-17
36.2,0.351080813872267,0.0,0.481946699581447,0.8792309528930863,0.47639577189004895,2.9170827858624056e-17,5.383736860858977e-17
36.21,0.3514247061445022,0.0,0.4816800848410392,0.8780706822792963,0.4785309571193604,2.9301570246457203e-17,5.3766322523923636e-17
36.22,0.3517699194128187,0.0,0.4814143057656741,0.8769090638800681,0.48065631555715854,2.943171091685172e-17,5.3695193911201364e-17
36.23,0.35211644923941676,0.0,0.4811493671191389,0.8757461741236511,0.4827718286186423,2.9561248731816747e-17,5.3623987450303495e-17
36.24,0.3524642911664524,0.0,0.48088527364960143,0.8745820894301427,0.4848774781818659,2.969018258170313e-17,5.355270782061142e-17
36.25,0.3528134407161039,0.0,0.48062203008953297,0.8734168862061218,0.4869732465854798,2.981851138506513e-17,5.348135970067876e-17
36.26,0.3531638933906396,0.0,0.4803596411556294,0.8722506408393025,0.4890591166264322,2.9946234088519614e-17,5.340994776790397e-17
36.27,0.3535156446724856,0.0,0.4800981115487346,0.8710834296932171,0.4911350715576135,3.007334966660188e-17,5.333847669820484e-17
36.28,0.35386869002429266,0.0,0.47983744595376304,0.8699153291019245,0.4932010950854533,3.019985712161849e-17,5.326695116569441e-17
36.29,0.3542230248890058,0.0,0.4795776490396224,0.8687464153647388,0.4952571713674791,3.032575548349777e-17,5.3195375842358224e-17
36.3,0.35457864468993183,0.0,0.4793187254591374,0.8675767647409909,0.49730328500981713,3.045104380963682e-17,5.312375539773354e-17
36.31,0.3549355448308093,0.0,0.4790606798489725,0.8664064534448088,0.49933942106465856,3.057572118474633e-17,5.305209449858977e-17
36.32,0.3552937206958756,0.0,0.47880351682955746,0.8652355576399374,0.5013655650276617,3.0699786720691504e-17,5.298039780861123e-17
36.33,0.3556531676499388,0.0,0.47854724100500984,0.8640641534345694,0.5033817028353343,3.082323955633182e-17,5.290866998808065e-17
36.34,0.3560138810384467,0.0,0.4782918569630592,0.8628923168762134,0.5053878208623557,3.094607885735699e-17,5.283691569356492e-17
36.35,0.35637585618755535,0.0,0.47803736927497376,0.8617201239465947,0.5073839059188472,3.10683038161199e-17,5.2765139577602886e-17
36.36,0.35673908840420154,0.0,0.477783782495483,0.8605476505565703,0.5093699452476235,3.118991365146823e-17,5.269334628839395e-17
36.37,0.35710357297617307,0.0,0.4775311011627042,0.8593749725410842,0.5113459265213821,3.131090760857241e-17,5.262154046948917e-17
36.38,0.3574693051721789,0.0,0.47727932979806736,0.8582021656541481,0.5133118378398556,3.143128495875122e-17,5.254972675948395e-17
36.39,0.35783628024192016,0.0,0.47702847290624184,0.857029305563855,0.5152676677269168,3.155104499929453e-17,5.2477909791712696e-17
36.4,0.3582044934161638,0.0,0.47677853497506073,0.8558564678474115,0.5172134051276636,3.167018705328482e-17,5.2406094193944606e-17
36.41,0.35857393990681247,0.0,0.4765295204754488,0.8546837279862148,0.519149039405435,3.1788710469414454e-17,5.2334284588082255e-17
36.42,0.3589446149069776,0.0,0.47628143386134775,0.8535111613609501,0.5210745603388083,3.1906614621801793e-17,5.226248558986138e-17
36.43,0.35931651359105143,0.0,0.47603427956964445,0.8523388432467239,0.5229899581185441,3.2023898909804165e-17,5.21907018085529e-17
36.44,0.35968963111478036,0.0,0.4757880620200969,0.851166848808224,0.524895223344505,3.2140562757829154e-17,5.2118937846666537e-17
36.45,0.36006396261533796,0.0,0.4755427856152618,0.8499952530949142,0.5267903470225255,3.225660561514296e-17,5.2047198299656555e-17
36.46,0.36043950321139756,0.0,0.4752984547404234,0.8488241310362608,0.5286753205612466,3.237202695567657e-17,5.1975487755629515e-17
36.47,0.3608162480032069,0.0,0.4750550737635198,0.8476535574369873,0.5305501357689206,3.2486826277830116e-17,5.190381079505368e-17
36.48,0.3611941920726617,0.0,0.47481264703507237,0.8464836069723652,0.5324147848501714,3.2601003104274455e-17,5.183217199047066e-17
36.49,0.3615733304833799,0.0,0.47457117888811395,0.845314354183535,0.5342692604027235,3.2714556981750955e-17,5.1760575906208905e-17
36.5,0.36195365828077597,0.0,0.4743306736381179,0.8441458734728619,0.5361135554140924,3.282748748086877e-17,5.1689027098099347e-17
36.51,0.3623351704921362,0.0,0.47409113558292715,0.8429782390993205,0.5379476632582475,3.293979419590055e-17,5.161753011319275e-17
36.52,0.36271786212669366,0.0,0.473852569002683,0.8418115251739167,0.5397715776922348,3.305147674457561e-17,5.154608948947943e-17
36.53,0.363101728175703,0.0,0.47361497815975645,0.8406458056551424,0.5415852928527664,3.3162534767871114e-17,5.14747097556109e-17
36.54,0.3634867636125174,0.0,0.4733783672986764,0.83948115434446,0.543388803252784,3.327296792980164e-17,5.140339543062341e-17
36.55,0.3638729633926633,0.0,0.47314274064606093,0.8383176448818258,0.5451821037779845,3.338277591720644e-17,5.133215102366378e-17
36.56,0.3642603224539174,0.0,0.47290810241054776,0.8371553507412431,0.5469651896833163,3.349195843953491e-17,5.1260981033717163e-17
36.57,0.36464883571638246,0.0,0.47267445678272557,0.8359943452263543,0.5487380565894433,3.3600515228630046e-17,5.118988994933711e-17
36.58,0.36503849808256517,0.0,0.47244180793506435,0.8348347014660612,0.5505007004791842,3.370844603851044e-17,5.1118882248377404e-17
36.59,0.3654293044374524,0.0,0.4722101600218473,0.833676492410184,0.5522531176939178,3.381575064515015e-17,5.104796239772623e-17
36.6,0.36582124964858853,0.0,0.47197951717910286,0.8325197908251569,0.5539953049299577,3.392242884625673e-17,5.0977134853042624e-17
36.61,0.3662143285661537,0.0,0.4717498835245368,0.8313646692897514,0.5557272592349077,3.402848046104806e-17,5.0906404058494594e-17
36.62,0.3666085360230412,0.0,0.4715212631574641,0.8302112001908424,0.5574489780039793,3.413390533002683e-17,5.083577444649988e-17
36.63,0.3670038668349365,0.0,0.47129366015874186,0.8290594557192023,0.5591604589762943,3.423870331475419e-17,5.0765250437468394e-17
36.64,0.36740031580039356,0.0,0.4710670785907033,0.8279095078653413,0.5608617002311429,3.434287429762057e-17,5.069483643954754e-17
36.65,0.3677978777009162,0.0,0.4708415224970897,0.8267614284153686,0.5625527001842399,3.44464181816165e-17,5.062453684836874e-17
36.66,0.3681965473010359,0.0,0.4706169959029841,0.8256152889468991,0.5642334575839405,3.4549334890100834e-17,5.055435604679685e-17
36.67,0.3685963193483911,0.0,0.47039350281474657,0.8244711608249937,0.5659039715074345,3.4651624366567733e-17,5.048429840468156e-17
36.68,0.36899718857380565,0.0,0.4701710472199474,0.823329115198139,0.5675642413569142,3.475328657441204e-17,5.0414368278611166e-17
36.69,0.3693991496913711,0.0,0.4699496330873015,0.8221892229942495,0.5692142668557353,3.485432149669418e-17,5.034457001166785e-17
36.7,0.3698021973985251,0.0,0.46972926436660356,0.8210515549167225,0.5708540480445349,3.495472913590245e-17,5.027490793318608e-17
36.71,0.3702063263761307,0.0,0.46950994498866405,0.8199161814405227,0.5724835852773351,3.5054509513714466e-17,5.020538635851283e-17
36.72,0.37061153128855984,0.0,0.4692916788652431,0.8187831728082945,0.5741028792176387,3.5153662670758035e-17,5.01360095887696e-17
36.73,0.3710178067837719,0.0,0.4690744698889875,0.8176525990265247,0.5757119308344837,3.5252188666369645e-17,5.0066781910617384e-17
36.74,0.3714251474933955,0.0,0.4688583219333662,0.8165245298617319,0.5773107413984931,3.53500875783525e-17,4.9997707596023365e-17
36.75,0.37183354803280966,0.0,0.4686432388526074,0.8153990348366967,0.5788993124778984,3.544735950273308e-17,4.992879090203009e-17
36.76,0.3722430030012258,0.0,0.4684292244816347,0.8142761832267243,0.5804776459345511,3.554400455351693e-17,4.9860036070526586e-17
36.77,0.3726535069817697,0.0,0.4682162826360041,0.8131560440559471,0.582045743919911,3.564002286244295e-17,4.979144732802199e-17
36.78,0.3730650545415627,0.0,0.46800441711184215,0.8120386860936634,0.5836036088710187,3.5735414578736846e-17,4.972302888542136e-17
36.79,0.37347764023180535,0.0,0.46779363168578264,0.8109241778507091,0.5851512435064556,3.583017986886372e-17,4.96547849378035e-17
36.8,0.37389125858785915,0.0,0.46758393011490557,0.8098125875758712,0.5866886508222842,3.592431891627947e-17,4.9586719664201314e-17
36.81,0.37430590412933,0.0,0.46737531613667455,0.808703983252332,0.588215834087975,3.601783192118146e-17,4.9518837227384155e-17
36.82,0.37472157136015055,0.0,0.4671677934688766,0.8075984325941565,0.589732796842317,3.6110719100258e-17,4.9451141773642663e-17
36.83,0.3751382547686646,0.0,0.4669613658095602,0.8064960030428091,0.591239542889321,3.620298068643756e-17,4.938363743257551e-17
36.84,0.3755559488277102,0.0,0.46675603683697475,0.8053967617637111,0.5927360762941024,3.6294616928636694e-17,4.931632831687861e-17
36.85,0.37597464799470304,0.0,0.46655181020951103,0.8043007756428363,0.594222401378753,3.638562809150718e-17,4.924921852213665e-17
36.86,0.3763943467117216,0.0,0.46634868956563974,0.8032081112833368,0.5956985227182076,3.647601445518299e-17,4.9182312126616475e-17
36.87,0.3768150394055909,0.0,0.46614667852385333,0.8021188350022113,0.597164445136091,3.6565776315025957e-17,4.91156131910631e-17
36.88,0.37723672048796736,0.0,0.4659457806826053,0.8010330128270062,0.5986201737005606,3.6654913981371207e-17,4.904912575849769e-17
36.89,0.3776593843554228,0.0,0.4657459996202524,0.7999507104925566,0.6000657137201341,3.674342777927171e-17,4.898285385401802e-17
36.9,0.3780830253895309,0.0,0.4655473388949949,0.7988719934377579,0.6015010707395148,3.683131804824262e-17,4.891680148460078e-17
36.91,0.37850763795695147,0.0,0.4653498020448187,0.7977969268023799,0.6029262505354017,3.6918585142004743e-17,4.885097263890649e-17
36.92,0.37893321640951716,0.0,0.4651533925874368,0.7967255754239098,0.6043412591122997,3.7005229428227957e-17,4.8785371287086214e-17
36.93,0.37935975508431685,0.0,0.4649581140202329,0.7956580038344434,0.6057461026983078,3.7091251288273324e-17,4.872000138059118e-17
36.94,0.3797872483037843,0.0,0.4647639698202025,0.7945942762575969,0.6071407877409207,3.717665111693606e-17,4.865486685198369e-17
36.95,0.3802156903757841,0.0,0.46457096344389603,0.7935344566054632,0.6085253209028135,3.7261429322187324e-17,4.8589971614750735e-17
36.96,0.38064507559369554,0.0,0.46437909832736357,0.7924786084756098,0.6098997090576131,3.7345586324915395e-17,4.8525319563120204e-17
36.97,0.3810753982365024,0.0,0.46418837788609685,0.7914267951480979,0.6112639592856842,3.7429122558667564e-17,4.8460914571878307e-17
36.98,0.3815066525688789,0.0,0.46399880551497397,0.7903790795825478,0.6126180788698979,3.7512038469391065e-17,4.8396760496189916e-17
36.99,0.3819388328412765,0.0,0.46381038458820323,0.7893355244152377,0.6139620752913991,3.759433451517391e-17,4.8332861171420915e-17
37.0,0.3823719332900102,0.0,0.46362311845926907,0.7882961919562399,0.6152959562253688,3.7676011165985395e-17,4.8269220412962834e-17
37.01,0.38280594813734925,0.0,0.4634370104608753,0.7872611441865826,0.6166197295367972,3.775706890341727e-17,4.820584201605906e-17
37.02,0.3832408715916024,0.0,0.4632520639048915,0.7862304427554597,0.617933403276238,3.783750822042377e-17,4.8142729755634e-17
37.03,0.3836766978472058,0.0,0.4630682820822987,0.7852041489774716,0.6192369856755688,3.791732962106204e-17,4.8079887386124106e-17
37.04,0.3841134210848136,0.0,0.4628856682631348,0.7841823238298921,0.6205304851437601,3.7996533620233e-17,4.8017318641310526e-17
37.05,0.38455103547138425,0.0,0.46270422569644143,0.783165027949984,0.6218139102626289,3.80751207434214e-17,4.7955027234154765e-17
37.06,0.38498953516027024,0.0,0.4625239576102105,0.78215232163234,0.6230872697826048,3.8153091526436514e-17,4.7893016856635817e-17
37.07,0.3854289142913063,0.0,0.4623448672113313,0.7811442648262625,0.6243505726184911,3.823044651515261e-17,4.783129117958974e-17
37.08,0.38586916699089957,0.0,0.4621669576855379,0.7801409171331736,0.6256038278452353,3.830718626524996e-17,4.776985385255108e-17
37.09,0.38631028737211826,0.0,0.4619902321973566,0.7791423378040636,0.6268470446936943,3.8383311341955534e-17,4.7708708503596616e-17
37.1,0.38675226953478076,0.0,0.4618146938900547,0.778148585736973,0.6280802325464071,3.845882231978414e-17,4.7647858739191187e-17
37.11,0.3871951075655468,0.0,0.4616403458855883,0.7771597194745044,0.6293034009333731,3.8533719782279946e-17,4.7587308144035335e-17
37.12,0.3876387955380062,0.0,0.4614671912845511,0.7761757972013729,0.6305165595278315,3.8608004321758023e-17,4.752706028091532e-17
37.13,0.3880833275127696,0.0,0.4612952331661242,0.7751968767419871,0.6317197181420479,3.868167653904635e-17,4.746711869055499e-17
37.14,0.3885286975375584,0.0,0.46112447458802497,0.7742230155580667,0.6329128867231046,3.8754737043228075e-17,4.740748689146989e-17
37.15,0.3889748996472961,0.0,0.46095491858645715,0.7732542707462876,0.6340960753487022,3.882718645138435e-17,4.73481683798231e-17
37.16,0.3894219278641985,0.0,0.4607865681760609,0.7722906990359657,0.6352692942229613,3.889902538833739e-17,4.7289166629283364e-17
37.17,0.389869776197865,0.0,0.4606194263498634,0.7713323567867705,0.636432553672238,3.897025448639412e-17,4.723048509088514e-17
37.18,0.3903184386453693,0.0,0.46045349607923014,0.7703792999864734,0.6375858641409415,3.9040874385090164e-17,4.717212719289066e-17
37.19,0.3907679091913515,0.0,0.46028878031381576,0.7694315842487247,0.6387292361873672,3.911088573093465e-17,4.7114096340653885e-17
37.2,0.3912181818081095,0.0,0.4601252819815154,0.7684892648108665,0.6398626804795338,3.918028917715533e-17,4.705639591648652e-17
37.21,0.3916692504556902,0.0,0.45996300398841794,0.7675523965317775,0.6409862077910295,3.924908538344423e-17,4.699902927952607e-17
37.22,0.3921211090819821,0.0,0.45980194921875644,0.7666210338897458,0.6420998289968758,3.931727501570434e-17,4.694199976560559e-17
37.23,0.39257375162280744,0.0,0.45964212053486275,0.7656952309803778,0.6432035550693932,3.9384858745796535e-17,4.688531068712565e-17
37.24,0.393027172002015,0.0,0.45948352077711907,0.7647750415145338,0.6442973970740865,3.9451837251287565e-17,4.68289653329279e-17
37.25,0.3934813641315705,0.0,0.4593261527639126,0.7638605188163032,0.6453813661655317,3.951821121519821e-17,4.677296696817112e-17
37.26,0.393936321911652,0.0,0.45917001929158824,0.7629517158209985,0.6464554735832888,3.958398132575305e-17,4.6717318834208344e-17
37.27,0.3943920392307425,0.0,0.4590151231344031,0.7620486850731879,0.64751973064782,3.9649148276130453e-17,4.6662024148466446e-17
37.28,0.39484850996572046,0.0,0.45886146704448194,0.7611514787247613,0.6485741487564157,3.971371276421319e-17,4.6607086104327683e-17
37.29,0.39530572798195607,0.0,0.45870905375177057,0.760260148533016,0.6496187393791503,3.977767549234075e-17,4.6552507871012474e-17
37.3,0.3957636871334039,0.0,0.4585578859639917,0.7593747458587807,0.6506535140548402,3.984103716706187e-17,4.649829259346453e-17
37.31,0.3962223812626959,0.0,0.4584079663666009,0.7584953216645678,0.6516784843870203,3.990379849888814e-17,4.6444443392237753e-17
37.32,0.39668180420123456,0.0,0.4582592976227423,0.7576219265127555,0.652693662039935,3.9965960202048533e-17,4.6390963363384866e-17
37.33,0.39714194976928974,0.0,0.4581118823732044,0.7567546105637937,0.6536990587345534,4.002752299424542e-17,4.633785557834759e-17
37.34,0.39760281177609047,0.0,0.4579657232363775,0.7558934235744461,0.6546946862445907,4.0088487596410934e-17,4.6285123083848996e-17
37.35,0.39806438401991867,0.0,0.4578208228082109,0.755038414896061,0.6556805563925497,4.0148854732464584e-17,4.623276890178762e-17
37.36,0.3985266602882068,0.0,0.45767718366216953,0.7541896334728614,0.6566566810457889,4.020862512907249e-17,4.618079602913276e-17
37.37,0.3989896343576297,0.0,0.45753480834919197,0.753347127840275,0.6576230721125957,4.026779951540697e-17,4.6129207437822234e-17
37.38,0.3994532999942009,0.0,0.4573936993976493,0.7525109461232851,0.6585797415382881,4.032637862290779e-17,4.607800607466137e-17
37.39,0.3999176509533668,0.0,0.4572538593133028,0.7516811360348121,0.6595267013013304,4.038436318504434e-17,4.602719486122394e-17
37.4,0.4003826809801026,0.0,0.4571152905792637,0.7508577448741209,0.6604639634094729,4.044175393707928e-17,4.597677669375461e-17
37.41,0.40084838380900756,0.0,0.45697799565595143,0.7500408195252563,0.6613915398959092,4.0498551615833204e-17,4.592675444307314e-17
37.42,0.4013147531644005,0.0,0.45684197698105405,0.7492304064555052,0.662309442815455,4.05547569594507e-17,4.587713095448024e-17
37.43,0.4017817827604149,0.0,0.45670723696948834,0.7484265517138878,0.6632176842407469,4.061037070716753e-17,4.5827909047665185e-17
37.44,0.40224946630109565,0.0,0.45657377801335974,0.7476293009296704,0.6641162762584668,4.066539359907954e-17,4.577909151661471e-17
37.45,0.40271779748049497,0.0,0.4564416024819233,0.7468386993109081,0.665005230965585,4.07198263759125e-17,4.5730681129523807e-17
37.46,0.40318676998276765,0.0,0.4563107127215449,0.746054791643014,0.6658845604656253,4.077366977879351e-17,4.5682680628708135e-17
37.47,0.40365637748226874,0.0,0.4561811110556629,0.7452776222873505,0.6667542768649581,4.0826924549023956e-17,4.5635092730517695e-17
37.48,0.4041266136436492,0.0,0.4560527997847498,0.7445072351798495,0.6676143922691123,4.0879591427853693e-17,4.558792012525242e-17
37.49,0.4045974721219528,0.0,0.4559257811862745,0.7437436738296553,0.6684649187791138,4.093167115625686e-17,4.5541165477079024e-17
37.5,0.40506894656271253,0.0,0.4558000575146654,0.7429869813177953,0.6693058684878462,4.098316447470901e-17,4.5494831423949616e-17
37.51,0.4055410306020484,0.0,0.45567563100127295,0.742237200295871,0.6701372534764405,4.103407212296607e-17,4.544892057752157e-17
37.52,0.4060137178667638,0.0,0.45555250385433327,0.7414943729847769,0.6709590858106868,4.1084394839844594e-17,4.5403435523079035e-17
37.53,0.4064870019744429,0.0,0.45543067825893196,0.7407585411734433,0.6717713775374715,4.1134133363003635e-17,4.535837881945601e-17
37.54,0.4069608765335482,0.0,0.4553101563769682,0.7400297462176001,0.6725741406812444,4.118328842872838e-17,4.5313752998960605e-17
37.55,0.407435335143518,0.0,0.4551909403471196,0.739308029038567,0.6733673872405089,4.1231860771715277e-17,4.5269560567300975e-17
37.56,0.40791037139486497,0.0,0.4550730322848063,0.738593430122064,0.6741511291843423,4.127985112485893e-17,4.52258040035125e-17
37.57,0.4083859788692713,0.0,0.4549564342821577,0.7378859895170514,0.6749253784489379,4.1327260219040387e-17,4.518248575988672e-17
37.58,0.4088621511396896,0.0,0.45484114840797685,0.7371857468345825,0.6756901469341838,4.137408878291765e-17,4.513960826190112e-17
37.59,0.4093388817704406,0.0,0.45472717670770696,0.7364927412466854,0.676445446500265,4.142033754271758e-17,4.5097173908150655e-17
37.6,0.40981616431730866,0.0,0.45461452120339835,0.7358070114852693,0.6771912889642902,4.146600722202941e-17,4.5055185070280737e-17
37.61,0.4102939923276436,0.0,0.4545031838936747,0.7351285958410441,0.6779276860969575,4.151109854160053e-17,4.5013644092921145e-17
37.62,0.41077235934045764,0.0,0.4543931667537005,0.7344575321624682,0.6786546496192426,4.15556122191337e-17,4.497255329362155e-17
37.63,0.41125125888652425,0.0,0.4542844717351485,0.733793857854717,0.6793721911991184,4.15995489690862e-17,4.493191496278835e-17
37.64,0.41173068448847533,0.0,0.45417710076616835,0.7331376098786723,0.680080322448303,4.1642909502470706e-17,4.489173136362285e-17
37.65,0.4122106296609036,0.0,0.4540710557513539,0.7324888247499273,0.6807790549190466,4.1685694526658525e-17,4.485200473206025e-17
37.66,0.4126910879104585,0.0,0.4539663385717131,0.7318475385378213,0.681468400100938,4.1727904745184077e-17,4.48127372767106e-17
37.67,0.413172052735947,0.0,0.4538629510846365,0.7312137868644868,0.6821483694177513,4.1769540857551765e-17,4.4773931178800434e-17
37.68,0.41365351762843144,0.0,0.45376089512386697,0.7305876049039219,0.6828189742243187,4.181060355904455e-17,4.4735588592115955e-17
37.69,0.4141354760713307,0.0,0.45366017249946966,0.7299690273810784,0.6834802258034408,4.18510935405347e-17,4.469771164294721e-17
37.7,0.41461792154051874,0.0,0.45356078499780234,0.7293580885709718,0.6841321353628248,4.189101148829636e-17,4.466030243003362e-17
37.71,0.4151008475044237,0.0,0.4534627343814861,0.728754822297811,0.6847747140320574,4.193035808382016e-17,4.462336302451062e-17
37.72,0.4155842474241289,0.0,0.45336602238937646,0.7281592619341442,0.685407972859612,4.196913400362999e-17,4.4586895469857436e-17
37.73,0.41606811475347194,0.0,0.4532706507365348,0.727571440400026,0.6860319228098875,4.200733991910164e-17,4.4550901781846055e-17
37.74,0.41655244293914495,0.0,0.4531766211142003,0.7269913901622026,0.6866465747602825,4.2044976496283686e-17,4.45153839484913e-17
37.75,0.4170372254207941,0.0,0.4530839351897624,0.7264191432333144,0.6872519394983019,4.2082044395720294e-17,4.4480343930002057e-17
37.76,0.4175224556311207,0.0,0.45299259460673336,0.7258547311711161,0.6878480277187009,4.211854427227635e-17,4.4445783658733497e-17
37.77,0.41800812699598144,0.0,0.45290260098472074,0.7252981850777164,0.6884348500206615,4.2154476774964567e-17,4.4411705039140497e-17
37.78,0.4184942329344875,0.0,0.45281395591940204,0.7247495355988337,0.6890124169050039,4.2189842546774736e-17,4.4378109947732123e-17
37.79,0.418980766859107,0.0,0.4527266609824975,0.7242088129230684,0.6895807387714366,4.222464222450534e-17,4.4345000233027e-17
37.8,0.4194677221757642,0.0,0.4526407177217447,0.7236760467811938,0.6901398259158382,4.2258876438597143e-17,4.431237771550996e-17
37.81,0.4199550922839414,0.0,0.4525561276608735,0.7231512664454626,0.6906896885275786,4.229254581296908e-17,4.4280244187589527e-17
37.82,0.42044287057677804,0.0,0.45247289229958065,0.7226345007289307,0.691230336686874,4.2325650964856373e-17,4.424860141355653e-17
37.83,0.4209310504411736,0.0,0.45239101311350516,0.7221257779847952,0.691761780362181,4.235819250465096e-17,4.421745112954358e-17
37.84,0.42141962525788795,0.0,0.4523104915542044,0.721625126105751,0.6922840294076261,4.2390171035744075e-17,4.4186795043485656e-17
37.85,0.4219085884016413,0.0,0.4522313290491305,0.7211325725233619,0.6927970935604725,4.24215871543711e-17,4.4156634835081585e-17
37.86,0.42239793324121755,0.0,0.4521535270016061,0.720648144207446,0.693300982438626,4.2452441449458934e-17,4.412697215575645e-17
37.87,0.4228876531395637,0.0,0.45207708679080255,0.7201718676654789,0.6937957055381764,4.2482734502475364e-17,4.4097808628625e-17
37.88,0.4233777414538935,0.0,0.452002009771716,0.7197037689420087,0.6942812722309797,4.251246688728107e-17,4.4069145848455865e-17
37.89,0.4238681915357855,0.0,0.4519282972751465,0.7192438736180912,0.6947576917622743,4.2541639169983633e-17,4.404098538163694e-17
37.9,0.4243589967312881,0.0,0.451855950607675,0.718792206810732,0.6952249732483421,4.257025190879432e-17,4.401332876614126e-17
37.91,0.4248501503810199,0.0,0.45178497105164284,0.7183487931723491,0.6956831256742035,4.259830565388696e-17,4.398617751149407e-17
37.92,0.4253416458202714,0.0,0.4517153598651301,0.7179136568902479,0.6961321578913529,4.262580094725926e-17,4.3959533098740664e-17
37.93,0.4258334763791056,0.0,0.4516471182819357,0.7174868216861102,0.6965720786155327,4.265273832259653e-17,4.393339698041513e-17
37.94,0.42632563538246326,0.0,0.4515802475115563,0.7170683108154945,0.697002896424551,4.267911830513803e-17,4.390777058050974e-17
37.95,0.42681811615026194,0.0,0.45151474873916697,0.7166581470673534,0.6974246197561337,4.270494141154545e-17,4.388265529444537e-17
37.96,0.42731091199749816,0.0,0.45145062312560186,0.7162563527635644,0.6978372569058179,4.2730208149773954e-17,4.385805248904283e-17
37.97,0.42780401623435227,0.0,0.45138787180733514,0.7158629497584676,0.698240816024891,4.275491901894593e-17,4.38339635024945e-17
37.98,0.42829742216628774,0.0,0.45132649589646184,0.7154779594384261,0.6986353051183614,4.2779074509226787e-17,4.3810389644337415e-17
37.99,0.4287911230941554,0.0,0.4512664964806804,0.7151014027213897,0.699020732042978,4.280267510170363e-17,4.378733219542661e-17
38.0,0.4292851123142942,0.0,0.45120787462327455,0.7147333000564784,0.6993971045052846,4.282572126826618e-17,4.376479240790955e-17
38.01,0.42977938311863556,0.0,0.4511506313630953,0.714373671423573,0.6997644300597201,4.2848213471490405e-17,4.3742771505201085e-17
38.02,0.43027392879480464,0.0,0.4510947677145451,0.7140225363329207,0.7001227161067572,4.2870152164524566e-17,4.37212706819593e-17
38.03,0.43076874262622283,0.0,0.45104028466756013,0.7136799138247523,0.700471969891083,4.28915377909778e-17,4.3700291104062085e-17
38.04,0.4312638178922116,0.0,0.4509871831875947,0.7133458224689097,0.7008121984998227,4.291237078481137e-17,4.3679833908584314e-17
38.05,0.4317591478680941,0.0,0.450935464215605,0.7130202803644873,0.7011434088608035,4.293265157023235e-17,4.3659900203775883e-17
38.06,0.43225472582529884,0.0,0.4508851286680341,0.7127033051394823,0.7014656077408628,4.295238056159002e-17,4.364049106904032e-17
38.07,0.4327505450314614,0.0,0.4508361774367968,0.7123949139504591,0.7017788017441949,4.2971558163274664e-17,4.362160755491419e-17
38.08,0.43324659875052857,0.0,0.4507886113892646,0.7120951234822211,0.7020829973107454,4.2990184769619207e-17,4.360325068304707e-17
38.09,0.43374288024286106,0.0,0.4507424313682524,0.7118039499474978,0.7023782007146435,4.300826076480327e-17,4.35854214461823e-17
38.1,0.4342393827653357,0.0,0.4506976381920036,0.7115214090866392,0.7026644180626791,4.302578652275988e-17,4.356812080813836e-17
38.11,0.4347360995714496,0.0,0.4506542326541775,0.7112475161673216,0.7029416552928242,4.304276240708496e-17,4.355134970379079e-17
38.12,0.4352330239114229,0.0,0.45061221552383574,0.7109822859842658,0.703209918172794,4.3059188770949214e-17,4.353510903905496e-17
38.13,0.435730149032302,0.0,0.45057158754543036,0.7107257328589627,0.7034692122986552,4.30750659570129e-17,4.3519399690869274e-17
38.14,0.4362274681780623,0.0,0.4505323494387909,0.7104778706394117,0.7037195430934737,4.3090394297343027e-17,4.350422250717914e-17
38.15,0.43672497458971243,0.0,0.4504945018991131,0.7102387126998673,0.7039609158060093,4.310517411333343e-17,4.348957830692145e-17
38.16,0.4372226615053968,0.0,0.45045804559694724,0.7100082719405966,0.7041933355094522,4.311940571562744e-17,4.347546788000976e-17
38.17,0.4377205221605005,0.0,0.4504229811781869,0.7097865607876457,0.7044168071002038,4.3133089404043155e-17,4.3461891987319926e-17
38.18,0.43821854978774955,0.0,0.45038930926405935,0.709573591192618,0.7046313352967006,4.314622546750149e-17,4.3448851360676605e-17
38.19,0.4387167376173177,0.0,0.4503570304511144,0.709369374632459,0.7048369246382841,4.315881418395694e-17,4.3436346702840027e-17
38.2,0.4392150788769294,0.0,0.45032614531121457,0.7091739221092513,0.7050335794841133,4.317085582033102e-17,4.342437868749345e-17
38.21,0.4397135667919606,0.0,0.450296654391527,0.7089872441500227,0.7052213040121208,4.318235063244831e-17,4.341294795923141e-17
38.22,0.4402121945855457,0.0,0.4502685582145125,0.7088093508065568,0.7054001022180161,4.3193298864975457e-17,4.340205513354816e-17
38.23,0.4407109554786801,0.0,0.45024185727791893,0.7086402516552186,0.7055699779143302,4.320370075136266e-17,4.339170079682692e-17
38.24,0.44120984269032343,0.0,0.45021655205477185,0.7084799557967859,0.7057309347295074,4.3213556513788047e-17,4.338188550632961e-17
38.25,0.4417088494375021,0.0,0.450192642993367,0.7083284718562918,0.705882976107039,4.3222866363104644e-17,4.337260979018719e-17
38.26,0.44220796893541636,0.0,0.45017013051726307,0.7081858079828727,0.7060261053046452,4.323163049879029e-17,4.3363874147390354e-17
38.27,0.4427071943975414,0.0,0.45014901502527493,0.708051971849629,0.7061603253934988,4.323984910890009e-17,4.3355679047781e-17
38.28,0.4432065190357306,0.0,0.45012929689146697,0.7079269706534926,0.7062856392574954,4.3247522370021696e-17,4.33480249320441e-17
38.29,0.44370593606032244,0.0,0.4501109764651466,0.7078108111151018,0.7064020495925686,4.325465044723345e-17,4.334091221170006e-17
38.3,0.4442054386802413,0.0,0.45009405407085884,0.7077034994786869,0.7065095589060492,4.3261233494065073e-17,4.3334341269097726e-17
38.31,0.44470502010310314,0.0,0.4500785300083812,0.7076050415119632,0.7066081695160712,4.326727165246135e-17,4.3328312457407787e-17
38.32,0.4452046735353178,0.0,0.4500644045527187,0.7075154425060326,0.7066978835510214,4.327276505274836e-17,4.3322826100616803e-17
38.33,0.4457043921821946,0.0,0.4500516779540987,0.7074347072752933,0.7067787029490348,4.327771381360267e-17,4.331788249352164e-17
38.34,0.4462041692480455,0.0,0.45004035043796775,0.7073628401573582,0.7068506294575366,4.32821180420232e-17,4.331348190172448e-17
38.35,0.4467039979362883,0.0,0.45003042220498735,0.7072998450129808,0.7069136646328271,4.328597783330586e-17,4.33096245616283e-17
38.36,0.4472038714495519,0.0,0.450021893431031,0.7072457252259908,0.7069678098397142,4.328929327102103e-17,4.3306310680432905e-17
38.37,0.4477037829897794,0.0,0.45001476426718046,0.707200483703236,0.7070130662511896,4.329206442699375e-17,4.330354043613139e-17
38.38,0.4482037257583328,0.0,0.45000903483972465,0.7071641228745332,0.7070494348481526,4.329429136128676e-17,4.3301313977507134e-17
38.39,0.4487036929560954,0.0,0.45000470525015646,0.707136644692628,0.707076916419177,4.329597412218629e-17,4.329963142413131e-17
38.4,0.4492036777835779,0.0,0.4500017755751714,0.7071180506331616,0.7070955115603248,4.32971127461906e-17,4.329849286636087e-17
38.41,0.44970367344102097,0.0,0.4500002458666668,0.7071083416946451,0.7071052206750061,4.3297707258001456e-17,4.3297898365337e-17
38.42,0.45020367312849996,0.0,0.4500001161517401,0.707107518398444,0.7071060439738824,4.329775767051813e-17,4.329784795298413e-17
38.43,0.45070367004602785,0.0,0.45000138643268917,0.7071155807887685,0.7070979814748185,4.3297263984834544e-17,4.329834163200935e-17
38.44,0.4512036573936606,0.0,0.45000405668701193,0.707132528432673,0.7070810330028765,4.3296226190238835e-17,4.3299379375902386e-17
38.45,0.4517036283716007,0.0,0.45000812686740693,0.707158360420064,0.7070551981903583,4.329464426421599e-17,4.330096112893608e-17
38.46,0.4522035761803002,0.0,0.45001359690177345,0.707193075363714,0.7070204764768926,4.329251817245315e-17,4.3303086806167265e-17
38.47,0.4527034940205662,0.0,0.45002046669321377,0.7072366713992865,0.7069768671095665,4.328984786884772e-17,4.330575629343823e-17
38.48,0.45320337509366376,0.0,0.45002873612003397,0.7072891461853663,0.706924369143104,4.328663329551821e-17,4.330896944737866e-17
38.49,0.4537032126014212,0.0,0.450038405035746,0.7073504969034993,0.7068629814400897,4.328287438281804e-17,4.331272609540801e-17
38.5,0.4542029997463314,0.0,0.4500494732690703,0.7074207202582401,0.7067927026712378,4.327857104935192e-17,4.3317026035738445e-17
38.51,0.45470272973165854,0.0,0.45006194062393867,0.7074998124772077,0.7067135313157064,4.327372320199513e-17,4.332186903737825e-17
38.52,0.4552023957615418,0.0,0.4500758068794973,0.7075877693111496,0.7066254656614572,4.326833073591558e-17,4.332725484013576e-17
38.53,0.45570199104109654,0.0,0.45009107179011026,0.7076845860340133,0.7065285038056619,4.326239353459862e-17,4.3333183154623705e-17
38.54,0.45620150877652144,0.0,0.45010773508536384,0.7077902574430269,0.7064226436551518,4.325591146987465e-17,4.33396536622642e-17
38.55,0.4567009421752013,0.0,0.4501257964700708,0.707904777858788,0.7063078829269145,4.3248884401949465e-17,4.334666601529414e-17
38.56,0.4572002844458107,0.0,0.45014525562427515,0.7080281411253602,0.7061842191486348,4.3241312179437434e-17,4.335421983677114e-17
38.57,0.4576995287984164,0.0,0.45016611220325764,0.7081603406103778,0.7060516496592821,4.323319463939741e-17,4.3362314720579926e-17
38.58,0.4581986684445849,0.0,0.4501883658375412,0.7083013692051612,0.7059101716097409,4.32245316073714e-17,4.337095023143941e-17
38.59,0.45869769659748316,0.0,0.45021201613289713,0.7084512193248379,0.7057597819634882,4.3215322897425986e-17,4.3380125904910114e-17
38.6,0.4591966064719821,0.0,0.45023706267035113,0.7086098829084732,0.7056004774973157,4.320556831219658e-17,4.338984124740212e-17
38.61,0.4596953912847636,0.0,0.45026350500619094,0.7087773514192105,0.7054322548020958,4.3195267642934336e-17,4.3400095736183746e-17
38.62,0.46019404425442095,0.0,0.45029134267197296,0.7089536158444192,0.7052551102835936,4.3184420669555824e-17,4.341088881939051e-17
38.63,0.46069255860156433,0.0,0.45032057517453034,0.7091386666958517,0.7050690401633232,4.3173027160695515e-17,4.342221991603483e-17
38.64,0.46119092754892316,0.0,0.45035120199598055,0.7093324940098092,0.704874040479449,4.3161086873760955e-17,4.34340884160161e-17
38.65,0.4616891443214514,0.0,0.4503832225937345,0.7095350873473172,0.7046701070877315,4.314859955499065e-17,4.344649368013148e-17
38.66,0.46218720214642994,0.0,0.450416636400505,0.7097464357943093,0.7044572356625166,4.313556493951468e-17,4.345943504008717e-17
38.67,0.4626850942535707,0.0,0.45045144282431615,0.7099665279618201,0.7042354216977714,4.312198275141811e-17,4.347291179851014e-17
38.68,0.4631828138751193,0.0,0.45048764124851326,0.7101953519861884,0.704004660508163,4.3107852703807044e-17,4.3486923228960674e-17
38.69,0.46368035424596,0.0,0.45052523103177233,0.7104328955292688,0.7037649472301807,4.309317449887733e-17,4.350146857594525e-17
38.7,0.46417770860371843,0.0,0.4505642115081115,0.7106791457786538,0.7035162768233035,4.30779478279861e-17,4.3516547054930176e-17
38.71,0.4646748701888639,0.0,0.45060458198690123,0.7109340894479036,0.7032586440712124,4.30621723717259e-17,4.3532157852355664e-17
38.72,0.4651718322448149,0.0,0.45064634175287577,0.7111977127767887,0.7029920435830439,4.3045847800001565e-17,4.3548300125650644e-17
38.73,0.46566858801804084,0.0,0.45068949006614506,0.7114700015315399,0.7027164697946893,4.3028973772109694e-17,4.356497300324814e-17
38.74,0.4661651307581661,0.0,0.45073402616220687,0.7117509410051095,0.7024319169701367,4.301154993682087e-17,4.35821755846012e-17
38.75,0.4666614537180722,0.0,0.45077994925195897,0.7120405160174414,0.7021383792028576,4.2993575932464504e-17,4.3599906940199465e-17
38.76,0.46715755015400245,0.0,0.45082725852171235,0.712338710915754,0.701835850417234,4.297505138701631e-17,4.3618166111586494e-17
38.77,0.4676534133256641,0.0,0.4508759531332048,0.7126455095748305,0.7015243243700322,4.295597591818847e-17,4.3636952111377535e-17
38.78,0.4681490364963313,0.0,0.45092603222361394,0.7129608953973224,0.7012037946519173,4.293634913352242e-17,4.365626392327809e-17
38.79,0.4686444129329486,0.0,0.45097749490557193,0.7132848513140622,0.7008742546890107,4.291617063048419e-17,4.36761005021031e-17
38.8,0.4691395359062337,0.0,0.45103034026718014,0.7136173597843868,0.7005356977444911,4.2895439996562433e-17,4.369646077379672e-17
38.81,0.469634398690781,0.0,0.45108456737202357,0.7139584027964746,0.7001881169202366,4.2874156809369026e-17,4.371734363545297e-17
38.82,0.47012899456516216,0.0,0.4511401752591862,0.7143079618676887,0.6998315051585121,4.2852320636742315e-17,4.3738747955336733e-17
38.83,0.4706233168120314,0.0,0.4511971629432673,0.7146660180449373,0.6994658552436946,4.2829931036852826e-17,4.3760672572905857e-17
38.84,0.4711173587182282,0.0,0.45125552941439734,0.7150325519050428,0.6990911598040432,4.280698755831162e-17,4.378311629883372e-17
38.85,0.4716111135748768,0.0,0.4513152736382542,0.7154075435551203,0.6987074113135117,4.278348974028126e-17,4.380607791503244e-17
38.86,0.4721045746774921,0.0,0.45137639455608036,0.7157909726329732,0.6983146020935995,4.2759437112589214e-17,4.3829556174677066e-17
38.87,0.4725977353260816,0.0,0.4514388910847006,0.7161828183074981,0.6979127243152464,4.2734829195843784e-17,4.38535498022304e-17
38.88,0.4730905888252466,0.0,0.451502762116539,0.7165830592791008,0.6975017700007683,4.270966550155271e-17,4.3878057493468443e-17
38.89,0.47358312848428397,0.0,0.45156800651963785,0.7169916737801255,0.6970817310258347,4.2683945532244233e-17,4.39030779155067e-17
38.9,0.4740753476172914,0.0,0.45163462313767566,0.7174086395753001,0.6966525991214826,4.265766878159039e-17,4.392860970682742e-17
38.91,0.47456723954326696,0.0,0.4517026107899864,0.7178339339621891,0.6962143658761772,4.2630834734533236e-17,4.395465147730737e-17
38.92,0.47505879758621217,0.0,0.45177196827157884,0.7182675337716627,0.6957670227379086,4.2603442867413175e-17,4.398120180824651e-17
38.93,0.4755500150752334,0.0,0.45184269435315605,0.7187094153683783,0.6953105610163302,4.2575492648099955e-17,4.40082592523975e-17
38.94,0.4760408853446451,0.0,0.4519147877811358,0.719159554651276,0.6948449718849367,4.254698353612601e-17,4.403582233399606e-17
38.95,0.4765314017340706,0.0,0.45198824727767106,0.719617927054087,0.6943702463832813,4.251791498282222e-17,4.406388954879206e-17
38.96,0.4770215575885438,0.0,0.4520630715406708,0.7200845075458562,0.6938863754192337,4.248828643145616e-17,4.409245936408154e-17
38.97,0.4775113462586119,0.0,0.4521392592438216,0.7205592706314792,0.6933933497712756,4.245809731737269e-17,4.412153021873962e-17
38.98,0.4780007611004361,0.0,0.45221680903660905,0.7210421903522535,0.6928911600908361,4.2427347068136936e-17,4.4151100523254186e-17
38.99,0.47848979547589365,0.0,0.45229571954434034,0.7215332402864439,0.6923797969046647,4.23960351036796e-17,4.418116865976058e-17
39.0,0.4789784427526786,0.0,0.45237598936816603,0.7220323935498625,0.6918592506172455,4.2364160836444806e-17,4.4211732982077057e-17
39.01,0.479466696304404,0.0,0.45245761708510407,0.7225396227964648,0.6913295115132454,4.233172367153996e-17,4.4242791815741325e-17
39.02,0.4799545495107031,0.0,0.45254060124806206,0.7230549002189601,0.6907905697600031,4.229872300688821e-17,4.427434345804792e-17
39.03,0.48044199575732915,0.0,0.45262494038586143,0.7235781975494368,0.690242415410056,4.2265158233383144e-17,4.4306386178086444e-17
39.04,0.4809290284362585,0.0,0.4527106330032618,0.724109486060005,0.6896850384037015,4.223102873504562e-17,4.433891821678101e-17
39.05,0.4814156409457901,0.0,0.4527976775809851,0.7246487365634542,0.6891184285715987,4.219633388918311e-17,4.437193778693039e-17
39.06,0.4819018266906472,0.0,0.45288607257574043,0.7251959194139265,0.6885425756374037,4.216107306655104e-17,4.440544307324935e-17
39.07,0.48238757908207697,0.0,0.4529758164202498,0.7257510045076062,0.6879574692204456,4.2125245631516625e-17,4.443943223241081e-17
39.08,0.48287289153795265,0.0,0.45306690752327355,0.7263139612834284,0.6873630988384338,4.2088850942224686e-17,4.447390339308926e-17
39.09,0.4833577574828733,0.0,0.45315934426963606,0.7268847587238014,0.6867594539102034,4.205188835076574e-17,4.450885465600498e-17
39.1,0.48384217034826377,0.0,0.45325312502025283,0.7274633653553475,0.6861465237584988,4.201435720334645e-17,4.454428409396939e-17
39.11,0.4843261235724763,0.0,0.45334824811215724,0.7280497492496617,0.6855242976127869,4.197625684046185e-17,4.458018975193157e-17
39.12,0.48480961060088934,0.0,0.45344471185852736,0.7286438780240871,0.68489276461211,4.193758659707011e-17,4.461656964702564e-17
39.13,0.4852926248860097,0.0,0.4535425145487143,0.7292457188425108,0.6842519138079701,4.189834580276906e-17,4.4653421768619576e-17
39.14,0.4857751598875694,0.0,0.45364165444826954,0.7298552384161704,0.6836017341672526,4.1858533781975284e-17,4.469074407836457e-17
39.15,0.48625720907262826,0.0,0.4537421297989735,0.73047240300449,0.6829422145751761,4.181814985410471e-17,4.472853451024621e-17
39.16,0.4867387659156735,0.0,0.4538439388188651,0.7310971784159271,0.6822733438382816,4.1777193333755655e-17,4.476679097063633e-17
39.17,0.4872198238987182,0.0,0.4539470797022702,0.7317295300088398,0.6815951106874538,4.173566353089381e-17,4.480551133834614e-17
39.18,0.4877003765114001,0.0,0.4540515506198309,0.7323694226923723,0.6809075037809771,4.169355975103939e-17,4.4844693464680435e-17
39.19,0.48818041725108435,0.0,0.45415734971853683,0.7330168209273658,0.6802105117076169,4.1650881295455815e-17,4.488433517349335e-17
39.2,0.48865993962295984,0.0,0.4542644751217542,0.7336716887272815,0.6795041229897424,4.1607627461340875e-17,4.492443426124493e-17
39.21,0.48913893714013834,0.0,0.45437292492925707,0.7343339896591449,0.6787883260864781,4.1563797542019765e-17,4.4964988497058866e-17
39.22,0.48961740332375603,0.0,0.45448269721725876,0.7350036868445173,0.6780631093968811,4.15193908271396e-17,4.5005995622782084e-17
39.23,0.49009533170306996,0.0,0.45459379003844314,0.7356807429604785,0.6773284612631588,4.1474406602866475e-17,4.504745335304483e-17
39.24,0.4905727158155581,0.0,0.45470620142199647,0.7363651202406357,0.6765843699739109,4.142884415208393e-17,4.508935937532252e-17
39.25,0.4910495492070172,0.0,0.4548199293736396,0.7370567804761518,0.6758308237674054,4.1382702754593604e-17,4.5131711349998633e-17
39.26,0.4915258254316621,0.0,0.4549349718756609,0.7377556850167957,0.6750678108348809,4.133598168731739e-17,4.5174506910429085e-17
39.27,0.49200153805222413,0.0,0.45505132688694977,0.738461794772014,0.6742953193238819,4.128868022450172e-17,4.521774366300783e-17
39.28,0.4924766806400481,0.0,0.455168992343029,0.7391750702120229,0.6735133373416231,4.1240797637923514e-17,4.526141918723369e-17
39.29,0.4929512467751923,0.0,0.4552879661560893,0.7398954713689256,0.6727218529583793,4.119233319709778e-17,4.5305531035778843e-17
39.3,0.49342523004652505,0.0,0.455408246215024,0.7406229578378489,0.6719208542109076,4.114328616948717e-17,4.535007673455834e-17
39.31,0.4938986240518234,0.0,0.4555298303854624,0.7413574887781039,0.6711103291058955,4.109365582071309e-17,4.539505378280124e-17
39.32,0.4943714223978699,0.0,0.4556527165098058,0.7420990229143688,0.6702902656234381,4.104344141476863e-17,4.5440459653123e-17
39.33,0.49484361870055144,0.0,0.4557769024072626,0.7428475185378964,0.6694606517205396,4.099264221423299e-17,4.548629179159945e-17
39.34,0.49531520658495587,0.0,0.45590238587388404,0.7436029335077445,0.6686214753346448,4.0941257480487687e-17,4.553254761784207e-17
39.35,0.4957861796854688,0.0,0.4560291646825999,0.7443652252520275,0.6677727243871963,4.088928647393438e-17,4.55792245250747e-17
39.36,0.496256531645872,0.0,0.4561572365832557,0.7451343507691967,0.6669143867872156,4.0836728454214174e-17,4.562631988021189e-17
39.37,0.49672625611943955,0.0,0.4562865993026493,0.7459102666293409,0.666046450434912,4.078358268042856e-17,4.567383102393856e-17
39.38,0.497195346769035,0.0,0.456417250544568,0.7466929289755139,0.6651689032253149,4.072984841136187e-17,4.572175527079125e-17
39.39,0.49766379726720716,0.0,0.45654918798982635,0.7474822935250839,0.6642817330519335,4.067552490570534e-17,4.577008990924082e-17
39.4,0.4981316012962882,0.0,0.4566824092963044,0.748278315571113,0.6633849278104363,4.062061142228244e-17,4.581883220177683e-17
39.41,0.4985987525484886,0.0,0.4568169120989853,0.7490809499837567,0.6624784754023578,4.05651072202758e-17,4.5867979384993315e-17
39.42,0.4990652447259951,0.0,0.4569526940099953,0.7498901512116943,0.6615623637388256,4.050901155945549e-17,4.5917528669676306e-17
39.43,0.49953107154106363,0.0,0.4570897526186418,0.7507058732835762,0.6606365807443175,4.045232370040902e-17,4.5967477240892506e-17
39.44,0.4999962267161184,0.0,0.4572280854914533,0.7515280698095104,0.6597011143604289,4.039504290477206e-17,4.6017822258080277e-17
39.45,0.5004607039838471,0.0,0.45736769017221957,0.7523566939825661,0.6587559525496702,4.0337168435460965e-17,4.6068560855141716e-17
39.46,0.5009244970872941,0.0,0.4575085641820313,0.7531916985803028,0.6578010832992891,4.0278699556906793e-17,4.611969014053629e-17
39.47,0.5013875997799585,0.0,0.45765070501932115,0.7540330359663345,0.6568364946251026,4.021963553528998e-17,4.617120719737663e-17
39.48,0.5018500058258889,0.0,0.4577941101599053,0.7548806580919156,0.6558621745753572,4.015997563877669e-17,4.62231090835256e-17
39.49,0.5023117089997776,0.0,0.4579387770570234,0.7557345164975536,0.6548781112346089,4.009971913775641e-17,4.627539283169508e-17
39.5,0.5027727030870549,0.0,0.4580847031413815,0.7565945623146497,0.6538842927276229,4.003886530508072e-17,4.6328055449546424e-17
39.51,0.5032329818839865,0.0,0.4582318858211941,0.757460746267174,0.6528807072232844,3.9977413416302773e-17,4.6381093919793005e-17
39.52,0.503692539197766,0.0,0.4583803224822262,0.7583330186733592,0.6518673429385389,3.991536274991858e-17,4.643450520030397e-17
39.53,0.5041513688466086,0.0,0.458530010487836,0.7592113294474266,0.6508441881423472,3.985271258760916e-17,4.6488286224209886e-17
39.54,0.5046094646598478,0.0,0.4586809471790191,0.7600956281013466,0.6498112311596494,3.9789462214483277e-17,4.6542433900010554e-17
39.55,0.5050668204780279,0.0,0.45883312987445113,0.7609858637466178,0.6487684603753592,3.9725610919322e-17,4.6596945111683966e-17
39.56,0.5055234301529977,0.0,0.4589865558705322,0.7618819850960834,0.6477158642383645,3.9661157994823734e-17,4.66518167187975e-17
39.57,0.5059792875480046,0.0,0.45914122244143113,0.7627839404657724,0.6466534312655496,3.959610273785042e-17,4.670704555662067e-17
39.58,0.5064343865377882,0.0,0.45929712683912993,0.7636916777767745,0.645581150045829,3.953044444967458e-17,4.676262843623994e-17
39.59,0.5068887210086738,0.0,0.45945426629346936,0.7646051445571418,0.6444990092441977,3.9464182436227353e-17,4.681856214467515e-17
39.6,0.5073422848586645,0.0,0.4596126380121938,0.7655242879438202,0.6434069976057978,3.939731600834745e-17,4.687484344499781e-17
39.61,0.5077950719975359,0.0,0.45977223918099747,0.7664490546846155,0.6423051039599944,3.9329844482030755e-17,4.6931469076451455e-17
39.62,0.5082470763469271,0.0,0.45993306696357017,0.7673793911401857,0.6411933172244685,3.926176717868094e-17,4.698843575457366e-17
39.63,0.5086982918404349,0.0,0.4600951185016444,0.7683152432860659,0.6400716264093209,3.919308342536077e-17,4.704574017132003e-17
39.64,0.5091487124237043,0.0,0.4602583909150414,0.7692565567147239,0.6389400206211899,3.91237925550442e-17,4.7103378995190054e-17
39.65,0.5095983320545228,0.0,0.4604228813017193,0.7702032766376486,0.6377984890673775,3.90538939068691e-17,4.716134887135499e-17
39.66,0.5100471447029109,0.0,0.4605885867378199,0.7711553478874681,0.6366470210599889,3.898338682639065e-17,4.721964642178757e-17
39.67,0.5104951443512148,0.0,0.4607555042777172,0.7721127149201003,0.6354856060200829,3.8912270665835525e-17,4.727826824539368e-17
39.68,0.5109423249941971,0.0,0.4609236309540652,0.7730753218169341,0.6343142334818318,3.884054478435661e-17,4.7337210918145913e-17
39.69,0.5113886806391295,0.0,0.4610929637778472,0.7740431122870467,0.6331328930966882,3.8768208548288126e-17,4.739647099321935e-17
39.7,0.5118342053058828,0.0,0.46126349973842423,0.7750160296694492,0.6319415746375637,3.869526133140153e-17,4.745604500112905e-17
39.71,0.5122788930270187,0.0,0.46143523580358453,0.7759940169353645,0.6307402680030166,3.86217025151619e-17,4.7515929449869555e-17
39.72,0.5127227378478802,0.0,0.4616081689195939,0.7769770166905432,0.6295289632214418,3.854753148898453e-17,4.757612082505667e-17
39.73,0.5131657338266827,0.0,0.46178229601124465,0.7779649711776058,0.6283076504552743,3.847274765049228e-17,4.763661559007089e-17
39.74,0.513607875034605,0.0,0.4619576139819074,0.7789578222784245,0.6270763200051924,3.839735040577301e-17,4.7697410186203266e-17
39.75,0.5140491555558765,0.0,0.46213411971358026,0.7799555115165293,0.6258349623143382,3.8321339169637935e-17,4.775850103280271e-17
39.76,0.5144895694878711,0.0,0.4623118100669417,0.7809579800595594,0.6245835679725275,3.8244713365879456e-17,4.78198845274261e-17
39.77,0.5149291109411956,0.0,0.46249068188140086,0.7819651687217412,0.6233221277204739,3.81674724275298e-17,4.788155704599002e-17
39.78,0.5153677740397775,0.0,0.4626707319751495,0.7829770179663956,0.6220506324540235,3.8089615797120323e-17,4.79435149429243e-17
39.79,0.5158055529209571,0.0,0.4628519571452146,0.7839934679084917,0.620769073228376,3.801114292693998e-17,4.8005754551328374e-17
39.8,0.5162424417355753,0.0,0.4630343541675108,0.7850144583172254,0.6194774412623216,3.7932053279294735e-17,4.806827218312917e-17
39.81,0.516678434648063,0.0,0.4632179197968935,0.7860399286186346,0.6181757279424773,3.785234632676699e-17,4.813106412924124e-17
39.82,0.5171135258365283,0.0,0.4634026507672107,0.787069817898246,0.6168639248275278,3.7772021552475274e-17,4.819412665972886e-17
39.83,0.517547709492848,0.0,0.46358854379135883,0.7881040649037669,0.6155420236524547,3.769107845033315e-17,4.8257456023970806e-17
39.84,0.5179809798227539,0.0,0.463775595561335,0.7891426080477993,0.6142100163327828,3.7609516525309304e-17,4.832104845082659e-17
39.85,0.5184133310459199,0.0,0.46396380274829163,0.7901853854105922,0.612867894968821,3.752733529368714e-17,4.8384900148804973e-17
39.86,0.5188447573960531,0.0,0.4641531620025914,0.7912323347428384,0.6115156518498909,3.744453428332381e-17,4.8449007306235205e-17
39.87,0.5192752531209784,0.0,0.46434366995386184,0.7922833934684922,0.6101532794585721,3.736111303391004e-17,4.85133660914396e-17
39.88,0.5197048124827279,0.0,0.46453532321105095,0.7933384986876324,0.6087807704749333,3.727707109722933e-17,4.8577972652908786e-17
39.89,0.5201334297576264,0.0,0.4647281183624826,0.7943975871793559,0.6073981177807662,3.719240803741712e-17,4.864282311947894e-17
39.9,0.5205610992363802,0.0,0.4649220519759123,0.7954605954047105,0.6060053144638119,3.710712343121962e-17,4.870791360051132e-17
39.91,0.5209878152241624,0.0,0.4651171205985839,0.7965274595096594,0.6046023538219876,3.702121686825263e-17,4.877324018607387e-17
39.92,0.5214135720407005,0.0,0.4653133207572864,0.7975981153280853,0.6031892293676059,3.693468795125986e-17,4.883879894712506e-17
39.93,0.5218383640203615,0.0,0.4655106489584099,0.7986724983848253,0.6017659348315931,3.684753629637126e-17,4.89045859356998e-17
39.94,0.5222621855122394,0.0,0.46570910168800417,0.7997505438987484,0.6003324641676944,3.67597615333605e-17,4.897059718509785e-17
39.95,0.5226850308802399,0.0,0.46590867541183567,0.8008321867858638,0.5988888115566791,3.667136330590247e-17,4.903682871007417e-17
39.96,0.523106894503166,0.0,0.46610936657544544,0.8019173616624651,0.5974349714105387,3.658234127183033e-17,4.910327650703141e-17
39.97,0.5235277707748047,0.0,0.46631117160420765,0.8030060028483159,0.5959709383766715,3.649269510339176e-17,4.9169936554215024e-17
39.98,0.5239476541040103,0.0,0.46651408690338836,0.8040980443698662,0.594496707342065,3.640242448750503e-17,4.923680481191015e-17
39.99,0.5243665389147909,0.0,0.46671810885820414,0.805193419963507,0.5930122734374655,3.631152912601436e-17,4.930387722264097e-17
40.0,0.5247844196463914,0.0,0.46692323383388146,0.8062920630788608,0.5915176320415431,3.6220008735944876e-17,4.9371149711372137e-17
40.01,0.5252012907533795,0.0,0.4671294581757169,0.8073939068821107,0.5900127787850376,3.6127863049756583e-17,4.943861818571265e-17
40.02,0.5256171467057292,0.0,0.4673367782091361,0.8084988842593627,0.5884977095549019,3.6035091815597965e-17,4.9506278536121745e-17
40.03,0.5260319819889041,0.0,0.467545190239755,0.8096069278200453,0.5869724204984319,3.594169479755894e-17,4.9574126636117036e-17
40.04,0.5264457911039422,0.0,0.4677546905534398,0.8107179699003481,0.5854369080273795,3.584767177592268e-17,4.964215834248507e-17
40.05,0.5268585685675385,0.0,0.46796527541636823,0.8118319425666926,0.5838911688220593,3.5753022547417085e-17,4.97103694954939e-17
40.06,0.5272703089121294,0.0,0.4681769410750913,0.8129487776192453,0.582335199835434,3.5657746925464925e-17,4.9778755919108115e-17
40.07,0.527681006685973,0.0,0.46838968375659323,0.8140684065954574,0.5807689982972,3.5561844740434027e-17,4.984731342120565e-17
40.08,0.5280906564532347,0.0,0.4686034996683553,0.8151907607736536,0.5791925617178382,3.5465315839885315e-17,4.991603779379753e-17
40.09,0.5284992527940687,0.0,0.46881838499841744,0.8163157711766509,0.5776058878926614,3.5368160088820636e-17,4.9984924813249434e-17
40.1,0.5289067903046987,0.0,0.4690343359154397,0.817443368575407,0.5760089749058527,3.527037736993003e-17,5.0053970240505116e-17
40.11,0.5293132635975017,0.0,0.4692513485687668,0.8185734834927206,0.5744018211344674,3.51719675838368e-17,5.012316982131296e-17
40.12,0.5297186673010897,0.0,0.46946941908849044,0.8197060462069569,0.5727844252524316,3.5072930649342335e-17,5.019251928645411e-17
40.13,0.5301229960603897,0.0,0.469688543585513,0.8208409867558111,0.571156786234521,3.497326650366976e-17,5.026201435197295e-17
40.14,0.5305262445367248,0.0,0.4699087181516105,0.8219782349401075,0.5695189033603234,3.487297510270654e-17,5.0331650719409685e-17
40.15,0.5309284074078974,0.0,0.4701299388594987,0.8231177203276439,0.5678707762181663,3.4772056421245015e-17,5.040142407603577e-17
40.16,0.5313294793682674,0.0,0.47035220176289566,0.8242593722570583,0.5662124047090459,3.467051045322294e-17,5.0471330095090654e-17
40.17,0.5317294551288338,0.0,0.4705755028965874,0.8254031198417419,0.5645437890505209,3.456833721196195e-17,5.0541364436021416e-17
40.18,0.5321283294173142,0.0,0.4707998382764928,0.8265488919737829,0.5628649297805929,3.446553673040514e-17,5.0611522744724234e-17
40.19,0.5325260969782253,0.0,0.4710252038997291,0.8276966173279509,0.5611758277615562,3.4362109061352807e-17,5.0681800653788333e-17
40.2,0.5329227525729621,0.0,0.4712515957446774,0.8288462243657126,0.559476484183833,3.425805427769729e-17,5.075219378274195e-17
40.21,0.5333182909798766,0.0,0.47147900977104873,0.8299976413392852,0.557766900569784,3.4153372472656294e-17,5.082269773830043e-17
40.22,0.5337127069943581,0.0,0.47170744191995057,0.8311507962957267,0.5560470787774894,3.4048063760004424e-17,5.089330811461678e-17
40.23,0.5341059954289116,0.0,0.4719368881139532,0.8323056170810602,0.554317021004511,3.3942128274303527e-17,5.096402049353415e-17
40.24,0.5344981511132354,0.0,0.47216734425715684,0.8334620313444345,0.5525767297916271,3.38355661711314e-17,5.1034830444840636e-17
40.25,0.5348891688943003,0.0,0.47239880623525865,0.8346199665423175,0.5508262080265434,3.372837762730902e-17,5.110573352652601e-17
40.26,0.5352790436364272,0.0,0.47263126991562043,0.8357793499427303,0.5490654589475713,3.3620562841125786e-17,5.1176725285041014e-17
40.27,0.5356677702213652,0.0,0.4728647311473365,0.8369401086295115,0.5472944861472857,3.351212203256344e-17,5.124780125555847e-17
40.28,0.5360553435483681,0.0,0.4730991857613017,0.8381021695066163,0.5455132935761539,3.340305544351836e-17,5.131895696223651e-17
40.29,0.5364417585342727,0.0,0.47333462957028005,0.8392654593024548,0.5437218855461307,3.329336333802162e-17,5.1390187918484225e-17
40.3,0.5368270101135744,0.0,0.47357105836897306,0.8404299045742606,0.5419202667342302,3.3183046002457744e-17,5.146148962722919e-17
40.31,0.5372110932385051,0.0,0.4738084679340895,0.8415954317124957,0.5401084421860649,3.3072103745781385e-17,5.153285758118714e-17
40.32,0.5375940028791083,0.0,0.4740468540244136,0.8427619669452875,0.538286417319358,3.296053689973241e-17,5.160428726313369e-17
40.33,0.537975734023316,0.0,0.4742862123808761,0.8439294363429043,0.5364541979274166,3.284834581904857e-17,5.167577414617839e-17
40.34,0.5383562816770242,0.0,0.47452653872662304,0.8450977658222601,0.5346117901825812,3.273553088167672e-17,5.174731369404052e-17
40.35,0.5387356408641677,0.0,0.4747678287670863,0.8462668811514542,0.5327592006396422,3.2622092488982016e-17,5.18189013613271e-17
40.36,0.5391138066267963,0.0,0.4750100781900545,0.8474367079543461,0.5308964362392162,3.250803106595465e-17,5.1890532593813015e-17
40.37,0.5394907740251489,0.0,0.47525328266574296,0.8486071717151613,0.5290235043110983,3.239334706141513e-17,5.196220282872303e-17
40.38,0.5398665381377291,0.0,0.4754974378468664,0.8497781977831336,0.5271404125775689,3.227804094821675e-17,5.203390749501605e-17
40.39,0.5402410940613775,0.0,0.4757425393687078,0.85094971137717,0.5252471691566848,3.216211322344712e-17,5.2105642013670764e-17
40.4,0.5406144369113479,0.0,0.4759885828491923,0.8521216375905643,0.5233437825655093,3.204556440862597e-17,5.217740179797427e-17
40.41,0.5409865618213802,0.0,0.47623556388895866,0.8532939013957304,0.5214302617233234,3.1928395049901734e-17,5.224918225381192e-17
40.42,0.5413574639437736,0.0,0.4764834780714309,0.8544664276489705,0.5195066159547986,3.1810605718245875e-17,5.232097877995926e-17
40.43,0.5417271384494591,0.0,0.4767323209628904,0.8556391410952734,0.5175728549931332,3.169219700964489e-17,5.2392786768375856e-17
40.44,0.5420955805280745,0.0,0.47698208811255055,0.8568119663731535,0.5156289889831351,3.1573169545289114e-17,5.24646016045016e-17
40.45,0.5424627853880349,0.0,0.47723277505262857,0.8579848280195083,0.5136750284842887,3.1453523971760484e-17,5.2536418667554153e-17
40.46,0.5428287482566051,0.0,0.477484377298418,0.85915765047451,0.5117109844737748,3.133326096121747e-17,5.2608233330828457e-17
40.47,0.5431934643799732,0.0,0.4777368903483645,0.8603303580865378,0.5097368683494354,3.1212381211576597e-17,5.2680040961998734e-17
40.48,0.5435569290233203,0.0,0.47799030968413836,0.861502875117125,0.5077526919327237,3.109088544669311e-17,5.2751836923421456e-17
40.49,0.5439191374708934,0.0,0.47824463077070906,0.8626751257459466,0.5057584674715938,3.096877441653791e-17,5.28236165724407e-17
40.5,0.5442800850260747,0.0,0.4784998490564192,0.8638470340758311,0.5037542076433604,3.084604889737262e-17,5.2895375261695054e-17
40.51,0.5446397670114547,0.0,0.47875595997306025,0.8650185241378056,0.5017399255575071,3.0722709691921617e-17,5.2967108339426554e-17
40.52,0.5449981787689003,0.0,0.47901295893594725,0.8661895198961662,0.4997156347584584,3.05987576295417e-17,5.303881114979113e-17
40.53,0.5453553156596265,0.0,0.4792708413439934,0.8673599452535774,0.4976813492283102,3.047419356638931e-17,5.3110479033170856e-17
40.54,0.5457111730642656,0.0,0.4795296025797865,0.868529724056202,0.4956370833895074,3.0349018385584504e-17,5.318210732648808e-17
40.55,0.546065746382937,0.0,0.47978923800966444,0.8696987800988564,0.4935828521074867,3.022323299737275e-17,5.325369136352111e-17
40.56,0.5464190310353163,0.0,0.48004974298379166,0.8708670371301936,0.4915186706932688,3.009683833928368e-17,5.3325226475221544e-17
40.57,0.5467710224607036,0.0,0.4803111128362345,0.8720344188579126,0.48944455490601046,2.996983537628733e-17,5.339670799003324e-17
40.58,0.5471217161180937,0.0,0.48057334288503906,0.8732008489539974,0.4873605209555019,2.98422251009471e-17,5.346813123421322e-17
40.59,0.5474711074862426,0.0,0.4808364284323079,0.8743662510599788,0.4852665855046256,2.9714008533570254e-17,5.35394915321537e-17
40.6,0.5478191920637366,0.0,0.48110036476427614,0.8755305487922214,0.4831627656717678,2.9585186722355656e-17,5.361078420670597e-17
40.61,0.5481659653690596,0.0,0.48136514715139034,0.8766936657472407,0.4810490790331745,2.945576074353796e-17,5.36820045795059e-17
40.62,0.5485114229406606,0.0,0.4816307708483851,0.8778555255070399,0.47892554362526835,2.932573170152955e-17,5.3753147971300706e-17
40.63,0.5488555603370204,0.0,0.4818972310943623,0.8790160516444743,0.47679217794691114,2.9195100729059e-17,5.3824209702277496e-17
40.64,0.5491983731367187,0.0,0.4821645231128673,0.8801751677286361,0.47464900096162344,2.906386898730706e-17,5.389518509239295e-17
40.65,0.5495398569385004,0.0,0.48243264211196935,0.8813327973302695,0.4724960320997438,2.8932037666038814e-17,5.3966069461704877e-17
40.66,0.5498800073613412,0.0,0.48270158328433943,0.8824888640272006,0.47033329126054957,2.879960798373359e-17,5.403685813070475e-17
40.67,0.5502188200445152,0.0,0.4829713418073298,0.8836432914097988,0.4681607988143149,2.866658118771094e-17,5.41075464206521e-17
40.68,0.5505562906476569,0.0,0.48324191284305174,0.8847960030864476,0.46597857560433725,2.8532958554254725e-17,5.417812965390948e-17
40.69,0.5508924148508296,0.0,0.48351329153845707,0.885946922689053,0.4637866429488858,2.8398741388732464e-17,5.4248603154279816e-17
40.7,0.5512271883545894,0.0,0.4837854730254171,0.8870959738785635,0.46158502264311285,2.8263931025712334e-17,5.4318962247344347e-17
40.71,0.551560606880048,0.0,0.4840584524208012,0.8882430803505063,0.45937373696092393,2.8128528829077686e-17,5.4389202260801636e-17
40.72,0.5518926661689388,0.0,0.4843322248265596,0.889388165840557,0.45715280865676616,2.799253619213655e-17,5.445931852480867e-17
40.73,0.5522233619836804,0.0,0.4846067853298023,0.8905311541301196,0.4549222609673844,2.785595453772921e-17,5.4529306372322464e-17
40.74,0.5525526901074393,0.0,0.48488212900287997,0.8916719690519267,0.45268211761351906,2.771878531833209e-17,5.459916113944299e-17
40.75,0.552880646344193,0.0,0.4851582509034647,0.892810534495656,0.4504324028015537,2.7581030016158702e-17,5.4668878165757135e-17
40.76,0.5532072265187943,0.0,0.4854351460746321,0.8939467744135766,0.4481731412250871,2.744269014325588e-17,5.473845279468438e-17
40.77,0.5535324264770326,0.0,0.48571280954494245,0.8950806128261987,0.44590435806647677,2.73037672415983e-17,5.480788037382278e-17
40.78,0.5538562420856956,0.0,0.48599123632852126,0.8962119738279429,0.4436260789983187,2.716426288317909e-17,5.487715625529609e-17
40.79,0.5541786692326328,0.0,0.4862704214251432,0.8973407815928387,0.44133833018485197,2.7024178670095834e-17,5.49462757961027e-17
40.8,0.5544997038268158,0.0,0.48655035982031286,0.8984669603802203,0.4390411382833362,2.6883516234634907e-17,5.5015234358464434e-17
40.81,0.5548193417984,0.0,0.4868310464853474,0.8995904345404517,0.43673453044535104,2.6742277239351073e-17,5.508402731017704e-17
40.82,0.5551375790987846,0.0,0.4871124763774594,0.9007111285206576,0.43441853431805083,2.6600463377144277e-17,5.515265002496118e-17
40.83,0.5554544117006744,0.0,0.48739464443984004,0.901828966870476,0.43209317804534925,2.6458076371332216e-17,5.522109788281464e-17
40.84,0.5557698355981393,0.0,0.4876775456017418,0.9029438742478193,0.42975849026905605,2.631511797571992e-17,5.528936627036511e-17
40.85,0.5560838468066739,0.0,0.4879611747785615,0.9040557754246475,0.427414500129955,2.617158997466577e-17,5.535745058122365e-17
40.86,0.5563964413632574,0.0,0.4882455268719249,0.9051645952927596,0.42506123726881373,2.602749418314332e-17,5.5425346216339374e-17
40.87,0.5567076153264126,0.0,0.4885305967697696,0.9062702588695906,0.42269873182734446,2.588283244680014e-17,5.549304858435436e-17
40.88,0.5570173647762651,0.0,0.4888163793464297,0.9073726913040234,0.4203270144490994,2.5737606642012646e-17,5.556055310195959e-17
40.89,0.557325685814601,0.0,0.48910286946271925,0.9084718178822077,0.4179461162803129,2.5591818675937636e-17,5.562785519425114e-17
40.9,0.5576325745649257,0.0,0.48939006196601786,0.9095675640333942,0.4155560689706712,2.544547048655946e-17,5.569495029508758e-17
40.91,0.5579380271725216,0.0,0.4896779516903544,0.9106598553357728,0.41315690467403476,2.5298564042734242e-17,5.576183384744729e-17
40.92,0.5582420398045054,0.0,0.4899665334564928,0.911748617522322,0.4107486560490912,2.5151101344229834e-17,5.58285013037868e-17
40.93,0.5585446086498851,0.0,0.4902558020720162,0.9128337764866645,0.408331356259955,2.500308442176257e-17,5.589494812639921e-17
40.94,0.558845729919617,0.0,0.49054575233141334,0.9139152582889337,0.405905038976694,2.4854515337029497e-17,5.596116978777347e-17
40.95,0.5591453998466622,0.0,0.4908363790161638,0.9149929891616435,0.40346973837580496,2.4705396182737478e-17,5.602716177095378e-17
40.96,0.5594436146860422,0.0,0.4911276768948234,0.916066895515563,0.4010254891406264,2.455572908262849e-17,5.609291956989935e-17
40.97,0.5597403707148952,0.0,0.4914196407231107,0.9171369039456019,0.39857232646167984,2.4405516191500505e-17,5.615843868984474e-17
40.98,0.560035664232531,0.0,0.491712265243993,0.9182029412366951,0.39611028603696,2.425475969522528e-17,5.62237146476602e-17
40.99,0.5603294915604868,0.0,0.4920055451877735,0.9192649343696964,0.39363940407215064,2.4103461810761545e-17,5.628874297221252e-17
41.0,0.5606218490425802,0.0,0.49229947527217655,0.920322810527266,0.39115971728079824,2.395162478616566e-17,5.635351920472562e-17
41.01,0.5609127330449651,0.0,0.4925940502024355,0.9213764970997748,0.3886712628843929,2.3799250900596562e-17,5.641803889914199e-17
41.02,0.5612021399561862,0.0,0.4928892646713806,0.9224259216912005,0.386174078612404,2.3646342464317947e-17,5.64822976224838e-17
41.03,0.5614900661872297,0.0,0.49318511335952375,0.9234710121250232,0.38366820270226354,2.3492901818697246e-17,5.654629095521381e-17
41.04,0.5617765081715796,0.0,0.49348159093514865,0.9245116964501319,0.3811536738992546,2.3338931336198808e-17,5.661001449159717e-17
41.05,0.5620614623652698,0.0,0.4937786920543973,0.9255479029467222,0.37863053145635917,2.3184433420374574e-17,5.667346384006242e-17
41.06,0.5623449252469356,0.0,0.494076411361358,0.9265795601321957,0.3760988151340374,2.3029410505850553e-17,5.67366346235628e-17
41.07,0.5626268933178661,0.0,0.49437474348815263,0.9276065967670544,0.37355856519994735,2.2873865058309667e-17,5.679952247993714e-17
41.08,0.5629073631020578,0.0,0.4946736830550271,0.928628941860804,0.37100982242857605,2.271779957446918e-17,5.686212306227136e-17
41.09,0.5631863311462644,0.0,0.49497322467043814,0.9296465246778398,0.3684526281008381,2.2561216582056077e-17,5.692443203925887e-17
41.1,0.5634637940200471,0.0,0.49527336293114144,0.9306592747433349,0.36588702400359846,2.2404118639777882e-17,5.698644509556111e-17
41.11,0.5637397483158282,0.0,0.4955740924222829,0.9316671218491306,0.3633130524291099,2.2246508337288196e-17,5.704815793216825e-17
41.12,0.5640141906489391,0.0,0.4958754077174855,0.9326699960596093,0.36073075617441913,2.2088388295150336e-17,5.710956626675876e-17
41.13,0.5642871176576713,0.0,0.4961773033789398,0.9336678277175708,0.3581401785406832,2.1929761164795463e-17,5.717066583405927e-17
41.14,0.5645585260033253,0.0,0.49647977395749254,0.9346605474500961,0.3555413633324352,2.1770629628477644e-17,5.723145238620365e-17
41.15,0.5648284123702613,0.0,0.4967828139927374,0.9356480861744091,0.3529343548567715,2.1610996399224066e-17,5.729192169309184e-17
41.16,0.5650967734659464,0.0,0.49708641801310355,0.936630375103726,0.35031919792248545,2.1450864220781995e-17,5.735206954274815e-17
41.17,0.5653636060210053,0.0,0.4973905805359472,0.9376073457530975,0.34769593783912917,2.129023586756133e-17,5.741189174167882e-17
41.18,0.565628906789266,0.0,0.49769529606764024,0.9385789299452395,0.34506462041601604,2.1129114144573523e-17,5.747138411522927e-17
41.19,0.5658926725478097,0.0,0.49800055910366164,0.9395450598163577,0.34242529196114707,2.0967501887365834e-17,5.753054250794055e-17
41.2,0.5661549000970174,0.0,0.49830636412868823,0.9405056678219567,0.33977799928008184,2.0805401961952195e-17,5.758936278390515e-17
41.21,0.5664155862606169,0.0,0.49861270561668414,0.9414606867426374,0.33712278967474396,2.064281726474008e-17,5.7647840827122e-17
41.22,0.56667472788573,0.0,0.4989195780309934,0.942410049689886,0.33445971094215027,2.0479750722452666e-17,5.770597254185085e-17
41.23,0.5669323218429188,0.0,0.4992269758244301,0.9433536901118444,0.3317888113730873,2.0316205292047815e-17,5.776375385296573e-17
41.24,0.5671883650262312,0.0,0.49953489343937,0.9442915417990705,0.3291101397507138,2.0152183960632486e-17,5.782118070630754e-17
41.25,0.5674428543532468,0.0,0.49984332530784154,0.9452235388902784,0.32642374534910645,1.9987689745373698e-17,5.787824906903566e-17
41.26,0.5676957867651229,0.0,0.5001522658516183,0.9461496158780704,0.3237296779317271,1.9822725693404656e-17,5.793495492997884e-17
41.27,0.5679471592266382,0.0,0.5004617094823101,0.9470697076146462,0.3210279877498357,1.96572948817276e-17,5.799129429998481e-17
41.28,0.5681969687262378,0.0,0.5007716506014555,0.9479837493174955,0.3183187255408389,1.949140041711266e-17,5.804726321226889e-17
41.29,0.5684452122760777,0.0,0.5010820836006135,0.9488916765750773,0.31560194252656126,1.9325045435992008e-17,5.81028577227617e-17
41.3,0.568691886912068,0.0,0.5013930028614563,0.9497934253524748,0.3128776904114656,1.9158233104350894e-17,5.815807391045544e-17
41.31,0.568936989693917,0.0,0.5017044027558619,0.9506889319970357,0.31014602138079345,1.8990966617613764e-17,5.821290787774928e-17
41.32,0.5691805177051733,0.0,0.502016277646006,0.9515781332439845,0.30740698809866623,1.8823249200528004e-17,5.826735575079296e-17
41.33,0.5694224680532689,0.0,0.5023286218844552,0.9524609662220248,0.3046606437060863,1.865508410704154e-17,5.83214136798299e-17
41.34,0.5696628378695623,0.0,0.5026414298142611,0.9533373684589123,0.3019070418188954,1.8486474620177818e-17,5.837507783953839e-17
41.35,0.5699016243093782,0.0,0.502954695769051,0.9542072778870021,0.29914623652567923,1.8317424051907505e-17,5.842834442937131e-17
41.36,0.5701388245520516,0.0,0.5032684140731238,0.9550706328487836,0.2963782823855756,1.8147935743014277e-17,5.848120967389499e-17
41.37,0.5703744358009671,0.0,0.503582579041542,0.9559273721023824,0.2936032344260418,1.7978013062958104e-17,5.853366982312617e-17
41.38,0.5706084552836008,0.0,0.5038971849802258,0.9567774348270394,0.29082114814055476,1.7807659409734432e-17,5.858572115286746e-17
41.39,0.5708408802515591,0.0,0.5042122261860458,0.957620760628562,0.28803207948625154,1.7636878209729698e-17,5.863735996504111e-17
41.4,0.5710717079806209,0.0,0.5045276969469192,0.9584572895447583,0.2852360848814807,1.7465672917571407e-17,5.868858258802181e-17
41.41,0.5713009357707755,0.0,0.5048435915419015,0.9592869620508311,0.282433221203327,1.729404701597654e-17,5.873938537696694e-17
41.42,0.5715285609462621,0.0,0.5051599042412827,0.9601097190647527,0.27962354578504584,1.712200401559449e-17,5.87897647141457e-17
41.43,0.5717545808556096,0.0,0.5054766293066794,0.9609255019526073,0.27680711641345096,1.6949547454847076e-17,5.883971700926621e-17
41.44,0.5719789928716738,0.0,0.5057937609911318,0.9617342525339061,0.2739839913262248,1.677668089976387e-17,5.888923869980102e-17
41.45,0.5722017943916762,0.0,0.5061112935391971,0.962535913086871,0.2711542292091779,1.6603407943814376e-17,5.893832625131058e-17
41.46,0.5724229828372415,0.0,0.5064292211870439,0.9633304263536855,0.26831788919344635,1.6429732207736413e-17,5.89869761577648e-17
41.47,0.5726425556544352,0.0,0.5067475381625478,0.9641177355457178,0.26547503085261587,1.6255657339360042e-17,5.903518494186288e-17
41.48,0.5728605103138,0.0,0.5070662386853869,0.9648977843487084,0.26262571419979674,1.6081187013428433e-17,5.908294915535094e-17
41.49,0.5730768443103929,0.0,0.5073853169671363,0.9656705169279256,0.2597699996846303,1.5906324931414573e-17,5.913026537933771e-17
41.5,0.5732915551638205,0.0,0.5077047672113632,0.9664358779332853,0.2569079481902419,1.573107482133469e-17,5.917713022460801e-17
41.51,0.573504640418276,0.0,0.5080245836137234,0.9671938125044396,0.25403962103011984,1.5555440437557144e-17,5.922354033193436e-17
41.52,0.5737160976425735,0.0,0.5083447603620563,0.9679442662758267,0.2511650799449468,1.5379425560608407e-17,5.926949237238622e-17
41.53,0.5739259244301833,0.0,0.508665291636481,0.9686871853816846,0.24828438709936995,1.5203033996975292e-17,5.931498304763694e-17
41.54,0.574134118399267,0.0,0.5089861716094918,0.9694225164610311,0.24539760507870087,1.5026269578902863e-17,5.93600090902687e-17
41.55,0.5743406771927109,0.0,0.5093073944460542,0.9701502066626019,0.2425047968855685,1.4849136164189524e-17,5.940456726407493e-17
41.56,0.5745455984781603,0.0,0.5096289543037023,0.9708702036497538,0.23960602593650582,1.4671637635977976e-17,5.94486543643605e-17
41.57,0.574748879948053,0.0,0.5099508453326328,0.9715824556053253,0.23670135605848563,1.449377790254312e-17,5.949226721823935e-17
41.58,0.574950519319652,0.0,0.5102730616758037,0.9722869112364613,0.2337908514853855,1.431556089707558e-17,5.953540268492995e-17
41.59,0.5751505143350784,0.0,0.5105955974690295,0.9729835197793941,0.23087457685440652,1.4136990577462428e-17,5.957805765604802e-17
41.6,0.5753488627613432,0.0,0.5109184468410783,0.9736722310041837,0.22795259720243502,1.3958070926064397e-17,5.96202290558968e-17
41.61,0.5755455623903802,0.0,0.5112416039137684,0.9743529952194175,0.2250249779623356,1.3778805949488898e-17,5.96619138417548e-17
41.62,0.5757406110390764,0.0,0.5115650628020653,0.9750257632768662,0.2220917849592023,1.3599199678360468e-17,5.970310900416096e-17
41.63,0.5759340065493035,0.0,0.5118888176141795,0.9756904865760969,0.2191530844065382,1.3419256167086836e-17,5.974381156719704e-17
41.64,0.5761257467879485,0.0,0.5122128624516614,0.976347117069039,0.21620894290240683,1.323897949362327e-17,5.978401858876723e-17
41.65,0.5763158296469438,0.0,0.5125371914095012,0.9769956072645115,0.21325942742549103,1.3058373759231243e-17,5.982372716087543e-17
41.66,0.5765042530432981,0.0,0.5128617985762246,0.9776359102327004,0.21030460533112327,1.2877443088235375e-17,5.986293440989928e-17
41.67,0.5766910149191247,0.0,0.5131866780339913,0.9782679796095893,0.20734454434725813,1.2696191627776804e-17,5.990163749686159e-17
41.68,0.5768761132416702,0.0,0.5135118238586908,0.9788917696013449,0.20437931257039527,1.2514623547563548e-17,5.993983361769877e-17
41.69,0.5770595460033454,0.0,0.5138372301200427,0.9795072349886579,0.20140897846142342,1.233274303961602e-17,5.997752000352671e-17
41.7,0.5772413112217514,0.0,0.5141628908816925,0.9801143311310294,0.1984336108414468,1.2150554318011468e-17,6.001469392090321e-17
41.71,0.5774214069397083,0.0,0.5144888002013097,0.9807130139710118,0.195453278887549,1.196806161862459e-17,6.005135267208765e-17
41.72,0.5775998312252832,0.0,0.5148149521306872,0.9813032400384035,0.19246805212848014,1.1785269198863457e-17,6.008749359529788e-17
41.73,0.5777765821718166,0.0,0.5151413407158375,0.9818849664543872,0.18947800044033328,1.1602181337404747e-17,6.012311406496357e-17
41.74,0.5779516578979493,0.0,0.5154679599970926,0.9824581509356217,0.18648319404214164,1.1418802333924176e-17,6.015821149197682e-17
41.75,0.5781250565476488,0.0,0.5157948040092007,0.9830227517982808,0.18348370349144275,1.123513650882487e-17,6.019278332393938e-17
41.76,0.5782967762902352,0.0,0.5161218667814262,0.9835787279620412,0.1804795996797785,1.105118820296182e-17,6.022682704540695e-17
41.77,0.5784668153204071,0.0,0.5164491423376475,0.984126038954017,0.17747095382815925,1.0866961777364146e-17,6.026034017813001e-17
41.78,0.5786351718582654,0.0,0.5167766246964544,0.9846646449126407,0.17445783748247956,1.0682461612954387e-17,6.029332028129152e-17
41.79,0.5788018441493401,0.0,0.5171043078712492,0.9851945065914918,0.1714403225088751,1.049769211026419e-17,6.032576495174132e-17
41.8,0.5789668304646125,0.0,0.5174321858703435,0.9857155853630694,0.16841848108904622,1.0312657689147975e-17,6.035767182422712e-17
41.81,0.5791301291005408,0.0,0.517760252697058,0.9862278432225112,0.16539238571552736,1.012736278849325e-17,6.03890385716223e-17
41.82,0.5792917383790823,0.0,0.5180885023498211,0.9867312427912551,0.1623621091869196,9.941811865928708e-18,6.041986290515002e-17
41.83,0.5794516566477175,0.0,0.5184169288222678,0.987225747320647,0.1593277246030644,9.756009397528691e-18,6.04501425746042e-17
41.84,0.5796098822794722,0.0,0.5187455261033397,0.9877113206954906,0.15628930536018645,9.56995987751578e-18,6.047987536856687e-17
41.85,0.57976641367294,0.0,0.5190742881773829,0.9881879274375389,0.15324692514599222,9.383667817960671e-18,6.050905911462194e-17
41.86,0.5799212492523043,0.0,0.519403209024248,0.9886555327089304,0.1502006579347143,9.197137748478719e-18,6.053769167956564e-17
41.87,0.5800743874673597,0.0,0.5197322826193898,0.989114102315565,0.147150577982127,9.01037421592474e-18,6.056577096961321e-17
41.88,0.5802258267935332,0.0,0.520061502933966,0.9895636027104218,0.14409675982051287,8.823381784084801e-18,6.059329493060206e-17
41.89,0.5803755657319045,0.0,0.5203908639349372,0.9900040009968165,0.14103927825359625,8.636165033365977e-18,6.062026154819122e-17
41.9,0.5805236028092267,0.0,0.5207203595851662,0.9904352649316012,0.13797820835142396,8.448728560482897e-18,6.06466688480573e-17
41.91,0.5806699365779462,0.0,0.5210499838435177,0.9908573629283008,0.13491362544522142,8.261076978142766e-18,6.067251489608654e-17
41.92,0.580814565616222,0.0,0.5213797306649591,0.9912702640601918,0.13184560512219415,8.073214914727047e-18,6.069779779856328e-17
41.93,0.5809574885279448,0.0,0.5217095940006578,0.9916739380633148,0.1287742232203201,7.885147013972588e-18,6.072251570235445e-17
41.94,0.5810987039427553,0.0,0.5220395677980834,0.9920683553394313,0.12569955582306566,7.69687793464807e-18,6.074666679509068e-17
41.95,0.5812382105160636,0.0,0.5223696460011076,0.9924534869589139,0.1226216792540898,7.508412350229724e-18,6.077024930534317e-17
41.96,0.5813760069290657,0.0,0.5226998225501017,0.9928293046635737,0.11954067007192537,7.31975494857566e-18,6.079326150279689e-17
41.97,0.5815120918887613,0.0,0.52303009138204,0.9931957808694268,0.11645660506458844,7.130910431595783e-18,6.081570169841997e-17
41.98,0.5816464641279719,0.0,0.5233604464305978,0.9935528886693963,0.11336956124418132,6.941883514921324e-18,6.083756824462914e-17
41.99,0.5817791224053563,0.0,0.5236908816262522,0.9939006018359484,0.11027961584145837,6.752678927572087e-18,6.08588595354511e-17
42.0,0.5819100655054266,0.0,0.5240213908963818,0.9942388948236648,0.10718684630036339,6.563301411621967e-18,6.087957400668015e-17
42.01,0.582039292238565,0.0,0.5243519681653684,0.9945677427717529,0.10409133027250807,6.3737557218608496e-18,6.089971013603176e-17
42.02,0.5821668014410392,0.0,0.5246826073546961,0.9948871215064866,0.10099314561165693,6.184046625456911e-18,6.091926644329213e-17
42.03,0.5822925919750159,0.0,0.5250133023830511,0.9951970075435823,0.09789237036816947,5.994178901616297e-18,6.093824149046362e-17
42.04,0.5824166627285774,0.0,0.5253440471664248,0.995497378090512,0.094789082783389,5.804157341239541e-18,6.095663388190639e-17
42.05,0.5825390126157346,0.0,0.5256748356182116,0.9957882110487449,0.09168336128404253,5.613986746578653e-18,6.097444226447572e-17
42.06,0.5826596405764408,0.0,0.5260056616493108,0.9960694850159261,0.08857528447658433,5.423671930890762e-18,6.099166532765531e-17
42.07,0.5827785455766057,0.0,0.526336519168227,0.9963411792879855,0.0854649311415296,5.233217718091159e-18,6.100830180368653e-17
42.08,0.5828957266081075,0.0,0.5266674020811702,0.9966032738611813,0.08235238022774666,5.042628942403786e-18,6.102435046769344e-17
42.09,0.5830111826888065,0.0,0.5269983042921579,0.9968557494340738,0.07923771084673678,4.8519104480109855e-18,6.103981013780372e-17
42.1,0.5831249128625559,0.0,0.5273292197031139,0.9970985874094317,0.07612100226688989,4.661067088701756e-18,6.105467967526539e-17
42.11,0.583236916199215,0.0,0.5276601422139707,0.9973317698960703,0.07300233390770407,4.470103727517804e-18,6.106895798455935e-17
42.12,0.5833471917946597,0.0,0.5279910657227698,0.99755527971062,0.06988178533399692,4.279025236399089e-18,6.108264401350767e-17
42.13,0.583455738770793,0.0,0.5283219841257626,0.9977691003792263,0.06675943625008651,4.087836495827511e-18,6.109573675337768e-17
42.14,0.5835625562755569,0.0,0.5286528913175103,0.9979732161391804,0.06363536649396005,3.896542394469845e-18,6.110823523898185e-17
42.15,0.5836676434829409,0.0,0.5289837811909867,0.99816761194048,0.060509656031408815,3.705147828818607e-18,6.112013854877331e-17
42.16,0.5837709995929925,0.0,0.5293146476376777,0.9983522734473198,0.05738238495015763,3.513657702832589e-18,6.113144580493717e-17
42.17,0.583872623831827,0.0,0.5296454845476832,0.9985271870395129,0.054253633453968116,3.3220769275757907e-18,6.11421561734775e-17
42.18,0.5839725154516352,0.0,0.529976285809817,0.998692339813841,0.05112348185673273,3.130410420855776e-18,6.115226886430006e-17
42.19,0.5840706737306924,0.0,0.5303070453117092,0.9988477195853337,0.04799201057653854,2.938663106860192e-18,6.11617831312906e-17
42.2,0.5841670979733667,0.0,0.5306377569399064,0.9989933148884786,0.044859300129727955,2.7468399157930893e-18,6.117069827238896e-17
42.21,0.5842617875101264,0.0,0.5309684145799729,0.9991291149783583,0.04172543112494477,2.554945783510348e-18,6.117901362965872e-17
42.22,0.5843547416975468,0.0,0.5312990121165919,0.9992551098317178,0.038590484257153786,2.3629856511534853e-18,6.118672858935251e-17
42.23,0.5844459599183178,0.0,0.531629543433667,0.9993712901479599,0.03545454030166301,2.1709644647836216e-18,6.119384258197299e-17
42.241,0.5845442942148807,0.0,0.5319930440984876,0.9994877424903987,0.03200394681045335,1.9596765510751918e-18,6.120097323139404e-17
42.25,0.5846231861212801,0.0,0.5322903829415072,0.9995741735854645,0.029179984594508296,1.786758736641683e-18,6.120626560958999e-17
42.26,0.5847091929994772,0.0,0.5326206788970897,0.9996608617267788,0.026041534741138454,1.5945841082809902e-18,6.121157372732922e-17
42.27,0.584793461703048,0.0,0.532950884162967,0.9997377053725691,0.022902411584594537,1.402368251991448e-18,6.121627904357182e-17
42.28,0.584875991745341,0.0,0.5332809926206601,0.9998046988479514,0.019762696211729915,1.2101161329108282e-18,6.122038121083136e-17
42.29,0.584956782665851,0.0,0.533610998151518,0.9998618372051664,0.016622469753599864,1.0178327188834884e-18,6.122387992614495e-17
42.3,0.5850358340302235,0.0,0.5339408946368187,0.9999091162240709,0.013481813379418409,8.255229800903358e-19,6.122677493110335e-17
42.31,0.5851131454302577,0.0,0.5342706759578696,0.999946532412558,0.010340808290505257,6.331918886781838e-19,6.122906601187671e-17
42.32,0.5851887164839096,0.0,0.5346003359961083,0.9999740830069045,0.007199535714232156,4.408444183890732e-19,6.123075299923576e-17
42.33,0.585262546835295,0.0,0.5349298686332065,0.9999917659720456,0.004058076897937412,2.484855441876436e-19,6.123183576856874e-17
42.34,0.5853346361546918,0.0,0.5352592677511684,0.9999995800017779,0.0009165131028750876,5.612024189062924e-20,6.123231423989374e-17
42.35,0.5854049841385414,0.0,0.5355885272324326,0.9999975245188891,-0.002225074401850428,-1.362465122045419e-19,6.123218837786672e-17
42.36,0.5854735905094507,0.0,0.5359176409599751,0.9999855996752154,-0.005366604345376147,-3.286097416927587e-19,6.123145819178495e-17
42.37,0.5855404550161929,0.0,0.5362466028174083,0.9999638063516266,-0.008507995461132008,-5.209644704317762e-19,6.123012373558617e-17
42.38,0.5856055774337081,0.0,0.5365754066890842,0.9999321461579381,-0.011649166492921073,-7.133057229145195e-19,6.122818510784311e-17
42.39,0.5856689575631034,0.0,0.5369040464601937,0.9998906214327513,-0.0147900362009814,-9.056285246402676e-19,6.122564245175384e-17
42.4,0.5857305952316533,0.0,0.5372325160168697,0.9998392352432202,-0.01793052336806082,-1.0979279024866253e-18,6.122249595512735e-17
42.41,0.5857904902927982,0.0,0.5375608092462868,0.9997779913847465,-0.021070546805474412,-1.2901988850804364e-18,6.121874585036499e-17
42.42,0.5858486426261441,0.0,0.5378889200367643,0.9997068943806022,-0.024210025359165995,-1.4824365031689444e-18,6.121439241443728e-17
42.43,0.585905052137461,0.0,0.5382168422778651,0.9996259494814793,-0.027348877915756156,-1.6746357899901257e-18,6.120943596885637e-17
42.44,0.585959718758681,0.0,0.5385445698604991,0.9995351626649678,-0.030487023408598095,-1.8667917816435044e-18,6.120387687964409e-17
42.45,0.586012642447896,0.0,0.5388720966770236,0.9994345406349608,-0.033624380823813874,-2.0588995174597653e-18,6.11977155572955e-17
42.46,0.5860638231893548,0.0,0.5391994166213435,0.9993240908209887,-0.03676086920632284,-2.2509540403698886e-18,6.119095245673813e-17
42.47,0.586113260993461,0.0,0.5395265235890141,0.9992038213774798,-0.03989640766587379,-2.4429503972745132e-18,6.118358807728671e-17
42.48,0.586160955896768,0.0,0.5398534114773411,0.9990737411829501,-0.043030915383053404,-2.6348836394118476e-18,6.117562296259355e-17
42.49,0.5862069079619767,0.0,0.5401800741854825,0.9989338598391218,-0.04616431161529257,-2.8267488227254515e-18,6.116705770059456e-17
42.5,0.58625111727793,0.0,0.5405065056145487,0.9987841876699682,-0.04929651570285273,-3.018541008230792e-18,6.11578929234508e-17
42.51,0.5862935839596087,0.0,0.5408326996677044,0.9986247357206898,-0.05242744707481388,-3.2102552623819042e-18,6.114812930748572e-17
42.52,0.586334308148126,0.0,0.5411586502502698,0.9984555157566166,-0.05555702525503664,-3.401886657436464e-18,6.113776757311801e-17
42.53,0.5863732900107224,0.0,0.5414843512698204,0.9982765402620414,-0.058685169868110273,-3.593430271819997e-18,6.112680848479014e-17
42.54,0.5864105297407594,0.0,0.5418097966362896,0.9980878224389805,-0.061811800645298086,-3.78488119048993e-18,6.111525285089247e-17
42.55,0.5864460275577129,0.0,0.5421349802620683,0.9978893762058654,-0.06493683743045164,-3.976234505297732e-18,6.11031015236831e-17
42.56,0.5864797837071674,0.0,0.5424598960621071,0.9976812161961615,-0.06806020018592478,-4.167485315351043e-18,6.109035539920338e-17
42.57,0.5865117984608077,0.0,0.5427845379540154,0.9974633577569201,-0.07118180899844084,-4.358628727372942e-18,6.107701541718917e-17
42.58,0.5865420721164119,0.0,0.5431088998581641,0.9972358169472567,-0.07430158408498162,-4.549659856062533e-18,6.106308256097769e-17
42.59,0.5865706049978434,0.0,0.5434329756977858,0.9969986105367613,-0.07741944579863169,-4.740573824452815e-18,6.104855785741017e-17
42.6,0.5865973974550422,0.0,0.5437567593990746,0.9967517560038406,-0.08053531463439031,-4.931365764266555e-18,6.103344237673035e-17
42.61,0.5866224498640165,0.0,0.5440802448912883,0.9964952715339871,-0.08364911123499925,-5.122030816273137e-18,6.10177372324785e-17
42.62,0.5866457626268328,0.0,0.5444034261068483,0.9962291760179828,-0.0867607563967211,-5.312564130642387e-18,6.100144358138139e-17
42.63,0.586667336171607,0.0,0.5447262969814408,0.9959534890500321,-0.08987017107509876,-5.502960867297237e-18,6.098456262323802e-17
42.64,0.5866871709524938,0.0,0.5450488514541159,0.9956682309258289,-0.09297727639068723,-5.693216196264694e-18,6.09670956008012e-17
42.65,0.5867052674496767,0.0,0.54537108346739,0.9953734226405507,-0.09608199363478828,-5.883325298026992e-18,6.09490437996548e-17
42.66,0.5867216261693565,0.0,0.5456929869673459,0.9950690858867908,-0.09918424427511978,-6.073283363868731e-18,6.093040854808706e-17
42.67,0.5867362476437408,0.0,0.5460145559037325,0.9947552430524184,-0.1022839499614878,-6.263085596224204e-18,6.091119121695958e-17
42.68,0.5867491324310314,0.0,0.5463357842300651,0.9944319172183749,-0.1053810325314151,-6.452727209022031e-18,6.089139321957243e-17
42.69,0.5867602811154135,0.0,0.5466566659037273,0.9940991321564012,-0.1084754140157568,-6.6422034280290255e-18,6.087101601152493e-17
42.7,0.5867696943070413,0.0,0.5469771948860696,0.9937569123266997,-0.11156701664427521,-6.8315094911915554e-18,6.085006109057249e-17
42.71,0.5867773726420271,0.0,0.5472973651425103,0.9934052828755305,-0.11465576285118483,-7.020640648975076e-18,6.082852999647947e-17
42.72,0.5867833167824266,0.0,0.5476171706426358,0.9930442696327411,-0.11774157528067972,-7.209592164702577e-18,6.080642431086788e-17
42.73,0.5867875274162258,0.0,0.5479366053603009,0.9926738991092313,-0.12082437679241576,-7.398359314890285e-18,6.078374565706214e-17
42.74,0.5867900052573264,0.0,0.5482556632737281,0.9922941984943543,-0.12390409046696958,-7.586937389581919e-18,6.076049569992996e-17
42.75,0.5867907510455319,0.0,0.548574338365608,0.9919051956532521,-0.12698063961125622,-7.775321692680427e-18,6.073667614571922e-17
42.76,0.586789765546532,0.0,0.5488926246231997,0.9915069191241268,-0.1300539477639272,-7.963507542278527e-18,6.071228874189078e-17
42.77,0.5867870495518877,0.0,0.5492105160384301,0.9910993981154496,-0.1331239387007222,-8.151490270986395e-18,6.068733527694768e-17
42.78,0.586782603879015,0.0,0.5495280066079932,0.9906826625031062,-0.13619053643978518,-8.339265226257195e-18,6.066181758026032e-17
42.79,0.5867764293711696,0.0,0.5498450903334514,0.9902567428274791,-0.139253665246958,-8.526827770711207e-18,6.06357375218878e-17
42.8,0.5867685268974293,0.0,0.5501617612213335,0.989821670290468,-0.14231324964102277,-8.714173282456837e-18,6.060909701239543e-17
42.81,0.5867588973526778,0.0,0.5504780132832354,0.9893774767524487,-0.14536921439891579,-8.901297155409877e-18,6.058189800266856e-17
42.82,0.5867475416575869,0.0,0.5507938405359188,0.9889241947291713,-0.1484214845608954,-9.088194799609943e-18,6.055414248372267e-17
42.83,0.5867344607585989,0.0,0.551109237001411,0.9884618573885963,-0.15146998543568435,-9.274861641535352e-18,6.05258324865096e-17
42.84,0.5867196556279081,0.0,0.5514241967071047,0.9879904985476712,-0.15451464260556041,-9.461293124414841e-18,6.049697008172016e-17
42.85,0.5867031272634425,0.0,0.551738713685856,0.987510152669049,-0.15755538193140742,-9.64748470853684e-18,6.046755737958325e-17
42.86,0.5866848766888448,0.0,0.5520527819760854,0.9870208548577436,-0.16059212955773716,-9.833431871556993e-18,6.0437596529661e-17
42.87,0.586664904953453,0.0,0.5523663956218747,0.9865226408577312,-0.1636248119176547,-1.0019130108802177e-17,6.040708972064072e-17
42.88,0.5866432131322801,0.0,0.5526795486730688,0.9860155470484889,-0.16665335573779824,-1.0204574933572991e-17,6.037603918012293e-17
42.89,0.5866198023259943,0.0,0.5529922351853711,0.9854996104414817,-0.16967768804320701,-1.038976187744183e-17,6.03444471744062e-17
42.9,0.5865946736608986,0.0,0.5533044492204455,0.9849748686765852,-0.17269773616218528,-1.0574686490550715e-17,6.031231600826823e-17
42.91,0.5865678282889092,0.0,0.553616184846014,0.9844413600184571,-0.17571342773109458,-1.0759344341904737e-17,6.027964802474354e-17
42.92,0.5865392673875345,0.0,0.5539274361359554,0.9838991233528512,-0.17872469069910543,-1.094373101966301e-17,6.024644560489781e-17
42.93,0.5865089921598532,0.0,0.5542381971704021,0.9833481981828778,-0.1817314533328994,-1.1127842131426592e-17,6.021271116759892e-17
42.94,0.5864770038344915,0.0,0.5545484620358426,0.9827886246252034,-0.18473364422135155,-1.1311673304525205e-17,6.017844716928425e-17
42.95,0.5864433036656018,0.0,0.5548582248252164,0.9822204434062044,-0.18773119228013002,-1.1495220186298876e-17,6.014365610372511e-17
42.96,0.586407892932838,0.0,0.5551674796380128,0.981643695858063,-0.19072402675626032,-1.1678478444377418e-17,6.010834050178774e-17
42.97,0.5863707729413334,0.0,0.5554762205803708,0.9810584239148074,-0.1937120772326652,-1.1861443766958416e-17,6.00725029311908e-17
42.98,0.5863319450216761,0.0,0.5557844417651757,0.9804646701083062,-0.1966952736326176,-1.2044111863079896e-17,6.003614599626014e-17
42.99,0.586291410529885,0.0,0.5560921373121575,0.9798624775642056,-0.1996735462241719,-1.222647846289166e-17,5.999927233767998e-17
43.0,0.5862491708473854,0.0,0.5563993013479883,0.9792518899978194,-0.20264682562452954,-1.2408539317922597e-17,5.996188463224128e-17
43.01,0.5862052273809836,0.0,0.5567059280063812,0.9786329517099644,-0.2056150428043689,-1.259029020134582e-17,5.992398559258671e-17
43.02,0.5861595815628414,0.0,0.5570120114281868,0.9780057075827493,-0.2085781290921121,-1.2771726908239926e-17,5.988557796695281e-17
43.03,0.5861122348504508,0.0,0.5573175457614915,0.9773702030753145,-0.21153601617814016,-1.2952845255847104e-17,5.984666453890912e-17
43.04,0.5860631887266075,0.0,0.5576225251617145,0.9767264842195202,-0.21448863611896835,-1.3133641083828798e-17,5.980724812709416e-17
43.05,0.5860124446993837,0.0,0.5579269437917055,0.9760745976155901,-0.21743592134135498,-1.3314110254517302e-17,5.976733158494866e-17
43.06,0.5859600043021023,0.0,0.558230795821842,0.9754145904277054,-0.2203778046463659,-1.3494248653164634e-17,5.97269178004458e-17
43.07,0.5859058690933081,0.0,0.5585340754301253,0.974746510379555,-0.2233142192133767,-1.3674052188187607e-17,5.968600969581872e-17
43.08,0.5858500406567412,0.0,0.5588367768022794,0.9740704057498364,-0.22624509860403422,-1.385351679141039e-17,5.964461022728504e-17
43.09,0.5857925206013079,0.0,0.5591388941318461,0.9733863253677135,-0.2291703767661511,-1.4032638418302996e-17,5.960272238476872e-17
43.1,0.5857333105610528,0.0,0.5594404216202831,0.9726943186082317,-0.23208998803754494,-1.4211413048216346e-17,5.956034919161933e-17
43.11,0.5856724121951291,0.0,0.5597413534770591,0.9719944353876828,-0.23500386714984003,-1.438983668461507e-17,5.951749370432823e-17
43.12,0.5856098271877697,0.0,0.5600416839197523,0.9712867261589356,-0.23791194923218287,-1.4567905355305016e-17,5.947415901224262e-17
43.13,0.5855455572482573,0.0,0.5603414071741452,0.9705712419067177,-0.24081416981492532,-1.4745615112658773e-17,5.943034823727666e-17
43.14,0.5854796041108943,0.0,0.5606405174743212,0.9698480341428553,-0.24371046483325068,-1.4922962033837702e-17,5.938606453362003e-17
43.15,0.5854119695349718,0.0,0.5609390090627613,0.969117154901478,-0.24660077063071953,-1.5099942221009063e-17,5.934131108744423e-17
43.16,0.5853426553047393,0.0,0.5612368761904395,0.9683786567341779,-0.24948502396278063,-1.5276551801561e-17,5.929609111660622e-17
43.17,0.5852716632293726,0.0,0.5615341131169195,0.9676325927051285,-0.25236316200022335,-1.5452786928313923e-17,5.92504078703495e-17
43.18,0.5851989951429429,0.0,0.5618307141104486,0.9668790163861706,-0.25523512233254914,-1.562864377972697e-17,5.920426462900325e-17
43.19,0.585124652904384,0.0,0.5621266734480556,0.9661179818518549,-0.25810084297130614,-1.5804118560102186e-17,5.915766470367875e-17
43.2,0.5850486383974598,0.0,0.5624219854156456,0.9653495436744469,-0.26096026235336517,-1.597920749978511e-17,5.911061143596347e-17
43.21,0.5849709535307319,0.0,0.5627166443080934,0.9645737569189001,-0.26381331934411223,-1.615390685536028e-17,5.906310819761341e-17
43.22,0.5848916002375258,0.0,0.5630106444293418,0.9637906771377894,-0.2666599532406046,-1.6328212909844465e-17,5.90151583902427e-17
43.23,0.5848105804758973,0.0,0.5633039800924944,0.9630003603662076,-0.2695001037746634,-1.6502121972876053e-17,5.896676544501119e-17
43.24,0.5847278962285986,0.0,0.563596645619912,0.9622028631166314,-0.27233371111589755,-1.6675630380900195e-17,5.891793282231007e-17
43.25,0.5846435495030435,0.0,0.5638886353433052,0.9613982423737567,-0.27516071587465263,-1.6848734497349382e-17,5.886866401144563e-17
43.26,0.5845575423312733,0.0,0.5641799436038322,0.9605865555892885,-0.27798105910494464,-1.7021430712823082e-17,5.881896253032017e-17
43.27,0.5844698767699202,0.0,0.5644705647521906,0.9597678606767104,-0.28079468230728777,-1.7193715445260895e-17,5.876883192511181e-17
43.28,0.5843805549001733,0.0,0.5647604931487126,0.9589422160060234,-0.2836015274314601,-1.7365585140111896e-17,5.871827576995231e-17
43.29,0.5842895788277412,0.0,0.5650497231634597,0.9581096803984408,-0.28640153687925207,-1.7537036270502934e-17,5.86672976666022e-17
43.3,0.5841969506828164,0.0,0.5653382491763166,0.9572703131210679,-0.2891946535071017,-1.77080653374e-17,5.861590124412502e-17
43.31,0.5841026726200382,0.0,0.5656260655770843,0.9564241738815431,-0.29198082062869796,-1.787866886976762e-17,5.856409015855917e-17
43.32,0.5840067468184558,0.0,0.5659131667655746,0.95557132282266,-0.2947599820174911,-1.8048843424722592e-17,5.851186809258864e-17
43.33,0.5839091754814904,0.0,0.5661995471517034,0.9547118205169474,-0.29753208190918845,-1.821858558768679e-17,5.84592387552111e-17
43.34,0.5838099608368974,0.0,0.5664852011555847,0.9538457279612345,-0.30029706500414327,-1.8387891972533436e-17,5.840620588140514e-17
43.35,0.5837091051367287,0.0,0.5667701232076222,0.9529731065711915,-0.30305487646967927,-1.855675922172946e-17,5.835277323179596e-17
43.36,0.5836066106572925,0.0,0.5670543077486049,0.9520940181758301,-0.305805461942396,-1.872518400647665e-17,5.82989445923186e-17
43.37,0.5835024796991161,0.0,0.567337749229798,0.9512085250119945,-0.30854876753036276,-1.8893163026845977e-17,5.82447237738807e-17
43.38,0.5833967145869049,0.0,0.5676204421130364,0.9503166897188239,-0.31128473981526406,-1.906069301190899e-17,5.81901146120233e-17
43.39,0.5832893176695034,0.0,0.5679023808708176,0.9494185753321892,-0.31401332585448705,-1.922777071986562e-17,5.813512096658028e-17
43.4,0.5831802913198552,0.0,0.5681835599863936,0.9485142452791071,-0.3167344731831473,-1.9394392938168227e-17,5.80797467213363e-17
43.41,0.5830696379349611,0.0,0.5684639739538637,0.9476037633721398,-0.31944812981602777,-1.956055648364033e-17,5.802399578368384e-17
43.42,0.5829573599358399,0.0,0.5687436172782667,0.9466871938037661,-0.3221542442494755,-1.972625820259274e-17,5.796787208427861e-17
43.43,0.5828434597674857,0.0,0.5690224844756717,0.9457646011407334,-0.32485276546323183,-1.9891494970935634e-17,5.791137957669361e-17
43.44,0.5827279398988271,0.0,0.5693005700732715,0.9448360503183972,-0.32754364292217786,-2.0056263694285436e-17,5.785452223707264e-17
43.45,0.5826108028226842,0.0,0.5695778686094732,0.9439016066350352,-0.33022682657803465,-2.0220561308068913e-17,5.7797304063782e-17
43.46,0.5824920510557271,0.0,0.5698543746339898,0.9429613357461428,-0.3329022668709994,-2.0384384777623368e-17,5.773972907706133e-17
43.47,0.5823716871384323,0.0,0.5701300827079316,0.9420153036587209,-0.33556991473129394,-2.0547731098291467e-17,5.768180131867372e-17
43.48,0.5822497136350401,0.0,0.5704049874038972,0.9410635767255378,-0.3382297215806705,-2.071059729551343e-17,5.762352485155448e-17
43.49,0.58212613313351,0.0,0.5706790833060649,0.9401062216393776,-0.3408816393338507,-2.0872980424915135e-17,5.75649037594588e-17
43.5,0.5820009482454787,0.0,0.570952365010282,0.9391433054272806,-0.3435256203998786,-2.1034877572391e-17,5.750594214660922e-17
43.51,0.5818741616062132,0.0,0.5712248271241567,0.9381748954447625,-0.34616161768342973,-2.1196285854184102e-17,5.744664413734155e-17
43.52,0.5817457758745683,0.0,0.5714964642671487,0.9372010593700201,-0.3487895845860541,-2.1357202416962306e-17,5.738701387575019e-17
43.53,0.5816157937329405,0.0,0.5717672710706576,0.9362218651981328,-0.3514094750073327,-2.151762443788909e-17,5.732705552533291e-17
43.54,0.5814842178872226,0.0,0.5720372421781148,0.9352373812352451,-0.3540212433459901,-2.167754912469165e-17,5.726677326863479e-17
43.55,0.581351051066758,0.0,0.5723063722450722,0.9342476760927378,-0.35662484450093873,-2.183697371572486e-17,5.720617130689123e-17
43.56,0.5812162960242948,0.0,0.5725746559392926,0.9332528186813933,-0.35922023387225066,-2.199589548003077e-17,5.714525385967068e-17
43.57,0.5810799555359392,0.0,0.5728420879408374,0.9322528782055552,-0.3618073673620511,-2.2154311717393323e-17,5.708402516451703e-17
43.58,0.5809420324011078,0.0,0.5731086629421585,0.9312479241572645,-0.3643862013753892,-2.2312219758391663e-17,5.702248947659056e-17
43.59,0.5808025294424815,0.0,0.5733743756481852,0.9302380263104021,-0.36695669282100274,-2.2469616964446978e-17,5.696065106830926e-17
43.6,0.5806614495059575,0.0,0.5736392207764133,0.9292232547148248,-0.3695187991120179,-2.262650072786533e-17,5.689851422898979e-17
43.61,0.5805187954606008,0.0,0.5739031930569954,0.9282036796904797,-0.37207247816662475,-2.2782868471879022e-17,5.683608326448706e-17
43.62,0.5803745701985965,0.0,0.574166287232827,0.9271793718215293,-0.3746176884086418,-2.2938717650681184e-17,5.677336249683448e-17
43.63,0.5802287766352003,0.0,0.5744284980596367,0.9261504019504626,-0.37715438876804364,-2.3094045749458057e-17,5.671035626388343e-17
43.64,0.5800814177086906,0.0,0.5746898203060725,0.925116841172211,-0.3796825386813964,-2.324885028441566e-17,5.664706891894294e-17
43.65,0.5799324963803181,0.0,0.5749502487537915,0.9240787608282447,-0.3822020980922733,-2.340312880280526e-17,5.658350483041812e-17
43.66,0.5797820156342562,0.0,0.575209778197546,0.9230362325006819,-0.38471302745156305,-2.3556878882942225e-17,5.651966838144961e-17
43.67,0.5796299784775512,0.0,0.5754684034452721,0.9219893280063913,-0.38721528771772806,-2.3710098134221857e-17,5.645556396955231e-17
43.68,0.5794763879400712,0.0,0.5757261193181756,0.9209381193910909,-0.389708840357004,-2.386278419713159e-17,5.639119600625413e-17
43.69,0.579321247074456,0.0,0.5759829206508206,0.9198826789234442,-0.39219364734353823,-2.4014934743259496e-17,5.632656891673441e-17
43.7,0.579164558956065,0.0,0.5762388022912152,0.9188230790891662,-0.39466967115944446,-2.4166547475297606e-17,5.626168713946313e-17
43.71,0.5790063266829265,0.0,0.576493759100898,0.9177593925851203,-0.397136874794813,-2.4317620127042548e-17,5.619655512583934e-17
43.72,0.5788465533756851,0.0,0.5767477859550255,0.9166916923134187,-0.39959522174765844,-2.4468150463392337e-17,5.613117733982993e-17
43.73,0.5786852421775497,0.0,0.5770008777424579,0.9156200513755317,-0.402044676023783,-2.4618136280338025e-17,5.6065558257609e-17
43.74,0.5785223962542407,0.0,0.5772530293658442,0.9145445430663918,-0.4044852021365982,-2.476757540495276e-17,5.599970236719677e-17
43.75,0.5783580187939374,0.0,0.5775042357417087,0.9134652408685021,-0.40691676510688196,-2.4916465695376917e-17,5.593361416809886e-17
43.76,0.5781921130072243,0.0,0.5777544918005371,0.9123822184460574,-0.4093393304624549,-2.5064805040798304e-17,5.586729817094627e-17
43.77,0.5780246821270373,0.0,0.5780037924868603,0.9112955496390605,-0.41175286423781277,-2.5212591361429604e-17,5.580075889713517e-17
43.78,0.5778557294086099,0.0,0.5782521327593407,0.9102053084574456,-0.4141573329736977,-2.5359822608482175e-17,5.5734000878467e-17
43.79,0.577685258129419,0.0,0.5784995075908571,0.9091115690752158,-0.4165527037165873,-2.550649676413472e-17,5.566702865678954e-17
43.8,0.5775132715891298,0.0,0.5787459119685884,0.9080144058245792,-0.4189389440181426,-2.5652611841499527e-17,5.559984678363784e-17
43.81,0.5773397731095404,0.0,0.5789913408940991,0.9069138931900919,-0.42131602193459317,-2.5798165884584778e-17,5.553245981987553e-17
43.82,0.5771647660345279,0.0,0.5792357893834224,0.905810105802819,-0.4236839060260443,-2.5943156968252154e-17,5.546487233533738e-17
43.83,0.5769882537299905,0.0,0.5794792524671449,0.904703118434495,-0.42604256535574014,-2.608758319817171e-17,5.539708890847166e-17
43.84,0.5768102395837927,0.0,0.5797217251904913,0.9035930059916941,-0.4283919694892683,-2.623144271077315e-17,5.5329114125983165e-17
43.85,0.5766307270057089,0.0,0.5799632026134048,0.9024798435100192,-0.43073208849368455,-2.6374733673192264e-17,5.5260952582477464e-17
43.86,0.5764497194273661,0.0,0.5802036798106341,0.9013637061482924,-0.4330628929365973,-2.6517454283214838e-17,5.5192608880105087e-17
43.87,0.5762672203021866,0.0,0.5804431518718143,0.9002446691827594,-0.4353843538851898,-2.665960276921681e-17,5.512408762820671e-17
43.88,0.5760832331053309,0.0,0.5806816139015498,0.8991228080013066,-0.43769644290517773,-2.6801177390100407e-17,5.505539344295902e-17
43.89,0.5758977613336407,0.0,0.5809190610194974,0.8979981980976993,-0.4399991320596952,-2.6942176435225964e-17,5.498653094702191e-17
43.9,0.5757108085055784,0.0,0.5811554883604488,0.8968709150658118,-0.44229239390816266,-2.7082598224342586e-17,5.491750476918521e-17
43.91,0.5755223781611712,0.0,0.5813908910744122,0.8957410345938929,-0.44457620150505395,-2.7222441107512652e-17,5.4848319544017474e-17
43.92,0.5753324738619505,0.0,0.5816252643266943,0.894608632458833,-0.44685052839863193,-2.7361703465034402e-17,5.477897991151504e-17
43.93,0.5751410991908937,0.0,0.581858603297982,0.8934737845204587,-0.4491153486296021,-2.7500383707359494e-17,5.4709490516752585e-17
43.94,0.5749482577523642,0.0,0.582090903184424,0.892336566715822,-0.4513706367297495,-2.763848027500952e-17,5.4639856009533496e-17
43.95,0.5747539531720516,0.0,0.5823221591977116,0.8911970550535248,-0.45361636772048336,-2.7775991638486933e-17,5.457008104404233e-17
43.96,0.5745581890969117,0.0,0.5825523665651596,0.8900553256080594,-0.4558525171113254,-2.7912916298182434e-17,5.450017027849826e-17
43.97,0.574360969195106,0.0,0.5827815205297873,0.8889114545141484,-0.4580790608983793,-2.8049252784281287e-17,5.4430128374808496e-17
43.98,0.5741622971559408,0.0,0.5830096163503985,0.8877655179611205,-0.46029597556270624,-2.8184999656663824e-17,5.4359959998223915e-17
43.99,0.5739621766898058,0.0,0.5832366493016622,0.8866175921873003,-0.4625032380686583,-2.8320155504803433e-17,5.428966981699553e-17
44.0,0.573760611528113,0.0,0.5834626146741916,0.8854677534744128,-0.4647008258621633,-2.8454718947661493e-17,5.421926250203186e-17
44.01,0.5735576054232348,0.0,0.5836875077746246,0.8843160781420056,-0.46688871686895816,-2.8588688633579225e-17,5.4148742726557395e-17
44.02,0.5733531621484416,0.0,0.5839113239257034,0.8831626425419024,-0.4690668894927502,-2.872206324016509e-17,5.407811516577294e-17
44.03,0.5731472854978396,0.0,0.5841340584663522,0.8820075230526647,-0.4712353226133448,-2.885484147418015e-17,5.400738449651656e-17
44.04,0.5729399792863078,0.0,0.5843557067517579,0.880850796074077,-0.4733939955847189,-2.8987022071420114e-17,5.3936555396925816e-17
44.05,0.5727312473494351,0.0,0.5845762641534473,0.879692538021661,-0.4755428882330262,-2.9118603796593155e-17,5.3865632546101923e-17
44.06,0.5725210935434566,0.0,0.5847957260593666,0.8785328253212032,-0.47768198085456837,-2.924958544319572e-17,5.3794620623774617e-17
44.07,0.57230952174519,0.0,0.5850140878739587,0.8773717344033044,-0.47981125421371423,-2.9379965833385105e-17,5.372352430996842e-17
44.08,0.5720965358519716,0.0,0.5852313450182415,0.8762093416979616,-0.48193068954075213,-2.950974381784794e-17,5.365234828467091e-17
44.09,0.5718821397815914,0.0,0.5854474929298854,0.8750457236291638,-0.48404026852970927,-2.963891827566669e-17,5.3581097227501743e-17
44.1,0.5716663374722293,0.0,0.5856625270632906,0.8738809566095115,-0.4861399733361217,-2.976748811418305e-17,5.3509775817383265e-17
44.11,0.5714491328823891,0.0,0.5858764428896641,0.8727151170348697,-0.4882297865747375,-2.9895452268857384e-17,5.343838873221305e-17
44.12,0.5712305299908338,0.0,0.5860892358970968,0.8715482812790364,-0.4903096913171896,-3.002280970312615e-17,5.336694064853745e-17
44.13,0.571010532796519,0.0,0.5863009015906401,0.8703805256884355,-0.4923796710896204,-3.014955940825651e-17,5.329543624122666e-17
44.14,0.5707891453185289,0.0,0.5865114354923812,0.8692119265768459,-0.4944397098702408,-3.027570040319682e-17,5.322388018315192e-17
44.15,0.5705663715960074,0.0,0.5867208331415203,0.8680425602201454,-0.4964897920868618,-3.040123173442551e-17,5.3152277144863733e-17
44.16,0.5703422156880934,0.0,0.5869290900944463,0.8668725028510834,-0.49852990261437513,-3.0526152475796813e-17,5.3080631794271705e-17
44.17,0.5701166816738528,0.0,0.5871362019248114,0.8657018306540828,-0.5005600267721843,-3.0650461728383446e-17,5.300894879632633e-17
44.18,0.5698897736522125,0.0,0.5873421642236066,0.864530619760075,-0.5025801503215788,-3.0774158620315854e-17,5.2937232812702666e-17
44.19,0.5696614957418913,0.0,0.5875469725992373,0.8633589462413432,-0.5045902594630988,-3.089724230662082e-17,5.286548850148464e-17
44.2,0.569431852081333,0.0,0.5877506226775973,0.8621868861064126,-0.5065903408338219,-3.1019711969055337e-17,5.279372051685209e-17
44.21,0.5692008468286384,0.0,0.5879531101021428,0.8610145152949673,-0.5085803815046078,-3.1141566815937886e-17,5.2721933508769577e-17
44.22,0.568968484161496,0.0,0.5881544305339678,0.8598419096727786,-0.5105603689773317,-3.1262806081979045e-17,5.2650132122675796e-17
44.23,0.5687347682771141,0.0,0.5883545796518768,0.858669145026683,-0.5125302911820386,-3.1383429028107227e-17,5.257832099917609e-17
44.24,0.5684997033921508,0.0,0.5885535531524586,0.8574962970595754,-0.514490136474079,-3.150343494129329e-17,5.250650477373585e-17
44.25,0.5682632937426462,0.0,0.5887513467501596,0.8563234413854468,-0.5164398936311807,-3.162282313437125e-17,5.243468807637668e-17
44.26,0.5680255435839504,0.0,0.5889479561773571,0.8551506535244294,-0.5183795518505154,-3.174159294585866e-17,5.2362875531372985e-17
44.27,0.5677864571906558,0.0,0.5891433771844314,0.8539780088978914,-0.5203091007456941,-3.18597437397726e-17,5.229107175695163e-17
44.28,0.5675460388565254,0.0,0.5893376055398387,0.852805582823562,-0.522228530343723,-3.197727490544334e-17,5.2219281364993414e-17
44.29,0.5673042928944227,0.0,0.5895306370301829,0.8516334505106691,-0.524137831081951,-3.209418585732737e-17,5.2147508960735334e-17
44.3,0.5670612236362411,0.0,0.5897224674602878,0.8504616870551276,-0.5260369938049474,-3.2210476034816246e-17,5.2075759142476e-17
44.31,0.5668168354328318,0.0,0.5899130926532683,0.8492903674347533,-0.5279260097613507,-3.2326144902043626e-17,5.20040365012825e-17
44.32,0.5665711326539337,0.0,0.5901025084506015,0.8481195665045048,-0.529804870600687,-3.244119194769045e-17,5.193234562069913e-17
44.33,0.5663241196881004,0.0,0.5902907107121984,0.8469493589917574,-0.5316735683701526,-3.255561668478794e-17,5.1860691076457915e-17
44.34,0.5660758009426288,0.0,0.5904776953164741,0.845779819491617,-0.5335320955113457,-3.2669418650517475e-17,5.1789077436191746e-17
44.35,0.5658261808434867,0.0,0.5906634581604179,0.8446110224622595,-0.5353804448569789,-3.2782597406009263e-17,5.171750925914897e-17
44.36,0.5655752638352401,0.0,0.5908479951596638,0.8434430422203006,-0.5372186096275557,-3.289515253613888e-17,5.164599109590985e-17
44.37,0.5653230543809804,0.0,0.5910313022485606,0.8422759529362104,-0.539046583427999,-3.300708364932079e-17,5.1574527488105836e-17
44.38,0.5650695569622506,0.0,0.5912133753802407,0.841109828629749,-0.5408643602442614,-3.3118390377300784e-17,5.150312296814005e-17
44.39,0.564814776078973,0.0,0.5913942105266894,0.839944743165439,-0.5426719344399015,-3.322907237494638e-17,5.1431782058910025e-17
44.4,0.5645587162493743,0.0,0.5915738036788144,0.838780770248078,-0.5444693007526147,-3.333912932003436e-17,5.1360509273533005e-17
44.41,0.5643013820099119,0.0,0.5917521508465139,0.8376179834182774,-0.5462564542907465,-3.3448560913037263e-17,5.128930911507271e-17
44.42,0.5640427779151996,0.0,0.5919292480587455,0.836456456048035,-0.5480333905297757,-3.355736687690806e-17,5.121818607626824e-17
44.43,0.5637829085379336,0.0,0.5921050913635928,0.8352962613363509,-0.5498001053087518,-3.366554695686203e-17,5.114714463926566e-17
44.44,0.5635217784688163,0.0,0.5922796768283346,0.8341374723048688,-0.5515565948267179,-3.377310092015768e-17,5.1076189275351076e-17
44.45,0.5632593923164819,0.0,0.5924530005395122,0.8329801617935516,-0.5533028556391052,-3.3880028555876014e-17,5.100532444468587e-17
44.46,0.5629957547074214,0.0,0.5926250586029951,0.8318244024564019,-0.5550388846540844,-3.398632967469707e-17,5.0934554596044615e-17
44.47,0.5627308702859057,0.0,0.5927958471440493,0.8306702667572071,-0.556764679128903,-3.4092004108675714e-17,5.0863884166554586e-17
44.48,0.5624647437139106,0.0,0.5929653623074034,0.8295178269653218,-0.5584802366661962,-3.419705171101567e-17,5.0793317581437466e-17
44.49,0.5621973796710396,0.0,0.5931336002573144,0.8283671551514874,-0.5601855552102638,-3.4301472355841627e-17,5.0722859253753396e-17
44.5,0.5619287828544487,0.0,0.5933005571776335,0.8272183231836943,-0.5618806330433156,-3.440526593796925e-17,5.0652513584147595e-17
44.51,0.5616589579787679,0.0,0.5934662292718721,0.8260714027230592,-0.5635654687817178,-3.4508432372675413e-17,5.0582284960597934e-17
44.52,0.5613879097760252,0.0,0.5936306127632673,0.8249264652197572,-0.5652400613721896,-3.461097159546528e-17,5.05121777581658e-17
44.53,0.5611156429955694,0.0,0.5937937038948455,0.8237835819089896,-0.566904410087975,-3.471288356183785e-17,5.044219633874928e-17
44.54,0.5608421624039914,0.0,0.5939554989294888,0.8226428238069683,-0.5685585145250199,-3.481416824705198e-17,5.037234505083719e-17
44.55,0.5605674727850471,0.0,0.594115994149998,0.8215042617069573,-0.5702023745980956,-3.491482564588889e-17,5.030262822926674e-17
44.56,0.5602915789395793,0.0,0.5942751858591571,0.8203679661753387,-0.5718359905369182,-3.5014855772414655e-17,5.023305019498263e-17
44.57,0.5600144856854384,0.0,0.5944330703797968,0.8192340075477249,-0.573459362882231,-3.511425865974023e-17,5.0163615254799e-17
44.58,0.5597361978574049,0.0,0.5945896440548578,0.8181024559250889,-0.5750724924818938,-3.5213034359782083e-17,5.0094327701162435e-17
44.59,0.5594567203071096,0.0,0.5947449032474545,0.816973381169948,-0.5766753804869277,-3.53111829430199e-17,5.002519181191837e-17
44.6,0.5591760579029547,0.0,0.5948988443409368,0.8158468529025834,-0.5782680283475392,-3.540870449825324e-17,4.9956211850079514e-17
44.61,0.5588942155300339,0.0,0.5950514637389526,0.814722940497279,-0.5798504378091537,-3.550559913235857e-17,4.988739206359561e-17
44.62,0.5586111980900534,0.0,0.5952027578655108,0.8136017130786152,-0.5814226109084019,-3.560186697004356e-17,4.981873668512647e-17
44.63,0.5583270105012512,0.0,0.5953527231650424,0.812483239517793,-0.5829845499690988,-3.5697508153600847e-17,4.975024993181688e-17
44.64,0.5580416576983176,0.0,0.5955013561024611,0.8113675884289919,-0.5845362575982109,-3.5792522842661086e-17,4.96819360050736e-17
44.65,0.5577551446323136,0.0,0.5956486531632261,0.8102548281657628,-0.5860777366818076,-3.588691121394505e-17,4.9613799090344504e-17
44.66,0.5574674762705911,0.0,0.5957946108534018,0.8091450268174666,-0.5876089903809857,-3.59806734610141e-17,4.9545843356900487e-17
44.67,0.5571786575967117,0.0,0.5959392256997184,0.8080382522057408,-0.5891300221277911,-3.6073809794020435e-17,4.9478072957619105e-17
44.68,0.5568886936103652,0.0,0.5960824942496321,0.8069345718810019,-0.5906408356211279,-3.616632043945661e-17,4.941049202877044e-17
44.69,0.5565975893272882,0.0,0.5962244130713847,0.805834053118993,-0.5921414348226409,-3.625820563990341e-17,4.934310468980565e-17
44.7,0.556305349779182,0.0,0.5963649787540639,0.8047367629173603,-0.5936318239525981,-3.634946565377771e-17,4.9275915043147387e-17
44.71,0.5560119800136317,0.0,0.5965041879076611,0.8036427679922643,-0.5951120074857603,-3.64401007550796e-17,4.9208927173982275e-17
44.72,0.5557174850940225,0.0,0.5966420371631314,0.8025521347750381,-0.5965819901472296,-3.6530111233138126e-17,4.914214515005628e-17
44.73,0.5554218700994585,0.0,0.5967785231724511,0.8014649294088714,-0.5980417769082966,-3.661949739235705e-17,4.9075573021471685e-17
44.74,0.5551251401246783,0.0,0.5969136426086767,0.8003812177455323,-0.5994913729822797,-3.670825955196005e-17,4.9009214820486344e-17
44.75,0.5548273002799745,0.0,0.5970473921660022,0.7993010653421336,-0.6009307838203417,-3.6796398045734575e-17,4.8943074561315666e-17
44.76,0.5545283556911083,0.0,0.5971797685598166,0.7982245374579263,-0.6023600151073106,-3.6883913221775963e-17,4.8877156239936303e-17
44.77,0.5542283114992264,0.0,0.5973107685267616,0.7971516990511303,-0.6037790727574915,-3.6970805442230946e-17,4.881146383389204e-17
44.78,0.5539271728607787,0.0,0.5974403888247868,0.7960826147758082,-0.6051879629104598,-3.7057075083040085e-17,4.8746001302102447e-17
44.79,0.5536249449474332,0.0,0.5975686262332083,0.7950173489787687,-0.6065866919268594,-3.7142722533680504e-17,4.8680772584673174e-17
44.8,0.5533216329459911,0.0,0.5976954775527636,0.7939559656965047,-0.6079752663841932,-3.722774819690808e-17,4.8615781602708515e-17
44.81,0.5530172420583044,0.0,0.5978209396056675,0.792898528652172,-0.6093536930726036,-3.731215248849913e-17,4.855103225812642e-17
44.82,0.55271177750119,0.0,0.5979450092356671,0.7918451012526081,-0.6107219789906425,-3.7395935836991373e-17,4.848652843347592e-17
44.83,0.5524052445063449,0.0,0.598067683308098,0.7907957465853697,-0.6120801313410588,-3.747909868342596e-17,4.842227399175572e-17
44.84,0.5520976483202609,0.0,0.5981889587099385,0.7897505274158221,-0.6134281575265605,-3.756164148108804e-17,4.835827277623603e-17
44.85,0.5517889942041407,0.0,0.5983088323498634,0.7887095061842646,-0.6147660651455751,-3.764356469524709e-17,4.829452861028246e-17
44.86,0.5514792874338105,0.0,0.5984273011582991,0.787672745003074,-0.6160938619880273,-3.772486880289844e-17,4.82310452971812e-17
44.87,0.5511685332996353,0.0,0.5985443620874767,0.7866403056539023,-0.6174115560310927,-3.7805554292503217e-17,4.816782661996735e-17
44.88,0.5508567371064326,0.0,0.5986600121114856,0.7856122495848982,-0.6187191554349645,-3.788562166372915e-17,4.8104876341254855e-17
44.89,0.5505439041733866,0.0,0.5987742482263261,0.7845886379079747,-0.6200166685386038,-3.796507142719033e-17,4.804219820306915e-17
44.9,0.5502300398339612,0.0,0.5988870674499628,0.7835695313960938,-0.6213041038555162,-3.804390410418863e-17,4.797979592668088e-17
44.91,0.5499151494358137,0.0,0.5989984668223765,0.7825549904806016,-0.6225814700695046,-3.8122120226453626e-17,4.791767321244281e-17
44.92,0.5495992383407075,0.0,0.599108443405616,0.7815450752485952,-0.6238487760304317,-3.819972033588311e-17,4.785583373962847e-17
44.93,0.549282311924426,0.0,0.5992169942838503,0.7805398454403184,-0.625106030749987,-3.827670498428393e-17,4.779428116627279e-17
44.94,0.5489643755766842,0.0,0.5993241165634193,0.7795393604465932,-0.6263532433974589,-3.835307473311306e-17,4.773301912901476e-17
44.95,0.5486454347010414,0.0,0.599429807372885,0.7785436793062918,-0.6275904232954976,-3.8428830153218183e-17,4.7672051242942684e-17
44.96,0.5483254947148147,0.0,0.599534063863082,0.7775528607038356,-0.6288175799158939,-3.8503971824579225e-17,4.7611381101441e-17
44.97,0.5480045610489893,0.0,0.5996368832071678,0.7765669629667276,-0.6300347228753612,-3.857850033605004e-17,4.75510122760392e-17
44.98,0.547682639148131,0.0,0.5997382626006726,0.7755860440631257,-0.6312418619313134,-3.865241628509992e-17,4.7490948316263244e-17
44.99,0.5473597344702984,0.0,0.5998381992615491,0.7746101615994433,-0.6324390069776565,-3.872572027755588e-17,4.743119274948861e-17
45.0,0.5470358524869542,0.0,0.5999366904302208,0.7736393728179811,-0.633626168040589,-3.879841292734551e-17,4.737174908079532e-17
45.01,0.5467109986828755,0.0,0.600033733369632,0.7726737345946011,-0.6348033552743968,-3.8870494856239505e-17,4.731262079282549e-17
45.02,0.5463851785560658,0.0,0.6001293253652953,0.7717133034364253,-0.6359705789572658,-3.8941966693595236e-17,4.7253811345642416e-17
45.03,0.546058397617666,0.0,0.6002234637253399,0.7707581354795672,-0.6371278494871035,-3.90128290761009e-17,4.71953241765917e-17
45.04,0.5457306613918638,0.0,0.6003161457805595,0.769808286486903,-0.6382751773773583,-3.9083082647519545e-17,4.713716270016472e-17
45.05,0.5454019754158055,0.0,0.6004073688844596,0.7688638118458687,-0.6394125732528573,-3.915272805843421e-17,4.70793303078638e-17
45.06,0.5450723452395048,0.0,0.6004971304133047,0.7679247665662874,-0.6405400478456542,-3.9221765965993645e-17,4.7021830368069114e-17
45.07,0.5447417764257547,0.0,0.6005854277661644,0.7669912052782376,-0.6416576119908781,-3.929019703365816e-17,4.696466622590821e-17
45.08,0.5444102745500362,0.0,0.60067225836496,0.7660631822299453,-0.6427652766226016,-3.9358021930946606e-17,4.69078412031269e-17
45.09,0.5440778452004268,0.0,0.6007576196545106,0.7651407512857067,-0.6438630527697209,-3.94252413331841e-17,4.685135859796209e-17
45.1,0.543744493977513,0.0,0.600841509102578,0.7642239659238508,-0.6449509515518378,-3.949185592124989e-17,4.679522168501699e-17
45.11,0.5434102264942966,0.0,0.6009239241999129,0.7633128792347246,-0.6460289841751643,-3.9557866381326554e-17,4.6739433715137783e-17
45.12,0.543075048376105,0.0,0.6010048624602988,0.7624075439187108,-0.6470971619284379,-3.96232734046499e-17,4.6683997915292215e-17
45.13,0.5427389652605001,0.0,0.601084321420597,0.7615080122842776,-0.6481554961788479,-3.9688077687259535e-17,4.662891748845019e-17
45.14,0.5424019827971881,0.0,0.6011622986407898,0.7606143362460638,-0.6492039983679705,-3.975227992974993e-17,4.6574195613466534e-17
45.15,0.5420641066479249,0.0,0.6012387917040258,0.7597265673229796,-0.6502426800077353,-3.9815880837023484e-17,4.6519835444964655e-17
45.16,0.5417253424864277,0.0,0.6013137982166619,0.7588447566363526,-0.6512715526763891,-3.987888111804334e-17,4.6465840113223077e-17
45.17,0.5413856959982812,0.0,0.6013873158083067,0.7579689549080935,-0.652290628014486,-3.9941281485587854e-17,4.641221272406306e-17
45.18,0.541045172880847,0.0,0.6014593421318631,0.7570992124589007,-0.6532999177208829,-4.0003082656005425e-17,4.635895635873873e-17
45.19,0.5407037788431697,0.0,0.6015298748635705,0.7562355792064795,-0.6542994335487693,-4.0064285348971335e-17,4.630607407382799e-17
45.2,0.5403615196058855,0.0,0.6015989117030469,0.7553781046638034,-0.6552891873016982,-4.0124890287244754e-17,4.6253568901126057e-17
45.21,0.5400184009011305,0.0,0.6016664503733301,0.7545268379374027,-0.6562691908296354,-4.0184898196426825e-17,4.62014438475407e-17
45.22,0.5396744284724458,0.0,0.601732488620919,0.7536818277256705,-0.6572394560250417,-4.024430980472075e-17,4.6149701894988466e-17
45.23,0.5393296080746866,0.0,0.6017970242158142,0.7528431223172088,-0.6581999948189579,-4.030312584269206e-17,4.609834600029346e-17
45.24,0.5389839454739276,0.0,0.6018600549515585,0.7520107695891992,-0.6591508191771139,-4.036134704303042e-17,4.604737909508753e-17
45.25,0.5386374464473712,0.0,0.6019215786452765,0.7511848170057986,-0.6600919410960604,-4.041897414031268e-17,4.5996804085712076e-17
45.26,0.538290116783253,0.0,0.6019815931377154,0.7503653116165615,-0.6610233725993208,-4.0476007870767317e-17,4.594662385312142e-17
45.27,0.5379419622807483,0.0,0.6020400962932827,0.7495523000548965,-0.6619451257335569,-4.0532448972039636e-17,4.589684125278827e-17
45.28,0.5375929887498792,0.0,0.602097086000086,0.7487458285365417,-0.6628572125647633,-4.0588298182958703e-17,4.5847459114610435e-17
45.29,0.5372432020114195,0.0,0.6021525601699712,0.7479459428580686,-0.6637596451744824,-4.064355624330564e-17,4.579848024281914e-17
45.303,0.5367872730971687,0.0,0.6022224074711974,0.7469160118753778,-0.6649183943945155,-4.071450916947204e-17,4.57354151587544e-17
45.312,0.5364708374489991,0.0,0.6022692585157243,0.7462095995103638,-0.6657110736637798,-4.076304677596479e-17,4.569215987666977e-17
45.321,0.5361537582476329,0.0,0.6023148766921165,0.7455086380905042,-0.6664959643782111,-4.081110747102023e-17,4.564923836871192e-17
45.33,0.535836039768211,0.0,0.6023592605502197,0.7448131597221757,-0.6672730753632046,-4.0858691795037954e-17,4.5606652600829436e-17
45.34,0.5354822746731431,0.0,0.6024071265466955,0.7440468754195887,-0.6681274183704387,-4.091100521649711e-17,4.555973121990944e-17
45.35,0.5351277315156469,0.0,0.6024534649779432,0.7432874428534257,-0.668972179762668,-4.096273193324896e-17,4.5513229386843455e-17
45.36,0.5347724161891187,0.0,0.6024982739230236,0.7425349048464258,-0.6698073716261335,-4.10138726853623e-17,4.5467149723767995e-17
45.37,0.5344163345969509,0.0,0.6025415514850302,0.7417893037911283,-0.6706330060331606,-4.106442821205388e-17,4.542149482647744e-17
45.38,0.5340594926524345,0.0,0.6025832957911241,0.7410506816486033,-0.6714490950385892,-4.111439925146976e-17,4.5376267264346316e-17
45.39,0.5337018962786665,0.0,0.6026235049925688,0.7403190799472122,-0.6722556506762238,-4.1163786540467937e-17,4.5331469580253345e-17
45.4,0.5333435514084517,0.0,0.6026621772647643,0.7395945397813853,-0.6730526849553167,-4.1212590814403023e-17,4.528710429050667e-17
45.41,0.5329844639842077,0.0,0.6026993108072821,0.7388771018104232,-0.6738402098570769,-4.1260812806912504e-17,4.524317388477039e-17
45.42,0.5326246399578695,0.0,0.6027349038438972,0.7381668062573243,-0.6746182373312047,-4.130845324970447e-17,4.519968082599283e-17
45.43,0.5322640852907937,0.0,0.6027689546226217,0.737463692907638,-0.6753867792924503,-4.1355512872346953e-17,4.515662755033628e-17
45.44,0.5319028059536609,0.0,0.6028014614157386,0.7367678011083283,-0.6761458476172125,-4.140199240205967e-17,4.51140164671074e-17
45.45,0.5315408079263803,0.0,0.6028324225198328,0.7360791697666721,-0.6768954541401551,-4.1447892563506746e-17,4.507184995868981e-17
45.46,0.5311780971979939,0.0,0.6028618362558237,0.7353978373491782,-0.677635610650851,-4.1493214078591337e-17,4.503013038047785e-17
45.47,0.5308146797665779,0.0,0.6028897009689972,0.7347238418805178,-0.678366328890469,-4.153795766625268e-17,4.4988860060811106e-17
45.48,0.530450561639148,0.0,0.6029160150290358,0.7340572209424876,-0.6790876205484767,-4.1582124042264216e-17,4.494804130091094e-17
45.49,0.5300857488315615,0.0,0.6029407768300508,0.7333980116729892,-0.6797994972593802,-4.162571391903399e-17,4.490767637481797e-17
45.5,0.5297202473684203,0.0,0.6029639847906112,0.7327462507650332,-0.6805019705994885,-4.166872800540649e-17,4.4867767529331085e-17
45.51,0.5293540632829741,0.0,0.6029856373537756,0.7321019744657548,-0.681195052083721,-4.1711167006467174e-17,4.4828316983947195e-17
45.52,0.5289872026170226,0.0,0.60300573298712,0.7314652185754592,-0.6818787531624341,-4.1753031623348154e-17,4.478932693080276e-17
45.53,0.5286196714208192,0.0,0.6030242701827683,0.7308360184466878,-0.6825530852182801,-4.1794322553035866e-17,4.475079953461661e-17
45.54,0.5282514757529719,0.0,0.6030412474574205,0.7302144089832924,-0.6832180595631098,-4.1835040488181405e-17,4.471273693263326e-17
45.55,0.5278826216803468,0.0,0.6030566633523816,0.729600424639542,-0.6838736874348946,-4.187518611691206e-17,4.467514123456824e-17
45.56,0.52751311527797,0.0,0.6030705164335897,0.7289940994192436,-0.6845199799946864,-4.191476012264515e-17,4.4638014522554204e-17
45.57,0.5271429626289297,0.0,0.603082805291643,0.7283954668748819,-0.6851569483236106,-4.1953763183903914e-17,4.46013588510883e-17
45.58,0.5267721698242782,0.0,0.6030935285418284,0.7278045601067753,-0.6857846034198956,-4.1992195974135605e-17,4.456517624698049e-17
45.59,0.5264007429629336,0.0,0.603102684824147,0.7272214117622581,-0.6864029561959274,-4.203005916153117e-17,4.452946870930343e-17
45.6,0.5260286881515821,0.0,0.6031102728033413,0.7266460540348737,-0.6870120174753477,-4.20673534088475e-17,4.449423820934314e-17
45.61,0.5256560115045789,0.0,0.6031162911689216,0.7260785186635869,-0.6876117979901823,-4.2104079373231665e-17,4.445948669055067e-17
45.62,0.5252827191438498,0.0,0.6031207386351911,0.7255188369320186,-0.6882023083780023,-4.214023770604701e-17,4.442521606849535e-17
45.63,0.5249088171987936,0.0,0.6031236139412717,0.7249670396676935,-0.6887835591791234,-4.217582905270175e-17,4.439142823081865e-17
45.64,0.5245343118061824,0.0,0.6031249158511286,0.7244231572413046,-0.6893555608338414,-4.2210854052479624e-17,4.435812503718917e-17
45.65,0.5241592091100626,0.0,0.603124643153595,0.723887219566,-0.6899183236796989,-4.224531333837254e-17,4.4325308319258956e-17
45.66,0.5237835152616576,0.0,0.6031227946623965,0.723359256096681,-0.6904718579487917,-4.227920753691569e-17,4.4292979880620546e-17
45.67,0.5234072364192657,0.0,0.6031193692161743,0.7228392958293176,-0.6910161737651126,-4.2312537268024816e-17,4.426114149676503e-17
45.68,0.5230303787481653,0.0,0.6031143656785086,0.7223273673002846,-0.6915512811419264,-4.2345303144835576e-17,4.42297949150414e-17
45.69,0.5226529484205119,0.0,0.6031077829379424,0.7218234985857089,-0.6920771899791865,-4.237750577354527e-17,4.4198941854616625e-17
45.7,0.52227495161524,0.0,0.603099619908003,0.7213277173008331,-0.692593910060989,-4.2409145753257e-17,4.4168584006436605e-17
45.71,0.5218963945179647,0.0,0.6030898755272244,0.7208400505993984,-0.6931014510530596,-4.244022367582577e-17,4.413872303318847e-17
45.72,0.521517283320881,0.0,0.6030785487591697,0.7203605251730393,-0.6935998225002823,-4.2470740125707154e-17,4.410936056926345e-17
45.73,0.5211376242226642,0.0,0.6030656385924513,0.7198891672506937,-0.6940890338242658,-4.2500695679808304e-17,4.4080498220720785e-17
45.74,0.5207574234283706,0.0,0.6030511440407534,0.719426002598029,-0.6945690943209472,-4.25300909073412e-17,4.405213756525258e-17
45.75,0.5203766871493385,0.0,0.6030350641428511,0.7189710565168855,-0.6950400131582306,-4.255892636967807e-17,4.4024280152149733e-17
45.76,0.5199954216030861,0.0,0.603017397962631,0.7185243538447263,-0.6955017993736742,-4.2587202620209734e-17,4.3996927502268214e-17
45.77,0.5196136330132132,0.0,0.6029981445891115,0.718085918954109,-0.6959544618722067,-4.261492020420583e-17,4.3970081107996767e-17
45.78,0.5192313276093019,0.0,0.6029773031364615,0.7176557757521711,-0.6963980094238851,-4.264207965867746e-17,4.394374243322535e-17
45.79,0.5188485116268136,0.0,0.6029548727440194,0.7172339476801224,-0.6968324506616977,-4.26686815122427e-17,4.3917912913314107e-17
45.8,0.5184651913069916,0.0,0.6029308525763124,0.7168204577127584,-0.6972577940794004,-4.26947262849941e-17,4.389259395506351e-17
45.81,0.518081372896759,0.0,0.6029052418230734,0.7164153283579833,-0.6976740480293954,-4.272021448836879e-17,4.386778693668521e-17
45.82,0.5176970626486197,0.0,0.6028780396992598,0.7160185816563489,-0.6980812207206483,-4.2745146625020946e-17,4.384349320777377e-17
45.83,0.5173122668205563,0.0,0.6028492454450703,0.7156302391806015,-0.698479320216651,-4.2769523188697045e-17,4.3819714089278924e-17
45.84,0.5169269916759307,0.0,0.6028188583259623,0.7152503220352465,-0.6988683544334199,-4.279334466411328e-17,4.379645087347891e-17
45.85,0.5165412434833836,0.0,0.6027868776326677,0.7148788508561253,-0.6992483311375335,-4.281661152683544e-17,4.37737048239546e-17
45.86,0.5161550285167326,0.0,0.6027533026812095,0.7145158458099999,-0.6996192579442195,-4.2839324243161746e-17,4.375147717556401e-17
45.87,0.5157683530548726,0.0,0.6027181328129178,0.7141613265941548,-0.6999811423154748,-4.286148327000771e-17,4.372976913441796e-17
45.88,0.515381223381674,0.0,0.6026813673944444,0.7138153124360095,-0.7003339915582295,-4.2883089054793764e-17,4.3708581877856344e-17
45.89,0.5149936457858832,0.0,0.6026430058177785,0.7134778220927417,-0.700677812822554,-4.2904142035335453e-17,4.368791655442504e-17
45.9,0.5146056265610196,0.0,0.6026030475002607,0.7131488738509218,-0.7010126130999085,-4.2924642639736244e-17,4.3667774283853553e-17
45.91,0.5142171720052763,0.0,0.602561491884597,0.7128284855261623,-0.7013383992214299,-4.2944591286282635e-17,4.3648156157033504e-17
45.92,0.5138282884214175,0.0,0.6025183384388729,0.7125166744627747,-0.7016551778562661,-4.2963988383342156e-17,4.362906323599768e-17
45.93,0.5134389821166792,0.0,0.6024735866565669,0.712213457533438,-0.7019629555099511,-4.298283432926388e-17,4.3610496553899713e-17
45.94,0.5130492594026657,0.0,0.6024272360565623,0.711918851138882,-0.7022617385228206,-4.3001129512281386e-17,4.359245711499464e-17
45.95,0.5126591265952497,0.0,0.602379286183161,0.7116328712075765,-0.7025515330684724,-4.301887431041853e-17,4.357494589461996e-17
45.96,0.5122685900144713,0.0,0.6023297366060948,0.7113555331954333,-0.7028323451522708,-4.303606909139781e-17,4.355796383917731e-17
45.97,0.511877655984435,0.0,0.6022785869205375,0.7110868520855206,-0.7031041806098901,-4.305271421255122e-17,4.354151186611501e-17
45.98,0.5114863308332096,0.0,0.6022258367471154,0.7108268423877842,-0.7033670451059051,-4.3068810020733934e-17,4.3525590863911e-17
45.99,0.5110946208927253,0.0,0.6021714857319193,0.7105755181387807,-0.7036209441324237,-4.308435685224057e-17,4.351020169205649e-17
46.0,0.5107025324986745,0.0,0.6021155335465139,0.7103328929014225,-0.7038658830077618,-4.309935503272404e-17,4.349534518104034e-17
46.011,0.5102708057174704,0.0,0.6020521364301654,0.7100760681063789,-0.7041249729292274,-4.311521971487475e-17,4.3479619197880747e-17
46.02,0.5099172457108316,0.0,0.601998824478767,0.7098737913435933,-0.7043289007015633,-4.312770668955717e-17,4.346723331837638e-17
46.03,0.5095240600063111,0.0,0.6019380670670152,0.7096573397785481,-0.7045469892763963,-4.314106076331216e-17,4.345397948256123e-17
46.04,0.509130521226563,0.0,0.6018757074262524,0.709449636735556,-0.7047561372104449,-4.315386738071121e-17,4.3441261339222564e-17
46.05,0.5087366357245561,0.0,0.6018117453555575,0.7092506934057972,-0.7049563489347379,-4.316612681307657e-17,4.3429079573622514e-17
46.06,0.5083424098564094,0.0,0.6017461806795383,0.7090605205054705,-0.7051476286994881,-4.317783932065872e-17,4.341743484193903e-17
46.073,0.5078294178384574,0.0,0.6016585504624659,0.708826424309797,-0.7053829457820678,-4.319224833625702e-17,4.340310058410283e-17
46.081,0.5075134559338773,0.0,0.6016032777441813,0.7086897501382935,-0.705520260551689,-4.3200656440911633e-17,4.339473170476993e-17
46.091,0.5071182153561902,0.0,0.6015327441529594,0.7085268285361509,-0.7056838762820813,-4.321067501493738e-17,4.3384755633841136e-17
46.1,0.5067622299493628,0.0,0.601467893308288,0.7083877308878256,-0.7058235067831033,-4.321922491724438e-17,4.337623835935161e-17
46.11,0.5063663976954267,0.0,0.6013943138687721,0.7082415542405992,-0.7059701841061422,-4.322820631295274e-17,4.336728762119482e-17
46.12,0.505970263272509,0.0,0.6013191313080748,0.7081042023354456,-0.7061079511199986,-4.32366421095801e-17,4.335887724264466e-17
46.13,0.5055738330559241,0.0,0.6012423456296936,0.7079756825589044,-0.7062368107832199,-4.324453248828526e-17,4.3351007675996244e-17
46.14,0.5051771134233202,0.0,0.6011639568627036,0.7078560018212711,-0.7063567658666581,-4.325187761873396e-17,4.3343679344383133e-17
46.15,0.5047801107545766,0.0,0.6010839650617628,0.7077451665564773,-0.7064678189528127,-4.32586776590587e-17,4.333689264177002e-17
46.16,0.5043828314317027,0.0,0.6010023703071145,0.7076431827219816,-0.7065699724352176,-4.326493275582114e-17,4.3330647932946013e-17
46.17,0.5039852818387343,0.0,0.6009191727045923,0.7075500557986673,-0.7066632285178726,-4.327064304397736e-17,4.332494555351845e-17
46.18,0.5035874683616327,0.0,0.6008343723856224,0.7074657907907486,-0.7067475892147215,-4.3275808646845855e-17,4.3319785809907063e-17
46.19,0.5031893973881816,0.0,0.6007479695072265,0.7073903922256861,-0.7068230563491757,-4.328042967607837e-17,4.3315168979338864e-17
46.2,0.5027910753078848,0.0,0.600659964252024,0.7073238641541095,-0.7068896315536809,-4.328450623163336e-17,4.3311095309843377e-17
46.21,0.5023925085118646,0.0,0.600570356828234,0.7072662101497499,-0.7069473162693313,-4.3288038401752403e-17,4.330756502024852e-17
46.22,0.5019937033927587,0.0,0.6004791474696765,0.7072174333093775,-0.7069961117455288,-4.329102626293931e-17,4.330457830017679e-17
46.23,0.5015946663446181,0.0,0.6003863364357741,0.707177536252751,-0.7070360190396873,-4.3293469879942e-17,4.3302135310042144e-17
46.24,0.5011954037628047,0.0,0.6002919240115518,0.707146521122573,-0.707067039016982,-4.3295369305737184e-17,4.330023618104726e-17
46.25,0.5007959220438895,0.0,0.600195910507638,0.7071243895844532,-0.7070891723501459,-4.329672458151787e-17,4.3298881015181334e-17
46.26,0.5003962275855492,0.0,0.6000982962602636,0.7071111428268813,-0.7071024195193097,-4.329753573668358e-17,4.329806988521835e-17
46.27,0.4999963267864645,0.0,0.5999990816312619,0.7071067815612058,-0.7071067808118893,-4.329780278883346e-17,4.329780283471587e-17
46.28,0.4995962260462178,0.0,0.5998982670080681,0.7071113060216233,-0.7071022563225168,-4.329752574376207e-17,4.3298079878014275e-17
46.29,0.49919593176519034,0.0,0.5997958528037164,0.7071247159651741,-0.7070888459530187,-4.329670459545801e-17,4.329890100023659e-17
46.3,0.49879545034446016,0.0,0.5996918394568399,0.7071470106717457,-0.7070665494124396,-4.32953393261054e-17,4.3300266157288627e-17
46.31,0.49839478818569866,0.0,0.5995862274316668,0.7071781889440859,-0.7070353662171099,-4.3293429906088015e-17,4.330217527585985e-17
46.32,0.49799395169107086,0.0,0.5994790172180194,0.707218249107822,-0.706995295690761,-4.329097629399635e-17,4.3304628253424486e-17
46.33,0.49759294726313014,0.0,0.5993702093313097,0.70726718901149,-0.7069463369646846,-4.328797843663736e-17,4.3307624958243365e-17
46.34,0.4971917813047162,0.0,0.5992598043125364,0.7073250060265697,-0.7068884889779385,-4.328443626904708e-17,4.331116522936604e-17
46.35,0.49679046021885515,0.0,0.5991478027282817,0.70739169704753,-0.7068217504775978,-4.3280349714505965e-17,4.331524887663359e-17
46.36,0.49638899040865436,0.0,0.5990342051707059,0.7074672584918813,-0.7067461200190501,-4.327571868455704e-17,4.3319875680681776e-17
46.37,0.49598737827720085,0.0,0.5989190122575436,0.7075516863002353,-0.7066615959663389,-4.3270543079026856e-17,4.332504539294477e-17
46.38,0.4955856302274593,0.0,0.5988022246320978,0.7076449759363752,-0.7065681764925498,-4.326482278604916e-17,4.333075773565938e-17
46.39,0.49518375266217074,0.0,0.5986838429632356,0.7077471223873305,-0.706465859580244,-4.325855768209146e-17,4.3337012401869716e-17
46.4,0.49478175198374735,0.0,0.5985638679453812,0.7078581201634649,-0.7063546430219353,-4.325174763198422e-17,4.3343809055432494e-17
46.41,0.49437963459417283,0.0,0.5984423002985101,0.707977963298568,-0.7062345244206145,-4.324439248895294e-17,4.335114733102268e-17
46.42,0.49397740689489844,0.0,0.598319140768142,0.708106645349958,-0.7061055011903169,-4.323649209465296e-17,4.335902683413981e-17
46.43,0.49357507528674216,0.0,0.5981943901253344,0.7082441593985918,-0.7059675705567374,-4.3228046279207084e-17,4.336744714111466e-17
46.44,0.493172646169785,0.0,0.5980680491666743,0.7083904980491839,-0.705820729557888,-4.3219054861245857e-17,4.337640779911662e-17
46.45,0.49277012594326924,0.0,0.5979401187142706,0.7085456534303345,-0.7056649750448014,-4.3209517647950645e-17,4.3385908326161446e-17
46.46,0.49236752100549686,0.0,0.5978105996157457,0.7087096171946639,-0.7055003036822827,-4.319943443509965e-17,4.339594821111955e-17
46.47,0.4919648377537264,0.0,0.5976794927442266,0.708882380518959,-0.7053267119496991,-4.318880500711631e-17,4.340652691372496e-17
46.48,0.4915620825840711,0.0,0.5975467989983363,0.7090639341043266,-0.7051441961418212,-4.317762913712074e-17,4.3417643864584663e-17
46.49,0.49115926189139686,0.0,0.5974125193021831,0.7092542681763543,-0.7049527523697061,-4.316590658698387e-17,4.342929846518854e-17
46.5,0.49075638206922045,0.0,0.5972766546053521,0.7094533724852834,-0.7047523765616245,-4.315363710738418e-17,4.344149008791986e-17
46.51,0.4903534495096065,0.0,0.597139205882893,0.7096612363061893,-0.7045430644640334,-4.314082043786729e-17,4.3454218076066404e-17
46.52,0.4899504706030662,0.0,0.5970001741353111,0.7098778484391699,-0.7043248116425935,-4.312745630690823e-17,4.3467481743831966e-17
46.53,0.4895474517384553,0.0,0.5968595603885551,0.710103197209546,-0.7040976134832305,-4.3113544431976424e-17,4.3481280376348606e-17
46.54,0.48914439930287157,0.0,0.5967173656940055,0.7103372704680683,-0.7038614651932399,-4.309908451960337e-17,4.349561322968938e-17
46.55,0.4887413196815532,0.0,0.5965735911284624,0.7105800555911358,-0.7036163618024373,-4.308407626545304e-17,4.3510479530881636e-17
46.56,0.4883382192577767,0.0,0.5964282377941341,0.7108315394810227,-0.7033622981643524,-4.306851935439502e-17,4.3525878477920997e-17
46.57,0.4879351044127559,0.0,0.596281306818623,0.7110917085661161,-0.703099268957465,-4.3052413460580173e-17,4.3541809239785835e-17
46.58,0.4875319815255386,0.0,0.5961327993549131,0.7113605488011623,-0.7028272686864883,-4.303575824751923e-17,4.35582709564524e-17
46.59,0.4871288569729058,0.0,0.5959827165813563,0.711638045667523,-0.7025462916836929,-4.301855336816386e-17,4.35752627389105e-17
46.6,0.48672573712927025,0.0,0.5958310597016576,0.7119241841734445,-0.702256332110274,-4.3000798464990385e-17,4.359278366917998e-17
46.61,0.48632262836657375,0.0,0.5956778299448617,0.7122189488543326,-0.7019573839577654,-4.298249317008635e-17,4.361083280032754e-17
46.62,0.48591953705418633,0.0,0.5955230285653379,0.7125223237730408,-0.701649441049493,-4.2963637105239555e-17,4.362940915648442e-17
46.63,0.48551646955880357,0.0,0.5953666568427635,0.71283429252017,-0.7013324970420725,-4.294422988202973e-17,4.3648511732864713e-17
46.64,0.4851134322443474,0.0,0.5952087160821102,0.7131548382143752,-0.7010065454269513,-4.292427110192298e-17,4.3668139495784156e-17
46.65,0.48471043147186205,0.0,0.5950492076136266,0.7134839435026858,-0.7006715795319918,-4.290376035636869e-17,4.368829138267976e-17
46.66,0.48430747359941345,0.0,0.5948881327928219,0.7138215905608375,-0.7003275925230964,-4.288269722689909e-17,4.3708966302130105e-17
46.67,0.4839045649819882,0.0,0.5947254930004493,0.7141677610936132,-0.6999745774058768,-4.286108128523141e-17,4.3730163133876256e-17
46.68,0.48350171197139336,0.0,0.5945612896424889,0.7145224363351946,-0.6996125270273665,-4.283891209337278e-17,4.375188072884323e-17
46.69,0.4830989209161523,0.0,0.5943955241501291,0.7148855970495304,-0.6992414340777702,-4.281618920372731e-17,4.3774117909162595e-17
46.7,0.4826961981614055,0.0,0.5942281979797491,0.7152572235307099,-0.6988612910922597,-4.2792912159206124e-17,4.3796873468195336e-17
46.71,0.48229355004881047,0.0,0.594059312612901,0.7156372956033509,-0.6984720904528128,-4.276908049333989e-17,4.3820146170555594e-17
46.72,0.48189098291643756,0.0,0.5938888695562894,0.7160257926230023,-0.6980738243900866,-4.274469373039356e-17,4.3843934752135313e-17
46.73,0.48148850309867164,0.0,0.593716870341753,0.7164226934765546,-0.6976664849853392,-4.2719751385484034e-17,4.38682379201294e-17
46.74,0.4810861169261099,0.0,0.5935433165262454,0.7168279765826662,-0.697250064172389,-4.269425296470014e-17,4.38930543530618e-17
46.75,0.48068383072546206,0.0,0.5933682096918136,0.7172416198921971,-0.6968245537396174,-4.266819796522526e-17,4.391838270081209e-17
46.76,0.4802816508194481,0.0,0.5931915514455783,0.7176636008886647,-0.6963899453320068,-4.264158587546212e-17,4.394422158464334e-17
46.77,0.4798795835266986,0.0,0.5930133434197131,0.718093896588703,-0.6959462304532248,-4.26144161751604e-17,4.397056959723028e-17
46.78,0.4794776351616542,0.0,0.5928335872714229,0.7185324835425388,-0.6954934004677479,-4.258668833554679e-17,4.399742530268842e-17
46.79,0.4790758120344643,0.0,0.5926522846829219,0.7189793378344842,-0.6950314466030201,-4.2558401819457154e-17,4.402478723660423e-17
46.8,0.478674120450887,0.0,0.5924694373614119,0.7194344350834379,-0.6945603599516565,-4.252955608147148e-17,4.4052653906065824e-17
46.81,0.47827256671218865,0.0,0.5922850470390595,0.7198977504434021,-0.694080131473686,-4.250015056805118e-17,4.4081023789694624e-17
46.82,0.47787115711504413,0.0,0.5920991154729736,0.7203692586040141,-0.6935907519988304,-4.2470184717678663e-17,4.410989533767789e-17
46.83,0.4774698979514353,0.0,0.591911644445181,0.7208489337910932,-0.6930922122288232,-4.243965796099932e-17,4.413926697180223e-17
46.84,0.4770687955085518,0.0,0.5917226357626039,0.7213367497671973,-0.6925845027397709,-4.2408569720966087e-17,4.4169137085487675e-17
46.85,0.4766678560686913,0.0,0.5915320912570353,0.7218326798321997,-0.6920676139845479,-4.237691941298613e-17,4.419950404382298e-17
46.86,0.47626708590915834,0.0,0.5913400127851143,0.7223366968238787,-0.6915415362952309,-4.234470644506988e-17,4.423036618360176e-17
46.87,0.4758664913021654,0.0,0.5911464022283007,0.7228487731185202,-0.6910062598855744,-4.231193021798264e-17,4.426172181335936e-17
46.88,0.47546607851473277,0.0,0.5909512614928509,0.7233688806315389,-0.6904617748535211,-4.2278590125398255e-17,4.4293569213410896e-17
46.89,0.4750658538085892,0.0,0.5907545925097913,0.7238969908181144,-0.6899080711837474,-4.224468555405503e-17,4.432590663589024e-17
46.9,0.4746658234400716,0.0,0.5905563972348923,0.7244330746738405,-0.6893451387502532,-4.221021588391428e-17,4.4358732304789714e-17
46.91,0.4742659936600262,0.0,0.5903566776486417,0.7249771027353933,-0.6887729673189816,-4.217518048832077e-17,4.4392044416001065e-17
46.92,0.4738663707137081,0.0,0.5901554357562179,0.7255290450812167,-0.6881915465504773,-4.2139578734165436e-17,4.442584113735739e-17
46.93,0.473466960840684,0.0,0.5899526735874628,0.7260888713322197,-0.687600866002584,-4.210340998205063e-17,4.446012060867586e-17
46.94,0.47306777027473107,0.0,0.5897483931968539,0.7266565506524938,-0.6870009151331748,-4.206667358645725e-17,4.449488094180165e-17
46.95,0.47266880524373756,0.0,0.5895425966634755,0.7272320517500505,-0.686391683302917,-4.2029368895914053e-17,4.453012022065308e-17
46.96,0.47227007196960646,0.0,0.5893352860909916,0.7278153428775671,-0.6857731597780782,-4.1991495253169495e-17,4.45658365012673e-17
46.97,0.47187157666815377,0.0,0.5891264636076161,0.728406391833159,-0.6851453337333608,-4.1953051995365274e-17,4.460202781184755e-17
46.98,0.4714733255490105,0.0,0.588916131366083,0.7290051659611664,-0.6845081942547746,-4.191403845421222e-17,4.463869215281137e-17
46.99,0.4710753248155245,0.0,0.588704291543618,0.7296116321529584,-0.6838617303425424,-4.1874453956168245e-17,4.4675827496839834e-17
47.0,0.4706775806646626,0.0,0.5884909463419078,0.7302257568477524,-0.6832059309140452,-4.183429782261866e-17,4.471343178892767e-17
47.01,0.4702800992869094,0.0,0.5882760979870689,0.7308475060334619,-0.68254078480679,-4.179356937005789e-17,4.475150294643525e-17
47.02,0.469882886866172,0.0,0.5880597487296182,0.7314768452475536,-0.6818662807814201,-4.1752267910273823e-17,4.4790038859141016e-17
47.03,0.4694859495796805,0.0,0.5878419008444408,0.7321137395779233,-0.6811824075247604,-4.171039275053429e-17,4.482903738929513e-17
47.04,0.4690892935978885,0.0,0.5876225566307578,0.732758153663801,-0.6804891536528832,-4.1667943193774744e-17,4.486849637167492e-17
47.05,0.46869292508437804,0.0,0.5874017184120959,0.7334100516966657,-0.6797865077142191,-4.16249185387888e-17,4.490841361364083e-17
47.06,0.4682968501957587,0.0,0.5871793885362534,0.7340693974211843,-0.6790744581926929,-4.1581318080420224e-17,4.494878689519398e-17
47.07,0.467901075081572,0.0,0.5869555693752683,0.7347361541361662,-0.6783529935108975,-4.1537141109757297e-17,4.4989613969034614e-17
47.08,0.46750560588419343,0.0,0.586730263325385,0.7354102846955487,-0.6776221020332881,-4.149238691432837e-17,4.503089256062237e-17
47.09,0.46711044873873303,0.0,0.5865034728070198,0.7360917515093929,-0.676881772069417,-4.144705477829999e-17,4.5072620368237344e-17
47.1,0.46671560977294063,0.0,0.5862752002647281,0.7367805165448996,-0.6761319918772006,-4.14011439826769e-17,4.511479506304224e-17
47.11,0.46632109510710756,0.0,0.58604544816717,0.737476541327459,-0.6753727496662038,-4.135465380550315e-17,4.515741428914667e-17
47.12,0.4659269108539685,0.0,0.585814219007074,0.7381797869417078,-0.6746040336009672,-4.13075835220659e-17,4.5200475663671885e-17
47.13,0.46553306311860493,0.0,0.5855815153012032,0.7388902140326169,-0.673825831804357,-4.1259932405100425e-17,4.524397677681735e-17
47.14,0.46513955799835094,0.0,0.5853473395903206,0.7396077828065923,-0.6730381323609507,-4.1211699724997546e-17,4.5287915191928205e-17
47.15,0.464746401582692,0.0,0.5851116944391508,0.7403324530326124,-0.6722409233204377,-4.116288475001177e-17,4.533228844556485e-17
47.16,0.4643535999531709,0.0,0.5848745824363449,0.7410641840433746,-0.6714341927010624,-4.111348674647216e-17,4.537709404757319e-17
47.17,0.4639611591832917,0.0,0.5846360061944449,0.7418029347364664,-0.6706179284930919,-4.106350497899468e-17,4.542232948115633e-17
47.18,0.46356908533842267,0.0,0.5843959683498448,0.7425486635755704,-0.6697921186623015,-4.1012938710695585e-17,4.5467992202948356e-17
47.19,0.463177384475699,0.0,0.584154471562754,0.7433013285916802,-0.668956751153498,-4.0961787203407186e-17,4.5514079643088805e-17
47.2,0.46278606264392885,0.0,0.5839115185171596,0.7440608873843423,-0.6681118138940706,-4.0910049717895284e-17,4.55605892052987e-17
47.21,0.4623951258834964,0.0,0.5836671119207881,0.7448272971229307,-0.6672572947975537,-4.0857725514077297e-17,4.560751826695858e-17
47.22,0.4620045802262651,0.0,0.583421254505066,0.7456005145479362,-0.6663931817672303,-4.0804813851242946e-17,4.565486417918748e-17
47.23,0.46161443169548444,0.0,0.5831739490250822,0.7463804959722788,-0.6655194626997584,-4.075131398827627e-17,4.570262426692326e-17
47.24,0.4612246863056917,0.0,0.5829251982595474,0.7471671972826575,-0.6646361254888109,-4.069722518387854e-17,4.575079582900527e-17
47.25,0.4608353500626191,0.0,0.582675005010755,0.7479605739409122,-0.6637431580287523,-4.0642546696793366e-17,4.579937613825777e-17
47.26,0.4604464289630975,0.0,0.5824233721045411,0.7487605809854121,-0.662840548218339,-4.0587277786033286e-17,4.584836244157487e-17
47.27,0.46005792899496045,0.0,0.5821703023902431,0.7495671730324808,-0.66192828396443,-4.0531417711106974e-17,4.5897751960007893e-17
47.28,0.4596698561369513,0.0,0.5819157987406602,0.750380304277835,-0.6610063531857344,-4.047496573224873e-17,4.5947541888853376e-17
47.29,0.45928221635862765,0.0,0.5816598640520112,0.7511999284980497,-0.660074743816581,-4.041792111064926e-17,4.599772939774286e-17
47.3,0.45889501562026536,0.0,0.5814025012438924,0.752025999052062,-0.659133443810696,-4.0360283108687037e-17,4.604831163073491e-17
47.31,0.4585082598727667,0.0,0.5811437132592367,0.7528584688826887,-0.6581824411450169,-4.0302050990161806e-17,4.6099285706408096e-17
47.32,0.45812195505756464,0.0,0.5808835030642712,0.7536972905181709,-0.6572217238235266,-4.0243224020529383e-17,4.615064871795554e-17
47.33,0.45773610710652823,0.0,0.5806218736484731,0.7545424160737584,-0.656251279881095,-4.018380146713684e-17,4.620239773328193e-17
47.34,0.45735072194187015,0.0,0.580358828024528,0.7553937972533087,-0.655271097387354,-4.012378259945983e-17,4.625452979510146e-17
47.35,0.4569658054760526,0.0,0.5800943692282859,0.7562513853509139,-0.6542811644505928,-4.0063166689341075e-17,4.630704192103741e-17
47.36,0.45658136361169194,0.0,0.5798285003187168,0.7571151312525675,-0.6532814692216576,-4.000195301122916e-17,4.635993110372425e-17
47.37,0.45619740224146843,0.0,0.5795612243778674,0.757984985437846,-0.6522719998978864,-3.9940140842419465e-17,4.641319431091056e-17
47.38,0.45581392724802977,0.0,0.5792925445108156,0.7588608979816271,-0.6512527447270519,-3.987772946329562e-17,4.6466828485564294e-17
47.39,0.4554309445039004,0.0,0.579022463845626,0.7597428185558273,-0.6502236920113318,-3.981471815757259e-17,4.652083054597911e-17
47.4,0.455048459871388,0.0,0.5787509855333048,0.7606306964311839,-0.6491848301112806,-3.97511062125399e-17,4.657519738588357e-17
47.41,0.4546664792024893,0.0,0.5784781127477532,0.7615244804790509,-0.648136147449833,-3.968689291930675e-17,4.662992587455103e-17
47.42,0.45428500833879876,0.0,0.5782038486857213,0.7624241191732333,-0.6470776325163152,-3.962207757304764e-17,4.668501285691202e-17
47.43,0.4539040531114178,0.0,0.5779281965667636,0.7633295605918418,-0.6460092738704808,-3.9556659473249507e-17,4.674045515366773e-17
47.44,0.4535236193408592,0.0,0.5776511596331896,0.764240752419193,-0.6449310601465444,-3.949063792395874e-17,4.679624956140648e-17
47.45,0.45314371283695654,0.0,0.5773727411500171,0.7651576419477254,-0.6438429800572469,-3.942401223403003e-17,4.6852392852720924e-17
47.46,0.4527643393987745,0.0,0.5770929444049271,0.7660801760799458,-0.6427450223979327,-3.9356781717376106e-17,4.690888177632732e-17
47.47,0.45238550481451345,0.0,0.5768117727082123,0.7670083013304209,-0.6416371760506263,-3.928894569321731e-17,4.6965713057187425e-17
47.48,0.45200721486142004,0.0,0.5765292293927307,0.7679419638277843,-0.6405194299881354,-3.922050348633286e-17,4.702288339663143e-17
47.49,0.45162947530569625,0.0,0.5762453178138571,0.7688811093167761,-0.6393917732781708,-3.91514544273131e-17,4.70803894724828e-17
47.5,0.4512522919024077,0.0,0.5759600413494339,0.7698256831603266,-0.6382541950874561,-3.908179785281117e-17,4.7138227939185927e-17
47.51,0.4508756703953917,0.0,0.5756734033997207,0.7707756303416579,-0.6371066846858696,-3.901153310579661e-17,4.719639542793474e-17
47.52,0.4504996165171685,0.0,0.5753854073873459,0.7717308954664168,-0.635949231450595,-3.8940659535809526e-17,4.72548885468034e-17
47.53,0.4501241359888498,0.0,0.5750960567572564,0.7726914227648547,-0.6347818248702656,-3.886917649921432e-17,4.731370388087968e-17
47.54,0.4497492345200472,0.0,0.5748053549766654,0.7736571560940239,-0.6336044545491353,-3.879708335945516e-17,4.7372837992399527e-17
47.55,0.44937491780878464,0.0,0.5745133055350047,0.774628038940007,-0.6324171102112585,-3.8724379487311826e-17,4.743228742088354e-17
47.56,0.4490011915414055,0.0,0.57421991194387,0.7756040144201938,-0.6312197817046611,-3.865106426115521e-17,4.749204868327639e-17
47.57,0.44862806139248546,0.0,0.5739251777369725,0.776585025285575,-0.6300124590055365,-3.8577137067204167e-17,4.755211827408729e-17
47.58,0.4482555330247417,0.0,0.5736291064700854,0.7775710139230697,-0.6287951322224508,-3.850259729978305e-17,4.7612492665532464e-17
47.59,0.4478836120889425,0.0,0.5733317017209907,0.7785619223579009,-0.627567791600533,-3.8427444361578297e-17,4.767316830768067e-17
47.6,0.4475123042238204,0.0,0.5730329670894292,0.7795576922559884,-0.6263304275256932,-3.835167766389668e-17,4.773414162859968e-17
47.61,0.44714161505598166,0.0,0.5727329061970458,0.7805582649263761,-0.6250830305288452,-3.827529662692388e-17,4.779540903450491e-17
47.62,0.4467715501998171,0.0,0.5724315226873355,0.7815635813237078,-0.6238255912901136,-3.8198300679982133e-17,4.7856966909911046e-17
47.63,0.4464021152574152,0.0,0.5721288202255919,0.7825735820507213,-0.6225581006430669,-3.8120689261789385e-17,4.791881161778472e-17
47.64,0.44603331581847266,0.0,0.5718248024988515,0.7835882073607762,-0.6212805495789524,-3.804246182071863e-17,4.798093949969935e-17
47.65,0.4456651574602055,0.0,0.5715194732158396,0.7846073971604325,-0.619992929250916,-3.7963617815056286e-17,4.8043346875992986e-17
47.66,0.44529764574726344,0.0,0.5712128361069165,0.7856310910120446,-0.6186952309782454,-3.788415671326203e-17,4.810603004592717e-17
47.67,0.4449307862316392,0.0,0.570904894924021,0.7866592281364019,-0.6173874462506024,-3.780407799422794e-17,4.81689852878486e-17
47.68,0.44456458445258357,0.0,0.5705956534406159,0.7876917474153909,-0.6160695667322709,-3.772338114753861e-17,4.8232208859352194e-17
47.69,0.44419904593651716,0.0,0.570285115451633,0.7887285873947134,-0.6147415842663809,-3.7642065673729816e-17,4.829569699744746e-17
47.7,0.4438341761969421,0.0,0.5699732847734144,0.7897696862866198,-0.6134034908791554,-3.756013108454851e-17,4.835944591872591e-17
47.71,0.44346998073435734,0.0,0.569660165243659,0.7908149819726799,-0.6120552787841552,-3.7477576903212833e-17,4.842345181953071e-17
47.72,0.4431064650361708,0.0,0.5693457607213643,0.791864412006604,-0.6106969403865026,-3.739440266467062e-17,4.8487710876129425e-17
47.73,0.4427436345766126,0.0,0.569030075086769,0.7929179136170811,-0.609328468287126,-3.7310607915859413e-17,4.855221924488779e-17
47.74,0.4423814948166487,0.0,0.5687131122412954,0.7939754237106647,-0.6079498552869886,-3.722619221596536e-17,4.8616973062446447e-17
47.75,0.44202005120389753,0.0,0.5683948761074935,0.7950368788746808,-0.6065610943913285,-3.7141155136682804e-17,4.868196844589899e-17
47.76,0.4416593091725404,0.0,0.5680753706289805,0.7961022153801919,-0.6051621788138702,-3.705549626247222e-17,4.874720149297344e-17
47.77,0.44129927414323755,0.0,0.5677545997703826,0.7971713691849793,-0.6037531019810544,-3.6969215190819185e-17,4.88126682822149e-17
47.78,0.440939951523045,0.0,0.5674325675172782,0.7982442759365609,-0.6023338575362635,-3.6882311532493146e-17,4.8878364873170294e-17
47.79,0.44058134670532534,0.0,0.5671092778761365,0.7993208709752626,-0.6009044393440172,-3.6794784911804276e-17,4.8944287306576494e-17
47.8,0.44022346506966564,0.0,0.5667847348742583,0.8004010893373077,-0.5994648414941874,-3.6706634966861603e-17,4.9010431604549426e-17
47.81,0.4398663119817925,0.0,0.5664589425597172,0.8014848657579428,-0.5980150583062039,-3.661786134983052e-17,4.907679377077553e-17
47.82,0.4395098927934874,0.0,0.5661319050012992,0.8025721346746175,-0.5965550843332303,-3.6528463727188495e-17,4.9143369790706443e-17
47.83,0.4391542128425014,0.0,0.5658036262884404,0.8036628302301823,-0.5950849143663559,-3.6438441779981726e-17,4.921015563175477e-17
47.84,0.43879927745247305,0.0,0.5654741105311689,0.8047568862761226,-0.5936045434387778,-3.634779520408126e-17,4.9277147243492206e-17
47.85,0.4384450919328441,0.0,0.5651433618600422,0.8058542363758474,-0.5921139668299507,-3.6256523710437054e-17,4.93443405578508e-17
47.86,0.43809166157877444,0.0,0.5648113844260844,0.8069548138079958,-0.5906131800697498,-3.6164627025332925e-17,4.941173148932552e-17
47.87,0.43773899167106184,0.0,0.5644781824007271,0.8080585515697809,-0.5891021789426243,-3.607210489064081e-17,4.947931593517893e-17
47.88,0.4373870874760557,0.0,0.5641437599757447,0.8091653823803865,-0.5875809594917137,-3.597895706407289e-17,4.954708977564922e-17
47.89,0.437035954245577,0.0,0.5638081213631938,0.8102752386843838,-0.5860495180229781,-3.588518331943446e-17,4.961504887415941e-17
47.9,0.43668559721683464,0.0,0.5634712707953493,0.8113880526551838,-0.5845078511093146,-3.579078344687599e-17,4.968318907752874e-17
47.91,0.4363360216123423,0.0,0.5631332125246409,0.8125037561985443,-0.582955955594637,-3.569575725314294e-17,4.975150621618744e-17
47.92,0.43598723263983813,0.0,0.5627939508235907,0.8136222809560956,-0.5813938285979653,-3.560010456182616e-17,4.981999610439255e-17
47.93,0.4356392354922023,0.0,0.5624534899847494,0.8147435583089021,-0.5798214675175012,-3.550382521361144e-17,4.9888654540446094e-17
47.94,0.43529203534737415,0.0,0.5621118343206303,0.8158675193810792,-0.5782388700346635,-3.5406919066526647e-17,4.995747730691649e-17
47.95,0.43494563736827335,0.0,0.5617689881636471,0.8169940950434282,-0.5766460341181319,-3.530938599618928e-17,5.0026460170861145e-17
47.96,0.43460004670271724,0.0,0.5614249558660483,0.8181232159171079,-0.5750429580278758,-3.521122589605319e-17,5.009559888405126e-17
47.97,0.43425526848333973,0.0,0.561079741799851,0.8192548123773598,-0.5734296403191389,-3.511243867765257e-17,5.016488918319995e-17
47.98,0.4339113078275125,0.0,0.5607333503567777,0.8203888145572511,-0.5718060798464355,-3.5013024270846656e-17,5.023432679019145e-17
47.99,0.4335681698372624,0.0,0.5603857859481881,0.8215251523514651,-0.5701722757675105,-3.4912982624062185e-17,5.030390741231317e-17
48.0,0.43322585959919363,0.0,0.5600370530050152,0.8226637554201157,-0.5685282275472978,-3.4812313704535815e-17,5.037362674248929e-17
48.011,0.4328502804429814,0.0,0.55965210242226,0.8239187509548273,-0.5667079422639473,-3.47008533772463e-17,5.045047305571572e-17
48.02,0.4325437426484195,0.0,0.5593360993361133,0.8249474748715829,-0.5652093981021538,-3.460909401169023e-17,5.051346422830878e-17
48.03,0.4322039460310869,0.0,0.5589838875695121,0.8260924494367313,-0.5635346173782242,-3.4506543269048533e-17,5.058357370012449e-17
48.04,0.4318649973565238,0.0,0.55863052518645,0.8272394056488847,-0.5618495935227505,-3.4403365315493893e-17,5.0653804512823275e-17
48.05,0.43152690163302415,0.0,0.5582760167147189,0.8283882720539553,-0.5601543275950497,-3.429956021589078e-17,5.072415229110416e-17
48.06,0.43118966385298346,0.0,0.5579203667012802,0.82953897698699,-0.558448820984858,-3.4195128055335985e-17,5.079461264675436e-17
48.07,0.4308532889928224,0.0,0.5575635797121983,0.8306914485762378,-0.5567330754161385,-3.40900689393918e-17,5.086518117889839e-17
48.08,0.4305177820129053,0.0,0.5572056603325681,0.8318456147472718,-0.5550070929508321,-3.39843829943157e-17,5.093585347425044e-17
48.09,0.4301831478574643,0.0,0.5568466131664485,0.8330014032271298,-0.5532708759926125,-3.387807036729025e-17,5.1006625107367907e-17
48.1,0.4298493914545237,0.0,0.5564864428367945,0.8341587415484897,-0.5515244272906142,-3.377113122665139e-17,5.107749164090711e-17
48.11,0.4295165177158193,0.0,0.5561251539853846,0.8353175570538982,-0.5497677499431078,-3.3663565762113473e-17,5.114844862588215e-17
48.12,0.4291845315367235,0.0,0.5557627512727529,0.8364777769000168,-0.5480008474011748,-3.3555374184994295e-17,5.121949160192497e-17
48.13,0.42885343779616913,0.0,0.5553992393781189,0.8376393280619024,-0.5462237234723557,-3.344655672843847e-17,5.1290616097547426e-17
48.14,0.42852324135657244,0.0,0.5550346229993174,0.8388021373373414,-0.5444363823242415,-3.333711364763735e-17,5.1361817630406686e-17
48.15,0.4281939470637562,0.0,0.5546689068527261,0.8399661313511997,-0.5426388284880646,-3.3227045220048893e-17,5.14330917075716e-17
48.16,0.4278655597468759,0.0,0.5543020956731971,0.841131236559807,-0.5408310668622596,-3.311635174561572e-17,5.1504433825791144e-17
48.17,0.4275380842183419,0.0,0.5539341942139832,0.8422973792553952,-0.5390131027159665,-3.3005033546979595e-17,5.15758394717662e-17
48.181,0.4271789199755302,0.0,0.5535282490312424,0.8435812463525921,-0.5370015649904637,-3.288186238513454e-17,5.165445365832184e-17
48.19,0.4268858876917875,0.0,0.5531951395610946,0.8446324814826993,-0.5353465898129711,-3.2780524382445304e-17,5.171882324518369e-17
48.2,0.4265611762341936,0.0,0.5528239959652896,0.8458012928186509,-0.5334980534793906,-3.2667334177243956e-17,5.17903922982527e-17
48.21,0.4262373956456508,0.0,0.5524517812853954,0.8469708452591476,-0.5316393394783772,-3.2553520769650387e-17,5.1862006730887163e-17
48.22,0.42591455065372796,0.0,0.5520785003655952,0.8481410643434537,-0.5297704549843767,-3.2439084598972693e-17,5.1933661983681996e-17
48.23,0.42559264596880186,0.0,0.5517041580680389,0.849311875473995,-0.5278914075629999,-3.232402612847093e-17,5.200535348885317e-17
48.24,0.42527168628398576,0.0,0.5513287592727717,0.8504832039210107,-0.5260022051743247,-3.220834584555931e-17,5.207707667052257e-17
48.25,0.4249516762750547,0.0,0.5509523088776602,0.8516549748272402,-0.524102856176164,-3.209204426200625e-17,5.214882694500497e-17
48.26,0.42463262060037216,0.0,0.5505748117983167,0.8528271132126586,-0.5221933693272667,-3.197512191413044e-17,5.222059972109799e-17
48.27,0.42431452390081875,0.0,0.550196272968027,0.8539995439792277,-0.5202737537905128,-3.1857579362996476e-17,5.2292390400373024e-17
48.28,0.4239973907997193,0.0,0.5498166973376752,0.8551721919156773,-0.5183440191360714,-3.1739417194608215e-17,5.236419437746801e-17
48.29,0.42368122590276963,0.0,0.5494360898756683,0.8563449817023367,-0.5164041753444917,-3.1620636020098013e-17,5.243600704038327e-17
48.3,0.42336603379796667,0.0,0.5490544555678623,0.857517837915978,-0.514454232809787,-3.1501236475915643e-17,5.2507823770778065e-17
48.31,0.42305181905553496,0.0,0.5486717994174851,0.8586906850347008,-0.5124942023424618,-3.138121922401359e-17,5.257963994426972e-17
48.32,0.4227385862278572,0.0,0.5482881264450631,0.8598634474428369,-0.5105240951725194,-3.126058495203123e-17,5.2651450930733934e-17
48.33,0.4224263398494025,0.0,0.547903441688344,0.8610360494359042,-0.5085439229523948,-3.1139334373474425e-17,5.272325209460811e-17
48.34,0.4221150844366548,0.0,0.5475177502022199,0.8622084152255737,-0.5065536977598769,-3.101746822789445e-17,5.2795038795195544e-17
48.35,0.42180482448804435,0.0,0.5471310570586523,0.8633804689446651,-0.5045534321009918,-3.089498728106455e-17,5.286680638697125e-17
48.36,0.4214955644838769,0.0,0.5467433673465949,0.86455213465219,-0.5025431389128115,-3.077189232515192e-17,5.2938550219890804e-17
48.377,0.42097212997024813,0.0,0.5460820221719151,0.866542860691173,-0.49910266537573034,-3.0561224079915034e-17,5.3060447033471795e-17
48.382,0.4208187342414238,0.0,0.5458869672455905,0.8671280587381959,-0.4980852635331906,-3.049892618441939e-17,5.309628007922948e-17
48.391,0.4205432612206306,0.0,0.5455352513031143,0.8681810110060368,-0.49624765201312115,-3.038640493111292e-17,5.31607548104528e-17
48.401,0.42023814744234306,0.0,0.545143529223566,0.8693502905255251,-0.49419639047972114,-3.02608013875583e-17,5.3232352531495296e-17
48.412,0.41990370345305517,0.0,0.5447115143776361,0.8706355984669877,-0.49192850566116847,-3.012193349336453e-17,5.3311054944316834e-17
48.42,0.41966125188805015,0.0,0.5443965882388685,0.871569719939593,-0.49027158115112024,-3.002047612848156e-17,5.336825338788888e-17
48.43,0.41935911540649107,0.0,0.544002066449157,0.8727365380878429,-0.4881914942790863,-2.989310754199232e-17,5.3439700393410946e-17
48.44,0.419058014051024,0.0,0.543606589404993,0.8739023586524497,-0.48610149921768936,-2.9765132253883646e-17,5.3511086314552236e-17
48.45,0.4187579521357303,0.0,0.5432101623447586,0.8750671052591592,-0.4840016129036716,-2.9636551301231885e-17,5.3582406474738464e-17
48.46,0.4184589339558831,0.0,0.5428127905230463,0.876230701511754,-0.4818918527306927,-2.950736574909153e-17,5.365365619605047e-17
48.47,0.41816096378787915,0.0,0.5424144792105768,0.8773930709973761,-0.47977223655167195,-2.937757669063859e-17,5.372483079955015e-17
48.48,0.41786404588917514,0.0,0.5420152336941222,0.8785541372918745,-0.4776427826810849,-2.9247185247311273e-17,5.379592560560792e-17
48.49,0.4175681844982187,0.0,0.5416150592764223,0.8797138239651955,-0.47550350989717516,-2.9116192568945365e-17,5.386693593423274e-17
48.5,0.41727338383438484,0.0,0.5412139612761075,0.8808720545867778,-0.4733544374441513,-2.8984599833908796e-17,5.39378571054025e-17
48.51,0.41697964809790977,0.0,0.5408119450276163,0.8820287527309709,-0.4711955850343334,-2.8852408249233045e-17,5.400868443939579e-17
48.52,0.41668698146982497,0.0,0.5404090158811135,0.8831838419824961,-0.469026972850216,-2.871961905073948e-17,5.4079413257126285e-17
48.53,0.41639538811189375,0.0,0.5400051792024103,0.8843372459419092,-0.46684862154651285,-2.8586233503164554e-17,5.415003888047724e-17
48.54,0.41610487216654596,0.0,0.5396004403728835,0.8854888882310866,-0.4646605522521513,-2.845225290028193e-17,5.4220556632637433e-17
48.55,0.4158154377568134,0.0,0.5391948047893904,0.8866386924987508,-0.4624627865721799,-2.831767856501928e-17,5.429096183843948e-17
48.561,0.4154983139767729,0.0,0.5387475763567064,0.8879012631928238,-0.46003407136927127,-2.8168962650055155e-17,5.4368271996399166e-17
48.57,0.41523982993895286,0.0,0.538380865024862,0.8889324817318487,-0.4580382548674909,-2.804675413552561e-17,5.443141592055108e-17
48.58,0.41495366467932815,0.0,0.5379725717142172,0.890076314178829,-0.4558115344501831,-2.7910406833943014e-17,5.450145545779884e-17
48.59,0.4146685972521996,0.0,0.5375634033902227,0.8912180035785638,-0.4535752088655628,-2.7773471385490185e-17,5.4571363771249127e-17
48.6,0.4143846316826606,0.0,0.5371533655259153,0.8923574737973803,-0.4513293021264604,-2.763594926052892e-17,5.4641136199058997e-17
48.61,0.4141017719760274,0.0,0.5367424636093173,0.8934946487619512,-0.449073838732293,-2.7497841959215866e-17,5.4710768083080606e-17
48.62,0.4138200221177797,0.0,0.5363307031433556,0.8946294524649355,-0.4468088436706348,-2.7359151011598652e-17,5.478025476920662e-17
48.63,0.4135393860734966,0.0,0.5359180896457754,0.8957618089706483,-0.44453434241870665,-2.721987797770713e-17,5.4849591607717365e-17
48.64,0.41325986778879736,0.0,0.535504628649058,0.8968916424207347,-0.4422503609448352,-2.7080024447642703e-17,5.4918773953628264e-17
48.65,0.41298147118927947,0.0,0.5350903257003363,0.8980188770398808,-0.4399569257098148,-2.6939592041661728e-17,5.498779716703953e-17
48.66,0.41270420018045756,0.0,0.5346751863613091,0.8991434371415195,-0.43765406366825216,-2.6798582410257848e-17,5.505665661348556e-17
48.67,0.41242805864770354,0.0,0.5342592162081565,0.900265247133563,-0.4353418022698311,-2.665699723423943e-17,5.512534766428594e-17
48.68,0.412153050456188,0.0,0.5338424208314585,0.901384231524139,-0.43302016946054284,-2.6514838224804912e-17,5.519386569689668e-17
48.69,0.4118791794508181,0.0,0.5334248058361042,0.9025003149273593,-0.430689193683818,-2.6372107123612106e-17,5.5262206095263436e-17
48.7,0.41160644945617936,0.0,0.5330063768412094,0.9036134220690837,-0.4283489038816371,-2.6228805702846208e-17,5.5330364250174483e-17
48.71,0.4113348642764784,0.0,0.5325871394800328,0.9047234777926977,-0.4259993294955826,-2.6084935765284194e-17,5.5398335559614434e-17
48.72,0.41106442769548124,0.0,0.532167099399886,0.9058304070649188,-0.42364050046779456,-2.594049914435337e-17,5.546611542911984e-17
48.73,0.4107951434764566,0.0,0.5317462622620494,0.906934134981597,-0.42127244724190344,-2.5795497704188462e-17,5.553369927213432e-17
48.74,0.4105270153621188,0.0,0.5313246337416868,0.9080345867735258,-0.4188952007639049,-2.5649933339685202e-17,5.56010825103644e-17
48.75,0.41026004707456853,0.0,0.5309022195277581,0.909131687812281,-0.41650879248293576,-2.5503807976547822e-17,5.566826057413704e-17
48.76,0.4099942423152362,0.0,0.5304790253229306,0.9102253636160518,-0.41411325435202667,-2.535712357133516e-17,5.573522890275668e-17
48.77,0.4097296047648253,0.0,0.5300550568434953,0.9113155398554801,-0.411708618828796,-2.5209882111503138e-17,5.580198294486279e-17
48.78,0.4094661380832556,0.0,0.5296303198192777,0.9124021423595262,-0.40929491887604336,-2.5062085615441105e-17,5.586851815878907e-17
48.79,0.40920384590960635,0.0,0.5292048199935497,0.9134850971213239,-0.40687218796231994,-2.491373613250677e-17,5.593483001292192e-17
48.8,0.40894273186206154,0.0,0.5287785631229445,0.9145643303040434,-0.4044404600624382,-2.4764835743057397e-17,5.600091398605947e-17
48.81,0.4086827995378527,0.0,0.5283515549773651,0.9156397682467766,-0.40199976965788065,-2.4615386558474842e-17,5.606676556777197e-17
48.82,0.40842405251320535,0.0,0.5279238013398997,0.9167113374704127,-0.39955015173718456,-2.4465390721189118e-17,5.61323802587615e-17
48.83,0.4081664943432833,0.0,0.5274953080067318,0.9177789646835157,-0.39709164179626605,-2.431485040469823e-17,5.619775357122196e-17
48.84,0.4079101285621334,0.0,0.5270660807870504,0.9188425767882269,-0.3946242758386405,-2.4163767813581664e-17,5.626288102920041e-17
48.85,0.40765495868263296,0.0,0.5266361255029638,0.9199021008861505,-0.39214809037562137,-2.4012145183512586e-17,5.632775816895749e-17
48.86,0.40740098819643494,0.0,0.5262054479894092,0.920957464284245,-0.38966312242645385,-2.3859984781265995e-17,5.639238053932817e-17
48.87,0.40714822057391375,0.0,0.5257740540940624,0.9220085945007315,-0.3871694095183474,-2.3707288904720746e-17,5.645674370208353e-17
48.88,0.4068966592641137,0.0,0.5253419496772512,0.9230554192709877,-0.3846669896864835,-2.3554059882859996e-17,5.652084323229165e-17
48.89,0.40664630769469534,0.0,0.5249091406118641,0.9240978665534428,-0.38215590147396034,-2.340030007576784e-17,5.658467471867859e-17
48.9,0.4063971692718823,0.0,0.5244756327832594,0.9251358645354892,-0.3796361839316332,-2.324601187461952e-17,5.664823376399032e-17
48.91,0.40614924738041097,0.0,0.524041432089178,0.9261693416393744,-0.37710787661793527,-2.3091197701670472e-17,5.671151598535356e-17
48.92,0.40590254538347675,0.0,0.5236065444396504,0.9271982265281029,-0.374571019598608,-2.293586001023979e-17,5.677451701463719e-17
48.93,0.4056570666226843,0.0,0.5231709757569085,0.9282224481113264,-0.3720256534463934,-2.2780001284691407e-17,5.68372324988128e-17
48.94,0.4054128144179958,0.0,0.5227347319752939,0.9292419355512475,-0.36947181924061706,-2.2623624040408556e-17,5.689965810031632e-17
48.95,0.40516979206767967,0.0,0.5222978190411663,0.9302566182685048,-0.36690955856674723,-2.2466730823766766e-17,5.696178949740828e-17
48.96,0.40492800284826136,0.0,0.5218602429128145,0.9312664259480536,-0.36433891351588876,-2.2309324212102877e-17,5.702362238453397e-17
48.97,0.40468745001447304,0.0,0.5214220095603642,0.9322712885450579,-0.36175992668417173,-2.2151406813677604e-17,5.708515247268419e-17
48.98,0.40444813679920333,0.0,0.5209831249656856,0.9332711362907584,-0.3591726411721202,-2.1992981267636893e-17,5.714637548975453e-17
48.99,0.40421006641344814,0.0,0.5205435951223021,0.9342658996983454,-0.35657710058392883,-2.1834050243967613e-17,5.720728718090504e-17
49.0,0.4039732420462636,0.0,0.520103426035302,0.9352555095688136,-0.3539733490267012,-2.1674616443450924e-17,5.726788330891872e-17
49.01,0.40373766686471463,0.0,0.519662623721241,0.9362398969968271,-0.3513614311095778,-2.1514682597608886e-17,5.732815965456059e-17
49.02,0.4035033440138283,0.0,0.5192211942080529,0.9372189933765592,-0.34874139194283915,-2.1354251468649526e-17,5.738811201693538e-17
49.03,0.4032702766165471,0.0,0.5187791435349591,0.9381927304075237,-0.3461132771369448,-2.1193325849408012e-17,5.744773621384447e-17
49.04,0.4030384677736789,0.0,0.5183364777523721,0.939161040100411,-0.34347713280146364,-2.103190856328114e-17,5.750702808214337e-17
49.05,0.4028079205638516,0.0,0.5178932029218047,0.9401238547828983,-0.340833005543982,-2.087000246416048e-17,5.756598347809737e-17
49.06,0.4025786380434662,0.0,0.5174493251157781,0.941081107105448,-0.3381809424689456,-2.070761043636147e-17,5.762459827773672e-17
49.07,0.4023506232466504,0.0,0.517004850417728,0.9420327300471094,-0.335520991176394,-2.0544735394545914e-17,5.768286837721176e-17
49.08,0.40212387918521175,0.0,0.5165597849219096,0.9429786569212912,-0.33285319976067185,-2.0381380283643066e-17,5.774078969314648e-17
49.09,0.40189840884859324,0.0,0.5161141347333073,0.9439188213815211,-0.3301776168090747,-2.0217548078766732e-17,5.77983581629911e-17
49.1,0.40167421520382757,0.0,0.5156679059675391,0.9448531574272048,-0.32749429140038716,-2.0053241785125736e-17,5.785556974537483e-17
49.11,0.40145130119549144,0.0,0.5152211047507624,0.9457815994093561,-0.3248032731033976,-1.9888464437932975e-17,5.791242042045661e-17
49.12,0.40122966974566243,0.0,0.5147737372195823,0.946704082036309,-0.32210461197534823,-1.972321910231052e-17,5.796890619027495e-17
49.13,0.40100932375387355,0.0,0.5143258095209546,0.947620540379429,-0.3193983585602766,-1.9557508873188068e-17,5.802502307909765e-17
49.14,0.4007902660970702,0.0,0.5138773278120938,0.9485309098787916,-0.31668456388733507,-1.9391336875200018e-17,5.808076713376944e-17
49.15,0.4005724996295668,0.0,0.5134282982603782,0.9494351263488423,-0.3139632794690453,-1.922470626257861e-17,5.813613442405863e-17
49.16,0.4003560271830027,0.0,0.5129787270432529,0.9503331259840516,-0.3112345572994437,-1.9057620219040363e-17,5.819112104300336e-17
49.17,0.400140851566301,0.0,0.5125286203481387,0.9512248453645361,-0.3084984498522064,-1.8890081957671243e-17,5.824572310725576e-17
49.18,0.3999269755656251,0.0,0.5120779843723352,0.9521102214616587,-0.3057550100787087,-1.8722094720807865e-17,5.82999367574249e-17
49.19,0.39971440194433683,0.0,0.5116268253229244,0.952989191643621,-0.30300429140597634,-1.855366177991204e-17,5.83537581584192e-17
49.2,0.3995031334429554,0.0,0.5111751494166781,0.95386169368102,-0.3002463477346161,-1.8384786435444038e-17,5.840718349978672e-17
49.21,0.39929317277911625,0.0,0.510722962879961,0.9547276657523811,-0.29748123343668187,-1.821547201673195e-17,5.846020899605388e-17
49.22,0.3990845226475292,0.0,0.5102702719486341,0.955587046449682,-0.2947090033534325,-1.8045721881834384e-17,5.85128308870638e-17
49.23,0.39887718571993924,0.0,0.5098170828679616,0.956439774783835,-0.2919297127930746,-1.7875539417402247e-17,5.856504543831195e-17
49.24,0.3986711646450855,0.0,0.5093634018925116,0.9572857901901555,-0.2891434175284122,-1.7704928038534836e-17,5.861684894128093e-17
49.25,0.3984664620486622,0.0,0.5089092352860634,0.9581250325337928,-0.28635017379446187,-1.7533891188633802e-17,5.866823771377315e-17
49.26,0.3982630805332792,0.0,0.5084545893215091,0.958957442115151,-0.2835500382859555,-1.7362432339250242e-17,5.871920810024265e-17
49.27,0.39806102267842236,0.0,0.507999470280757,0.9597829596752675,-0.28074306815482347,-1.719055498993059e-17,5.876975647212448e-17
49.28,0.3978602910404161,0.0,0.5075438844546369,0.9606015264011636,-0.2779293210076162,-1.701826266805872e-17,5.881987922816234e-17
49.29,0.3976608881523844,0.0,0.5070878381428022,0.9614130839311794,-0.27510885490281667,-1.6845558928691405e-17,5.886957279473522e-17
49.3,0.39746281652421306,0.0,0.5066313376536327,0.9622175743602635,-0.27228172834814124,-1.6672447354393017e-17,5.891883362618135e-17
49.31,0.3972660786425123,0.0,0.5061743893041373,0.9630149402452408,-0.2694480002977479,-1.6498931555064602e-17,5.896765820512068e-17
49.32,0.3970706769705806,0.0,0.5057169994198604,0.9638051246100416,-0.2666077301494126,-1.632501516777097e-17,5.901604304277517e-17
49.33,0.3968766139483665,0.0,0.5052591743347794,0.9645880709509105,-0.26376097774159335,-1.615070185656093e-17,5.906398467928763e-17
49.34,0.3966838919924328,0.0,0.5048009203912098,0.9653637232415706,-0.260907803350479,-1.5975995312286557e-17,5.911147968403804e-17
49.35,0.39649251349592207,0.0,0.5043422439397104,0.9661320259383553,-0.25804826768697586,-1.580089925241872e-17,5.915852465595772e-17
49.36,0.3963024808285188,0.0,0.5038831513389799,0.9668929239853159,-0.2551824318935891,-1.5625417420856066e-17,5.920511622384211e-17
49.37,0.3961137963364157,0.0,0.5034236489557627,0.9676463628192828,-0.25231035754128844,-1.5449553587733158e-17,5.925125104666066e-17
49.38,0.3959264623422789,0.0,0.5029637431647517,0.9683922883748914,-0.24943210662631438,-1.5273311549224862e-17,5.929692581386458e-17
49.39,0.3957404811452134,0.0,0.5025034403484879,0.969130647089582,-0.2465477415668782,-1.509669512734431e-17,5.934213724569299e-17
49.4,0.39555585502072826,0.0,0.5020427468972626,0.9698613859085509,-0.2436573251998491,-1.4919708169740047e-17,5.938688209347613e-17
49.41,0.3953725862207047,0.0,0.5015816692090207,0.9705844522896641,-0.24076092077738206,-1.4742354549489523e-17,5.94311571399362e-17
49.42,0.3951906769733611,0.0,0.50112021368926,0.9712997942083429,-0.2378585919634411,-1.4564638164886224e-17,5.94749591994865e-17
49.43,0.39501012948322134,0.0,0.5006583867509343,0.9720073601623986,-0.23495040283031005,-1.4386562939226022e-17,5.95182851185275e-17
49.44,0.39483094593108214,0.0,0.5001961948143546,0.9727070991768274,-0.23203641785504614,-1.420813282059e-17,5.956113177574044e-17
49.45,0.3946531284739804,0.0,0.49973364430708833,0.9733989608085746,-0.22911670191582953,-1.4029351781620944e-17,5.960349608237903e-17
49.46,0.39447667924516217,0.0,0.4992707416638629,0.9740828951512467,-0.22619132028830213,-1.385022381929915e-17,5.964537498255805e-17
49.47,0.39430160035405143,0.0,0.49880749332646546,0.9747588528397813,-0.2232603386418503,-1.3670752954714804e-17,5.96867654535392e-17
49.48,0.39412789388621833,0.0,0.4983439057436426,0.9754267850550836,-0.22032382303578438,-1.349094323283406e-17,5.972766450601507e-17
49.49,0.3939555619033498,0.0,0.4978799853710034,0.97608664352861,-0.21738183991550986,-1.3310798722264574e-17,5.976806918438979e-17
49.5,0.39378460644321883,0.0,0.4974157386709185,0.976738380546905,-0.21443445610864278,-1.313032351501765e-17,5.980797656705683e-17
49.51,0.39361502951965444,0.0,0.4969511721124198,0.977381948956106,-0.21148173882102436,-1.2949521726264202e-17,5.984738376667485e-17
49.52,0.3934468331225133,0.0,0.4964862921711027,0.9780173021663894,-0.20852375563272751,-1.2768397494090231e-17,5.988628793043992e-17
49.53,0.39328001921764977,0.0,0.4960211053290256,0.9786443941563719,-0.20556057449401052,-1.2586954979249052e-17,5.992468624035508e-17
49.54,0.39311458974688784,0.0,0.49555561807460846,0.9792631794774742,-0.20259226372116998,-1.2405198364907363e-17,5.996257591349744e-17
49.55,0.39295054662799334,0.0,0.49508983690253583,0.9798736132582248,-0.19961889199239366,-1.2223131856391306e-17,5.999995420228182e-17
49.56,0.3927878917546451,0.0,0.49462376831365334,0.9804756512085231,-0.1966405283435297,-1.2040759680927403e-17,6.003681839472173e-17
49.57,0.3926266269964087,0.0,0.49415741881487046,0.9810692496238466,-0.1936572421638363,-1.1858086087382299e-17,6.007316581468697e-17
49.58,0.39246675419870913,0.0,0.4936907949190589,0.9816543653894179,-0.19066910319162683,-1.1675115345996109e-17,6.010899382215885e-17
49.59,0.3923082751828035,0.0,0.493223903144951,0.9822309559843134,-0.18767618150991275,-1.1491851748115616e-17,6.014429981348171e-17
49.6,0.3921511917457558,0.0,0.4927567500170417,0.9827989794855194,-0.18467854754199656,-1.130829960592442e-17,6.017908122161133e-17
49.61,0.3919955056604112,0.0,0.4922893420654868,0.9833583945719466,-0.18167627204696762,-1.1124463252167133e-17,6.021333551636073e-17
49.62,0.39184121867536914,0.0,0.491821685826001,0.9839091605283814,-0.1786694261152023,-1.0940347039873852e-17,6.024706020464209e-17
49.63,0.39168833251496005,0.0,0.4913537878397582,0.9844512372493913,-0.17565808116378456,-1.0755955342079738e-17,6.028025283070593e-17
49.64,0.3915368488792203,0.0,0.4908856546532928,0.9849845852431696,-0.17264230893191057,-1.057129255154364e-17,6.031291097637654e-17
49.65,0.39138676944386713,0.0,0.4904172928183943,0.9855091656353366,-0.16962218147619343,-1.0386363080460588e-17,6.034503226128469e-17
49.66,0.3912380958602756,0.0,0.4899487088920088,0.986024940172677,-0.1665977711659697,-1.02011713601744e-17,6.037661434309647e-17
49.67,0.39109082975545517,0.0,0.4894799094361382,0.9865318712268217,-0.1635691506785602,-1.0015721840887493e-17,6.04076549177388e-17
49.68,0.3909449727320266,0.0,0.48901090101773853,0.9870299217978832,-0.1605363929944381,-9.830018991365009e-18,6.0438151719622e-17
49.69,0.39080052636819884,0.0,0.48854169020861704,0.987519055518024,-0.15749957139240026,-9.64406729863915e-18,6.046810252185827e-17
49.7,0.39065749221774754,0.0,0.48807228358533317,0.987999236654971,-0.15445875944469598,-9.457871267710897e-18,6.049750513647693e-17
49.71,0.3905158718099929,0.0,0.4876026877290961,0.9884704301154779,-0.15141403101206344,-9.271435421246078e-18,6.052635741463637e-17
49.72,0.3903756666497779,0.0,0.4871329092256619,0.9889326014487221,-0.14836546023877303,-9.084764299271864e-18,6.055465724683213e-17
49.73,0.39023687821744785,0.0,0.48666295466523435,0.989385716849644,-0.14531312154762885,-8.897862458870697e-18,6.05824025631013e-17
49.74,0.39009950796882925,0.0,0.4861928306423606,0.9898297431622337,-0.1422570896348808,-8.710734473868744e-18,6.060959133322381e-17
49.75,0.38996355733521004,0.0,0.48572254375583146,0.9902646478827503,-0.13919743946514498,-8.523384934524864e-18,6.063622156691954e-17
49.76,0.3898290277233195,0.0,0.485252100608579,0.9906903991628819,-0.13613424626628534,-8.335818447217193e-18,6.066229131404185e-17
49.77,0.3896959205153086,0.0,0.4847815078075728,0.9911069658128521,-0.1330675855242069,-8.148039634124331e-18,6.068779866476773e-17
49.78,0.38956423706873133,0.0,0.4843107719637207,0.9915143173044564,-0.12999753297766037,-7.960053132907212e-18,6.071274174978378e-17
49.79,0.3894339787165262,0.0,0.4838398996917654,0.9919124237740394,-0.12692416461300973,-7.771863596388706e-18,6.073711874046852e-17
49.8,0.3893051467669972,0.0,0.48336889761018087,0.9923012560254155,-0.12384755665891369,-7.583475692227955e-18,6.076092784907117e-17
49.81,0.38917774250379694,0.0,0.48289777234107306,0.9926807855327192,-0.12076778558102098,-7.394894102595561e-18,6.078416732888623e-17
49.82,0.38905176718590884,0.0,0.4824265305100758,0.9930509844431948,-0.11768492807663047,-7.2061235238466e-18,6.080683547442432e-17
49.83,0.38892722204762953,0.0,0.48195517874624744,0.9934118255799265,-0.11459906106926787,-7.017168666188548e-18,6.082893062157928e-17
49.84,0.38880410829855344,0.0,0.48148372368197107,0.9937632824444996,-0.11151026170327827,-6.8280342533501706e-18,6.085045114779117e-17
49.85,0.38868242712355555,0.0,0.4810121719528507,0.9941053292195978,-0.10841860733838593,-6.638725022248404e-18,6.087139547220531e-17
49.86,0.3885621796827759,0.0,0.4805405301976072,0.9944379407715397,-0.10532417554417299,-6.4492457226502694e-18,6.089176205582756e-17
49.87,0.3884433671116043,0.0,0.48006880505797894,0.9947610926527457,-0.10222704409458182,-6.259601116836248e-18,6.091154940167543e-17
49.88,0.3883259905206651,0.0,0.47959700317861587,0.9950747611041417,-0.09912729096235418,-6.06979597925977e-18,6.093075605492521e-17
49.89,0.38821005099580286,0.0,0.47912513120697936,0.9953789230574944,-0.09602499431347387,-5.879835096206928e-18,6.094938060305501e-17
49.9,0.38809554959806786,0.0,0.47865319579323856,0.9956735561376843,-0.09292023250152583,-5.689723265451073e-18,6.096742167598388e-17
49.91,0.38798248736370256,0.0,0.4781812035901665,0.9959586386649083,-0.08981308406208205,-5.499465295909047e-18,6.098487794620676e-17
49.92,0.38787086530412757,0.0,0.4777091612530379,0.9962341496568169,-0.08670362770702787,-5.309066007293773e-18,6.10017481289253e-17
49.93,0.38776068440593003,0.0,0.4772370754395289,0.996500068830582,-0.08359194231889479,-5.118530229767234e-18,6.101803098217446e-17
49.941,0.3876411511063981,0.0,0.47671773877818957,0.9967814780224628,-0.08016660820662565,-4.9087890069372016e-18,6.103526232547884e-17
49.95,0.3875446499157662,0.0,0.47629280002544266,0.9970030541019288,-0.07736220079228845,-4.737068578763544e-18,6.104882994730312e-17
49.96,0.3874387981726904,0.0,0.47582062375128403,0.9972400831491426,-0.07424430322045758,-4.546152414692945e-18,6.10633437905019e-17
49.97,0.38733439128874925,0.0,0.47534843065337373,0.9974674462811393,-0.07112449373726766,-4.355119179816041e-18,6.107726576709409e-17
49.98,0.38723143012617683,0.0,0.4748762273998365,0.9976851267413627,-0.0680028519921863,-4.163973751256108e-18,6.109059485103656e-17
49.99,0.3871299155223036,0.0,0.4744040206605784,0.9978931084837601,-0.06487945777068915,-3.972721014464517e-18,6.110333005979196e-17
50.0,0.38702984828954606,0.0,0.47393181710718335,0.9980913761743734,-0.061754390988377726,-3.781365862860547e-18,6.111547045442616e-17
50.01,0.3869312292153968,0.0,0.47345962341280845,0.9982799151928564,-0.0586277316851276,-3.589913197473069e-18,6.112701513970114e-17
50.02,0.3868340590624155,0.0,0.47298744625208305,0.9984587116339229,-0.055499560019218054,-3.3983679265810905e-18,6.11379632641637e-17
50.03,0.38673833856822,0.0,0.4725152923010045,0.9986277523087267,-0.05236995626139416,-3.206734965350162e-18,6.11483140202299e-17
50.04,0.3866440684454771,0.0,0.4720431682368336,0.9987870247461691,-0.04923900078896193,-3.015019235470811e-18,6.11580666442652e-17
50.05,0.3865512493818955,0.0,0.471571080737994,0.9989365171941348,-0.046106774079867685,-2.8232256647960056e-18,6.116722041666011e-17
50.06,0.3864598820402172,0.0,0.47109903648396556,0.9990762186206604,-0.04297335670671228,-2.631359186974632e-18,6.117577466190165e-17
50.07,0.38636996705821064,0.0,0.4706270421551841,0.9992061187150283,-0.03983882933080119,-2.4394247410871685e-18,6.118372874864048e-17
50.08,0.38628150504866365,0.0,0.47015510443293645,0.9993262078887903,-0.0367032726961814,-2.2474272712805497e-18,6.119108208975348e-17
50.09,0.3861944965993768,0.0,0.46968322999925605,0.9994364772767212,-0.03356676762361585,-2.055371726399208e-18,6.119783414240215e-17
50.1,0.38610894227315773,0.0,0.46921142553682177,0.9995369187376993,-0.030429395004596405,-1.863263059618472e-18,6.120398440808658e-17
50.11,0.386024842607815,0.0,0.4687396977288534,0.9996275248555148,-0.02729123579534635,-1.6711062280773287e-18,6.120953243269487e-17
50.12,0.3859421981161531,0.0,0.4682680532590068,0.9997082889396078,-0.024152371010762976,-1.4789061925075102e-18,6.12144778065484e-17
50.13,0.3858610092859674,0.0,0.46779649881127305,0.9997792050257339,-0.021012881718401627,-1.2866679168651244e-18,6.121882016444252e-17
50.14,0.3857812765800399,0.0,0.46732504106987366,0.999840267876556,-0.017872849032451746,-1.094396367961795e-18,6.122255918568282e-17
50.15,0.3857030004361348,0.0,0.4668536867191556,0.9998914729821665,-0.014732354107655879,-9.020965150923065e-19,6.122569459411712e-17
50.16,0.38562618126699544,0.0,0.4663824424434911,0.9999328165605356,-0.01159147813327828,-7.097733296652891e-19,6.122822615816287e-17
50.17,0.38555081946034037,0.0,0.4659113149271705,0.9999642955578872,-0.00845030232703493,-5.174317848315379e-19,6.123015369083023e-17
50.18,0.3854769153788609,0.0,0.4654403108543016,0.9999859076490032,-0.00530890792905276,-3.250768551141233e-19,6.123147704974062e-17
50.19,0.3854044693602189,0.0,0.4649694369087053,0.9999976512374547,-0.002167376195769699,-1.3271351603487646e-19,6.123219613714101e-17
50.2,0.385333481717044,0.0,0.46449869977381025,0.9999995254557607,0.0009742116061174733,5.965325625619828e-20,6.123231089991347e-17
50.21,0.3852639527369329,0.0,0.4640281061325522,0.9999915301654748,0.004115774205706828,2.5201848535160536e-19,6.123182132958064e-17
50.22,0.38519588268244753,0.0,0.4635576626672691,0.9999736659571987,0.007257230333995836,4.443771949601539e-19,6.12307274623064e-17
50.23,0.38512927179111445,0.0,0.4630873760595968,0.9999459341505238,0.010398498729929831,6.367244092773192e-19,6.122902937889245e-17
50.24,0.38506412027542425,0.0,0.46261725299036577,0.999908336793899,0.013539498146482755,8.290551533575814e-19,6.12267272047701e-17
50.25,0.3850004283228323,0.0,0.46214730013950084,0.9998608766644281,0.016680147356702344,1.0213644534845854e-18,6.122382110998793e-17
50.26,0.3849381960957581,0.0,0.4616775241859121,0.9998035572675924,0.019820365159808073,1.2136473375445337e-18,6.122031130919472e-17
50.27,0.38487742373158684,0.0,0.4612079318073946,0.9997363828369022,0.022960070387234986,1.4058988353962628e-18,6.121619806161826e-17
50.28,0.38481811134267047,0.0,0.460738529680527,0.9996593583334765,0.026099181908672713,1.5981139792410273e-18,6.121148167103945e-17
50.29,0.38476025901632926,0.0,0.4602693244805629,0.999572489445548,0.029237618638148933,1.7902878039950043e-18,6.12061624857621e-17
50.3,0.3847038668148538,0.0,0.45980032288133066,0.9994757825878983,0.032375299540055996,1.9824153476583175e-18,6.120024089857828e-17
50.31,0.38464893477550777,0.0,0.4593315315551303,0.9993692449012203,0.03551214363517006,2.1744916516836033e-18,6.119371734672934e-17
50.32,0.3845954629105305,0.0,0.4588629571726289,0.9992528842514072,0.038648070006711915,2.3665117613471287e-18,6.118659231186233e-17
50.33,0.3845434512071401,0.0,0.45839460640275664,0.9991267092287718,0.04178299780634828,2.5584707261162654e-18,6.117886631998218e-17
50.34,0.3844928996275377,0.0,0.45792648591260493,0.9989907291471923,0.04491684626018295,2.7503636000163405e-18,6.117053994139948e-17
50.351,0.3844389792572376,0.0,0.4574118273013101,0.9988298382144968,0.04836273660993859,2.9613635293683905e-18,6.116068821311261e-17
50.361,0.3843914937032883,0.0,0.45694421209118463,0.998673301039251,0.05149405588381548,3.1531015356614782e-18,6.1151103075582e-17
50.371,0.38434546799701147,0.0,0.4564768478159562,0.9985069922659401,0.05462404595071602,3.3447581515011157e-18,6.114091960023672e-17
50.382,0.3842965256759475,0.0,0.4559630448898242,0.998312781085271,0.05806540382871472,3.5554805470016974e-18,6.112902759519847e-17
50.391,0.3842577955411912,0.0,0.4555428987017004,0.9981451097234247,0.060879716944252774,3.727807524438802e-18,6.111876068536879e-17
50.4,0.3842202474816592,0.0,0.4551229719451222,0.9979695549181342,0.06369275827361472,3.900056627432418e-18,6.110801105385009e-17
50.411,0.38417596046732416,0.0,0.45461003319727783,0.9977442973567643,0.06712910763638053,4.1104723398255774e-18,6.109421800627432e-17
50.42,0.38414103865910104,0.0,0.45419061142341494,0.9975512620157535,0.06993911388327281,4.282535597617613e-18,6.108239800064976e-17
50.43,0.3841036223671219,0.0,0.4537248631151955,0.9973275744019868,0.07305962864297587,4.473612018225734e-18,6.106870108463935e-17
50.44,0.3840676644460882,0.0,0.45325941163371,0.9970942144253305,0.07617826172559278,4.664573219342826e-18,6.105441190721629e-17
50.45,0.38403316458336945,0.0,0.4527942636189994,0.9968511992821694,0.07929493356892807,4.8554143291894884e-18,6.103953152135546e-17
50.46,0.3840001224413939,0.0,0.4523294257080272,0.9965985468766723,0.08240956475619426,5.046130484889992e-18,6.102406102337101e-17
50.47,0.3839685376576569,0.0,0.4518649045345746,0.9963362758190202,0.08552207602183924,5.2367168328291015e-18,6.100800155280788e-17
50.48,0.3839384098447311,0.0,0.45140070672914057,0.996064405423569,0.08863238825729546,5.4271685290041166e-18,6.099135429232926e-17
50.49,0.38390973859027544,0.0,0.4509368389188356,0.9957829557069403,0.09174042251673925,5.617480739377524e-18,6.097412046759975e-17
50.5,0.3838825234570458,0.0,0.4504733077272823,0.9954919473860482,0.09484610002279262,5.807648640226134e-18,6.095630134716446e-17
50.51,0.38385676398290547,0.0,0.45001011977451033,0.9951914018760524,0.09794934217225526,5.997667418492063e-18,6.093789824232374e-17
50.52,0.383832459680836,0.0,0.4495472816768536,0.9948813412882489,0.10105007054176088,6.187532272129086e-18,6.091891250700397e-17
50.53,0.3838096100389487,0.0,0.44908480004684925,0.9945617884278926,0.10414820689340692,6.377238410447355e-18,6.089934553762428e-17
50.541,0.383786154924034,0.0,0.44857648986127213,0.9941993447709133,0.1075530699565876,6.585726143040318e-18,6.087715226440474e-17
50.551,0.3837663582917639,0.0,0.44811477831966867,0.9938599354435481,0.11064550926335089,6.775083437969574e-18,6.085636943708681e-17
50.56,0.3837497835826903,0.0,0.4476995600289975,0.9935464146257892,0.1134262843623091,6.945356804173966e-18,6.083717182379009e-17
50.57,0.3837327469656617,0.0,0.4472385703154249,0.9931891345269306,0.11651327416928285,7.134380413479511e-18,6.081529472731677e-17
50.58,0.38371716207674506,0.0,0.4467779700716324,0.9928224865102466,0.11959728374679382,7.323221536361441e-18,6.079284401131449e-17
50.59,0.3837030282550922,0.0,0.446317765885216,0.99244649749527,0.12267823608680913,7.511875457437706e-18,6.07698213241292e-17
50.6,0.3836903448150757,0.0,0.44585796433925956,0.992061195078393,0.12575605440546656,7.700337475052751e-18,6.074622835555259e-17
50.61,0.3836791110463031,0.0,0.44539857201222727,0.9916666075301599,0.12883066214851085,7.888602901610394e-18,6.072206683665625e-17
50.62,0.38366932621363287,0.0,0.4449395954778645,0.9912627637925034,0.13190198299664643,8.076667063901582e-18,6.069733853962241e-17
50.63,0.383660989557189,0.0,0.44448104130509586,0.9908496934759164,0.1349699408708558,8.264525303430053e-18,6.067204527757086e-17
50.64,0.38365410029237723,0.0,0.4440229160579228,0.9904274268565562,0.13803445993773136,8.452172976738813e-18,6.064618890438154e-17
50.65,0.38364865760990136,0.0,0.44356522629532025,0.9899959948732903,0.14109546461472208,8.639605455731401e-18,6.061977131451373e-17
50.66,0.3836446606757793,0.0,0.4431079785711375,0.9895554291246835,0.14415287957534312,8.82681812799089e-18,6.059279444282146e-17
50.67,0.38364210863136095,0.0,0.44265117943399324,0.9891057618659149,0.1472066297543968,9.013806397099578e-18,6.056526026436485e-17
50.68,0.383641000593345,0.0,0.442194835427177,0.9886470260056404,0.15025664035310618,9.200565682953326e-18,6.053717079421787e-17
50.69,0.38364133565379677,0.0,0.44173895308854577,0.9881792551027965,0.15330283684420928,9.387091422073491e-18,6.050852808727278e-17
50.7,0.38364311288016695,0.0,0.44128353895042166,0.9877024833633361,0.15634514497706284,9.573379067919445e-18,6.047933423804007e-17
50.711,0.38364673238772284,0.0,0.44078313195950225,0.9871676800958222,0.15968710459593266,9.778015075425876e-18,6.044658698255336e-17
50.721,0.3836515350176794,0.0,0.4403287222799623,0.986672120799212,0.1627210067495442,9.963788003493209e-18,6.041624272723428e-17
50.731,0.38365777676642626,0.0,0.439874801014867,0.9861676707800582,0.16575079217981098,1.0149308854957183e-17,6.038535407216995e-17
50.74,0.38366462393337175,0.0,0.4394666948500927,0.985706094616561,0.16847401887462427,1.0316058397714968e-17,6.035709068361048e-17
50.75,0.3836735971408939,0.0,0.43901371949856666,0.9851848541933842,0.17149578148735972,1.050108799328845e-17,6.0325173912819e-17
50.76,0.3836840064031943,0.0,0.4385612514195978,0.9846548315667664,0.1745132163253633,1.0685852589088289e-17,6.029271938716083e-17
50.77,0.3836958506159628,0.0,0.4381092971039362,0.9841160653756079,0.17752625121269314,1.087034776561268e-17,6.025972947258628e-17
50.78,0.3837091286504342,0.0,0.43765786303598886,0.9835685948776636,0.18053481428904117,1.1054569122686806e-17,6.022620657293953e-17
50.791,0.38372538917534954,0.0,0.43716189417860923,0.9829563714620667,0.18383898335806662,1.125689112639799e-17,6.018871870062583e-17
50.801,0.3837416744526043,0.0,0.43671157370881425,0.9823907524353375,0.18683792315676018,1.1440523227663274e-17,6.015408452409479e-17
50.811,0.3837593898972185,0.0,0.4362617935469944,0.9818165546925705,0.1898321704338092,1.1623867994847964e-17,6.011892505270693e-17
50.821,0.3837785342803948,0.0,0.4358125601504959,0.9812338199887619,0.19282165467151774,1.1806921109988524e-17,6.008324284321837e-17
50.832,0.383801242029584,0.0,0.43531904262674814,0.9805830021918869,0.1961045022745423,1.2007937550445153e-17,6.004339174662981e-17
50.842,0.38382338307576164,0.0,0.4348709784254683,0.9799824784422858,0.19908375610811355,1.219036423400168e-17,6.000662027224177e-17
50.853,0.38384938402142504,0.0,0.43437876263526265,0.9793121977036698,0.20235518137376243,1.2390681258013014e-17,5.996557741418796e-17
50.862,0.38387193876384457,0.0,0.43397655666875184,0.9787562639330759,0.20502725626551963,1.2554298656176637e-17,5.993153628855317e-17
50.871,0.3838956455643997,0.0,0.4335748201694387,0.9781935951838141,0.2076951861294923,1.2717662244589826e-17,5.989708276441499e-17
50.881,0.38392333641289583,0.0,0.4331290025782056,0.9775605488288979,0.21065463055281716,1.2898875951603788e-17,5.985831985480199e-17
50.891,0.3839524469182347,0.0,0.43268377675614667,0.9769192743409397,0.2136088280506489,1.3079768377092227e-17,5.981905311734935e-17
50.901,0.383982975657594,0.0,0.43223914910295835,0.9762698181511557,0.21655771093893053,1.3260335376601951e-17,5.977928539514907e-17
50.91,0.3840116629176907,0.0,0.4318395009326565,0.9756783510562842,0.219207105906926,1.3422564029963589e-17,5.974306848092231e-17
50.92,0.3840448822953859,0.0,0.43139602740399197,0.975013479572,0.2221457059069589,1.3602501384164324e-17,5.970235684416865e-17
50.93,0.38407951564451526,0.0,0.43095317055967514,0.9743405642171287,0.2250787971379076,1.3782101423543749e-17,5.966115266239664e-17
50.94,0.3841155614482737,0.0,0.4305109367689857,0.9736596536022047,0.2280063133933679,1.3961360094128814e-17,5.961945891214303e-17
50.95,0.38415301816582603,0.0,0.43006933239316264,0.9729707968854779,0.23092818885540614,1.4140273365733432e-17,5.95772786034825e-17
50.96,0.3841918842323353,0.0,0.4296283637853039,0.9722740437682922,0.2338443580984006,1.4318837232193686e-17,5.953461477974463e-17
50.97,0.38423215805899186,0.0,0.42918803729026633,0.9715694444904328,0.23675475609278004,1.449704771159677e-17,5.949147051722903e-17
50.98,0.38427383803304266,0.0,0.42874835924457005,0.9708570498254302,0.2396593182087065,1.467490084650647e-17,5.944784892491778e-17
50.99,0.3843169225178208,0.0,0.42830933597629645,0.9701369110758112,0.2425579802197476,1.4852392704188046e-17,5.940375314418463e-17
51.0,0.38436140985277567,0.0,0.4278709738049929,0.9694090800683199,0.24545067830644457,1.50295193768267e-17,5.935918634850241e-17
51.011,0.3844119642021332,0.0,0.42738954651537403,0.9685996438927356,0.2486256822029171,1.5223932294781473e-17,5.930962267742524e-17
51.02,0.3844545863117778,0.0,0.4269962579882163,0.9679305511788139,0.2512179294848948,1.5382661661605096e-17,5.926865256490339e-17
51.03,0.3845032719955813,0.0,0.4265599169382754,0.9671799595277646,0.25409235700404637,1.5558669584640596e-17,5.922269208175718e-17
51.04,0.3845533536491369,0.0,0.42612426217617383,0.9664218880709382,0.2569605694603803,1.5734296944836794e-17,5.91762735926008e-17
51.05,0.38460482949293995,0.0,0.42568929997730864,0.9656563911830283,0.259822505121035,1.5909539962146114e-17,5.9129400426924e-17
51.06,0.38465769772379066,0.0,0.42525503660795494,0.9648835237334217,0.2626781026804013,1.6084394882682663e-17,5.908207594450771e-17
51.07,0.38471195651482665,0.0,0.42482147832516703,0.9641033410811517,0.26552730126327984,1.625885797891553e-17,5.903430353511506e-17
51.08,0.38476760401555654,0.0,0.42438863137668004,0.9633158990698021,0.2683700404280232,1.643292554986122e-17,5.898608661817939e-17
51.09,0.3848246383518932,0.0,0.4239565020008151,0.9625212540223902,0.2712062601695715,1.6606593921269502e-17,5.893742864249083e-17
51.1,0.38488305762618713,0.0,0.4235250964263808,0.9617194627362147,0.27403590092242763,1.6779859445805612e-17,5.888833308588088e-17
51.11,0.3849428599172621,0.0,0.42309442087257554,0.9609105824776581,0.2768589035636162,1.6952718503231416e-17,5.883880345490414e-17
51.12,0.3850040432804487,0.0,0.42266448154889324,0.9600946709769714,0.2796752094155307,1.7125167500579768e-17,5.878884328451897e-17
51.13,0.38506660574761953,0.0,0.4222352846550235,0.9592717864230174,0.2824847602487485,1.729720287232687e-17,5.873845613776558e-17
51.14,0.3851305453272253,0.0,0.42180683638075817,0.9584419874579923,0.2852874982847545,1.746882108055903e-17,5.86876456054429e-17
51.15,0.3851958600043299,0.0,0.4213791429058934,0.9576053331721026,0.28808336619865155,1.764001861513867e-17,5.863641530578251e-17
51.16,0.3852625477406473,0.0,0.42095221040013314,0.956761883098227,0.29087230712175854,1.7810791993863373e-17,5.858476888412188e-17
51.17,0.38533060647457734,0.0,0.42052604502299334,0.9559116972065405,0.29365426464417516,1.7981137762622944e-17,5.853271001257519e-17
51.18,0.38540003412124335,0.0,0.4201006529237086,0.9550548358991198,0.2964291828172548,1.8151052495550832e-17,5.848024238970288e-17
51.19,0.3854708285725294,0.0,0.41967604024113203,0.9541913600045064,0.2991970061560616,1.8320532795174588e-17,5.842736974017894e-17
51.2,0.3855429876971177,0.0,0.41925221310364214,0.9533213307722572,0.3019576796417215,1.8489575292559805e-17,5.8374095814457e-17
51.21,0.3856165093405268,0.0,0.41882917762904937,0.9524448098674685,0.30471114872370814,1.8658176647450113e-17,5.832042438843524e-17
51.22,0.3856913913251504,0.0,0.4184069399244967,0.9515618593652623,0.3074573593221095,1.882633354840595e-17,5.826635926311862e-17
51.23,0.3857676314502959,0.0,0.41798550608636675,0.9506725417452621,0.31019625782978594,1.8994042712936723e-17,5.821190426428069e-17
51.24,0.3858452274922235,0.0,0.4175648822001878,0.9497769198860446,0.31292779111446456,1.916130088762903e-17,5.815706324212383e-17
51.25,0.385924177204186,0.0,0.4171450743405378,0.9488750570595564,0.31565190652081204,1.93281048482736e-17,5.810184007093739e-17
51.26,0.3860044783164689,0.0,0.41672608857094917,0.947967016925521,0.31836855187240004,1.949445139998564e-17,5.80462386487552e-17
51.27,0.3860861285364303,0.0,0.4163079309438161,0.9470528635258258,0.3210776754736048,1.9660337377321137e-17,5.799026289701189e-17
51.28,0.3861691255485421,0.0,0.4158906075002996,0.9461326612788753,0.3237792261114863,1.982575964439194e-17,5.793391676019708e-17
51.29,0.386253467014431,0.0,0.4154741242702322,0.9452064749739371,0.32647315305755853,1.999071509497415e-17,5.787720420550924e-17
51.3,0.38633915057291923,0.0,0.4150584872720267,0.9442743697654711,0.3291594060694946,2.0155200652612522e-17,5.782012922250841e-17
51.31,0.38642617384006767,0.0,0.41464370251257937,0.9433364111674248,0.33183793539281053,2.031921327072358e-17,5.776269582276692e-17
51.32,0.3865145344092169,0.0,0.4142297759871791,0.9423926650475275,0.3345086917624393,2.0482749932691993e-17,5.770490803951992e-17
51.33,0.3866042298510304,0.0,0.4138167136794128,0.9414431976215658,0.33717162640424136,2.0645807651963068e-17,5.764676992731498e-17
51.34,0.38669525771353724,0.0,0.41340452156107155,0.9404880754476311,0.33982669103649127,2.080838347213378e-17,5.75882855616598e-17
51.35,0.3867876155221755,0.0,0.41299320559205904,0.9395273654203651,0.34247383787125674,2.097047446703721e-17,5.752945903866979e-17
51.36,0.38688130077983557,0.0,0.41258277172029856,0.9385611347651921,0.34511301961571217,2.1132077740822982e-17,5.747029447471501e-17
51.371,0.3869858847590539,0.0,0.41213232036776076,0.9374919853502399,0.3480068640186074,2.130927460508479e-17,5.740482795427343e-17
51.38,0.3870726435413117,0.0,0.4117645739997623,0.9366123820919607,0.35036730114555903,2.145380969369028e-17,5.735096778853487e-17
51.39,0.38717029593857,0.0,0.4113568219860956,0.9356299961264952,0.35298230883195053,2.1613932733334535e-17,5.729081399712815e-17
51.4,0.38726926557182495,0.0,0.4109499757397122,0.9346423616266704,0.3555891672322434,2.1773556773121986e-17,5.723033882568124e-17
51.41,0.38736954983189764,0.0,0.4105440411472457,0.933649547384759,0.35818783154685,2.1932679069869062e-17,5.716954648650602e-17
51.42,0.387471146087332,0.0,0.41013902408279374,0.9326516224889174,0.3607782574778999,2.2091296911113488e-17,5.710844121003192e-17
51.43,0.3875740516844401,0.0,0.40973493040783027,0.9316486563173411,0.36336040123009117,2.2249407615166457e-17,5.704702724444822e-17
51.44,0.3876782639473489,0.0,0.40933176597111226,0.9306407185323954,0.3659342195115221,2.2407008531163522e-17,5.698530885534454e-17
51.451,0.3877944034148132,0.0,0.4088893653257159,0.9295263282378685,0.36875575265021476,2.257977760751293e-17,5.691707212998488e-17
51.461,0.3879013508675145,0.0,0.4084881712699284,0.9285081780467224,0.37131194877132095,2.2736299477398208e-17,5.685472841135296e-17
51.47,0.3879987136403654,0.0,0.4081279063853326,0.927587776260394,0.37360529617806176,2.2876726505448112e-17,5.679837005627513e-17
51.48,0.3881081253656999,0.0,0.40772851713164326,0.9265606541236802,0.3761453897496259,2.303226237854565e-17,5.673547696442214e-17
51.49,0.3882188300463517,0.0,0.4073300861660495,0.925528912742511,0.3786769489652959,2.3187275673061762e-17,5.66723010254223e-17
51.5,0.3883308248743361,0.0,0.40693261925910285,0.9244926233609039,0.3811999335667229,2.3341763923883544e-17,5.660884660171353e-17
51.51,0.38844410701981974,0.0,0.4065361221680025,0.9234518574658656,0.3837143038027677,2.3495724696955727e-17,5.654511807061251e-17
51.52,0.38855867363116986,0.0,0.40614060063650764,0.9224066867815006,0.38622002042977344,2.364915558929737e-17,5.6481119823954e-17
51.53,0.3886745218350034,0.0,0.40574606039485006,0.9213571832631173,0.3887170447117729,2.3802054229014562e-17,5.64168562677299e-17
51.54,0.3887916487362383,0.0,0.4053525071596408,0.9203034190913163,0.3912053384206727,2.3954418275311695e-17,5.635233182172728e-17
51.551,0.3889219617413318,0.0,0.40492074539936207,0.919139443863438,0.39393233268470096,2.4121398515148465e-17,5.628105889487188e-17
51.56,0.38902972694238863,0.0,0.40456838450638444,0.9181833986009571,0.3961555837465829,2.4257533379980197e-17,5.622251800634502e-17
51.57,0.38915067234909756,0.0,0.4041778264526667,0.9171172877169956,0.39861746144721444,2.4408279912278732e-17,5.615723754226605e-17
51.58,0.38927288465689813,0.0,0.4037882781338771,0.9160472070370087,0.40107046074186986,2.4558482799004255e-17,5.609171399828728e-17
51.59,0.3893963608629743,0.0,0.40339974519720156,0.9149732297796079,0.4035145459418691,2.4708139854855378e-17,5.602595185775563e-17
51.6,0.38952109794311873,0.0,0.40301223327567615,0.9138954293533171,0.40594968186601166,2.4857248925604876e-17,5.595995561564679e-17
51.61,0.38964709285178556,0.0,0.402625747988098,0.912813879350691,0.4083758338402776,2.5005807888081366e-17,5.58937297782051e-17
51.62,0.3897743425221426,0.0,0.40224029493894,0.9117286535424393,0.4107929676974653,2.515381465014715e-17,5.582727886258372e-17
51.63,0.3899028438661254,0.0,0.40185587971826114,0.9106398258715378,0.4132010497768069,2.5301267150674635e-17,5.576060739648409e-17
51.64,0.39003259377449023,0.0,0.4014725079016212,0.9095474704473645,0.4156000469234822,2.5448163359516613e-17,5.569371991779684e-17
51.65,0.3901635891168684,0.0,0.4010901850499932,0.9084516615398406,0.41798992648807093,2.5594501277472676e-17,5.562662097424302e-17
51.66,0.3902958267418206,0.0,0.4007089167096759,0.9073524735735624,0.420370656325983,2.5740278936254358e-17,5.555931512301483e-17
51.67,0.3904293034768913,0.0,0.40032870841220874,0.9062499811219586,0.4227422047967881,2.588549439844407e-17,5.54918069304178e-17
51.68,0.39056401612866376,0.0,0.399949565674285,0.9051442589014562,0.4251045407634852,2.6030145757450383e-17,5.542410097151358e-17
51.69,0.3906999614828157,0.0,0.39957149399766495,0.9040353817656371,0.4274576335917498,2.6174231137461927e-17,5.535620182976215e-17
51.7,0.39083713630417455,0.0,0.39919449886909164,0.9029234246994244,0.42980145314908225,2.6317748693395234e-17,5.5288114096665814e-17
51.71,0.3909755373367735,0.0,0.3988185857602047,0.9018084628132768,0.43213596980389735,2.646069661083901e-17,5.5219842371413717e-17
51.72,0.3911151613039084,0.0,0.3984437601274539,0.9006905713373776,0.4344611544245909,2.660307310599696e-17,5.5151391260526014e-17
51.73,0.39125600490819334,0.0,0.3980700274120165,0.8995698256158561,0.4367769783785064,2.6744876425624527e-17,5.5082765377500044e-17
51.74,0.3913980648316191,0.0,0.39769739303970975,0.8984463011010071,0.43908341353086705,2.68861048469635e-17,5.5013969342456375e-17
51.751,0.39155573161079166,0.0,0.39728877027330767,0.8972073048058377,0.44160961516145086,2.7040790084008263e-17,5.493810270010464e-17
51.762,0.39171486162370905,0.0,0.3968814902278202,0.8959651382919721,0.4441243868168549,2.7194775436927115e-17,5.4862041937843965e-17
51.771,0.39184614411781576,0.0,0.3965492648189614,0.8949465326697,0.4461734008908212,2.7320241363281652e-17,5.479967033209852e-17
51.78,0.3919784006379129,0.0,0.39621794695586215,0.8939259276178911,0.4482147207895931,2.7445236157284992e-17,5.473717629660395e-17
51.791,0.392141366608115,0.0,0.3958142410552834,0.8926758868913838,0.45069919121591656,2.7597366095043656e-17,5.4660633377877893e-17
51.801,0.39229077302861326,0.0,0.3954484231629378,0.8915370512166041,0.4529477743713972,2.7735052103242456e-17,5.4590899804684204e-17
51.811,0.3924413716223842,0.0,0.39508374168804244,0.8903959750694705,0.4551867831781662,2.787215185166608e-17,5.452102904212568e-17
51.82,0.3925779267867061,0.0,0.3947565043769469,0.8893671538429904,0.4571936850670827,2.799503915038929e-17,5.445803191103049e-17
51.83,0.39273078089763813,0.0,0.39439399667874453,0.8882220305483245,0.4594144364825852,2.8131020956024144e-17,5.4387913332158406e-17
51.84,0.3928848170260702,0.0,0.394032640718628,0.8870748876720426,0.46162554485387075,2.826641229549729e-17,5.431767108957824e-17
51.85,0.3930400316309848,0.0,0.3936724417479403,0.885925801479261,0.4638269874353249,2.840121177604151e-17,5.4247309853181526e-17
51.86,0.39319642115145115,0.0,0.39331340500166423,0.8847748482751332,0.46601874196186044,2.8535418034313434e-17,5.4176834295311345e-17
51.871,0.3933698023771703,0.0,0.39291981317779545,0.8835067344647357,0.4684184562498141,2.8682358155393965e-17,5.409918471936846e-17
51.881,0.3935286475412248,0.0,0.39256323406942506,0.8823521090566732,0.47058979551541574,2.881531433946807e-17,5.402848430385855e-17
51.894,0.3937368855179486,0.0,0.3921014436317568,0.8808486701943945,0.4733979512173314,2.898726428406099e-17,5.393642522433839e-17
51.9,0.39383365647666013,0.0,0.3918889843832586,0.880153892538877,0.4746884509324648,2.906628460133292e-17,5.389388236274096e-17
51.91,0.3939958664682329,0.0,0.3915358367055694,0.8789947498686673,0.47683144789675835,2.919750531997815e-17,5.382290534469959e-17
51.921,0.39417562918791815,0.0,0.3911487527029209,0.8777180688838251,0.4791774113570557,2.9341154152106644e-17,5.374473118061862e-17
51.93,0.39432374215845184,0.0,0.3908331263271292,0.8766723150105175,0.481087987892132,2.9458143224017005e-17,5.368069722393652e-17
51.94,0.39448940044049075,0.0,0.3904835738457886,0.8755091756804912,0.48320149347789354,2.958755811654615e-17,5.3609475481062565e-17
51.952,0.39468969746394633,0.0,0.39006570665287565,0.8741118584347773,0.4857246740116255,2.974205836476144e-17,5.3523914476444723e-17
51.961,0.39484099549762,0.0,0.3897534536415839,0.8730628354121747,0.48760771673759834,2.985736147711246e-17,5.345968034210161e-17
51.971,0.39501018167071367,0.0,0.3894076642609047,0.8718962886915667,0.4896905775751379,2.9984899920000563e-17,5.3388249956729184e-17
51.98,0.39516341571864927,0.0,0.38909750040143926,0.8708455885485356,0.4915566711026864,3.0099165193271656e-17,5.332391312837785e-17
51.99,0.395334746148568,0.0,0.3887540413657219,0.8696773161549264,0.4936206699132079,3.022554867010911e-17,5.3252377076009567e-17
52.0,0.39550719958492025,0.0,0.3884118160813581,0.8685082461508211,0.4956747183062949,3.03513228596035e-17,5.3180792184084233e-17
52.01,0.3956807721755958,0.0,0.38807082952831023,0.8673384547867637,0.4977188009791362,3.047648682472788e-17,5.310916312160108e-17
52.02,0.39585546004958844,0.0,0.3877310866689084,0.8661680182670398,0.49975290307445824,3.060103965573664e-17,5.3037494554726823e-17
52.03,0.39603125931706273,0.0,0.38739259244777235,0.8649970127444996,0.5017770101779195,3.0724980470005903e-17,5.2965791146478684e-17
52.04,0.3962081660694212,0.0,0.38705535179173367,0.8638255143153901,0.5037911083154919,3.084830841187323e-17,5.2894057556407935e-17
52.05,0.3963861763793699,0.0,0.3867193696097603,0.8626535990142358,0.5057951839507631,3.0971022652472436e-17,5.282229844028641e-17
52.06,0.3965652863009872,0.0,0.38638465079287826,0.8614813428087347,0.5077892239822144,3.1093122389566865e-17,5.2750518449794033e-17
52.07,0.39674549186978997,0.0,0.3860512002140971,0.8603088215946958,0.5097732157404368,3.121460684737895e-17,5.267872223220878e-17
52.08,0.39692678910280205,0.0,0.385719022728333,0.8591361111909841,0.5117471469853379,3.1335475276419205e-17,5.260691443009716e-17
52.09,0.3971091739986227,0.0,0.38538812317233206,0.8579632873345137,0.5137110059032751,3.145572695331065e-17,5.253509968100765e-17
52.1,0.3972926425374943,0.0,0.3850585063645968,0.85679042567527,0.5156647811041487,3.157536118061081e-17,5.246328261716588e-17
52.11,0.39747719068137116,0.0,0.3847301771053098,0.8556176017713442,0.5176084616184838,3.169437728663309e-17,5.2391467865170566e-17
52.12,0.3976628143739893,0.0,0.38440314017625843,0.854444891084017,0.5195420368944388,3.1812774625263527e-17,5.231966004569251e-17
52.13,0.39784950954093534,0.0,0.38407740034076054,0.8532723689728621,0.5214654967947927,3.1930552575776365e-17,5.2247863773174744e-17
52.14,0.39803727208971507,0.0,0.3837529623435919,0.8521001106908915,0.5233788315938755,3.204771054264607e-17,5.217608365553528e-17
52.15,0.3982260979098252,0.0,0.3834298309109089,0.8509281913797121,0.5252820319744927,3.2164247955359007e-17,5.210432429387054e-17
52.16,0.39841598287282265,0.0,0.38310801075017686,0.8497566860647315,0.5271750890247805,3.228016426822092e-17,5.203259028216179e-17
52.17,0.3986069228323944,0.0,0.38278750655009663,0.8485856696503967,0.529057994235025,3.239545896016211e-17,5.196088620698358e-17
52.18,0.3987989136244291,0.0,0.38246832298053096,0.8474152169154444,0.5309307394944752,3.251013153454232e-17,5.188921664721295e-17
52.19,0.3989919510670885,0.0,0.38215046469243075,0.8462454025082033,0.532793317088089,3.262418151895145e-17,5.181758617374174e-17
52.2,0.3991860309608776,0.0,0.38183393631776424,0.8450763009419294,0.5346457196932428,3.273760846500814e-17,5.174599934919096e-17
52.21,0.3993811490887169,0.0,0.38151874246944373,0.8439079865901533,0.5364879403764391,3.285041194815811e-17,5.1674460727625936e-17
52.22,0.3995773012160148,0.0,0.3812048877412527,0.8427405336820809,0.5383199725899471,3.2962591567468485e-17,5.160297485427463e-17
52.23,0.3997744830907389,0.0,0.38089237670777654,0.8415740162980273,0.540141810168411,3.307414694542009e-17,5.153154626524808e-17
52.24,0.39997269044348926,0.0,0.380581213924328,0.8404085083648636,0.5419534473254553,3.3185077727699624e-17,5.146017948726159e-17
52.25,0.40017191898757054,0.0,0.38027140392687886,0.8392440836515183,0.5437548786502273,3.3295383582987915e-17,5.138887903735927e-17
52.26,0.4003721644190653,0.0,0.37996295123198814,0.8380808157645108,0.5455460991039089,3.340506420274634e-17,5.1317649422640536e-17
52.27,0.40057342241690796,0.0,0.3796558603367303,0.8369187781435017,0.5473271040162256,3.351411930100306e-17,5.124649513998766e-17
52.28,0.40077568864295704,0.0,0.3793501357186273,0.8357580440568939,0.5490978890818967,3.362254861413566e-17,5.1175420675796386e-17
52.29,0.40097895874207,0.0,0.3790457818355774,0.8345986865974709,0.5508584503570554,3.373035190065195e-17,5.110443050570889e-17
52.3,0.40118322834217784,0.0,0.37874280312578507,0.8334407786780487,0.5526087842556685,3.383752894097073e-17,5.10335290943475e-17
52.31,0.4013884930543582,0.0,0.3784412040076932,0.8322843930271816,0.5543488875458991,3.3944079537199067e-17,5.096272089505178e-17
52.32,0.4015947484729107,0.0,0.3781409888799132,0.8311296021849042,0.5560787573464417,3.405000351290788e-17,5.089201034961779e-17
52.33,0.40180199017543283,0.0,0.377842162121156,0.8299764784984881,0.5577983911228579,3.4155300712907564e-17,5.0821401888038274e-17
52.34,0.4020102137228935,0.0,0.3775447280901644,0.8288250941182533,0.559507786683857,3.425997100302028e-17,5.0750899928246134e-17
52.35,0.4022194146597095,0.0,0.3772486911256453,0.8276755209934153,0.5612069421775523,3.4364014269850656e-17,5.0680508875860205e-17
52.36,0.40242958851382193,0.0,0.3769540555462003,0.8265278308679481,0.5628958560877177,3.4467430420556635e-17,5.061023312393188e-17
52.37,0.4026407307967705,0.0,0.3766608256502606,0.8253820952765037,0.5645745272299916,3.457021938261697e-17,5.05400770526953e-17
52.38,0.40285283700377184,0.0,0.3763690057160175,0.8242383855403562,0.566242954748072,3.4672381103598294e-17,5.0470045029318966e-17
52.39,0.4030659026137944,0.0,0.37607860000135773,0.8230967727633919,0.5679011381098732,3.477391555091976e-17,5.040014140766021e-17
52.4,0.40327992308963595,0.0,0.375789612743796,0.8219573278281165,0.5695490771036876,3.487482271161801e-17,5.033037052802073e-17
52.41,0.4034948938780014,0.0,0.37550204816040833,0.8208201213917176,0.5711867718342977,3.497510259210911e-17,5.026073671690544e-17
52.42,0.4037108104095795,0.0,0.37521591044776637,0.8196852238821527,0.5728142227190812,3.507475521795009e-17,5.0191244286783e-17
52.43,0.4039276680991193,0.0,0.37493120378187406,0.8185527054942832,0.5744314304840825,3.517378063359835e-17,5.0121897535849e-17
52.44,0.40414546234551035,0.0,0.37464793231809873,0.8174226361860261,0.576038396160089,3.52721789021714e-17,5.005270074779041e-17
52.45,0.40436418853186,0.0,0.37436610019110833,0.8162950856745601,0.5776351210786638,3.536995010520397e-17,4.9983658191553225e-17
52.46,0.40458384202556996,0.0,0.3740857115148081,0.8151701234325666,0.5792216068681607,3.546709434240398e-17,4.9914774121112276e-17
52.47,0.4048044181784179,0.0,0.3738067703822732,0.8140478186844908,0.5807978554497445,3.5563611731408834e-17,4.9846052775242335e-17
52.48,0.40502591232663465,0.0,0.373529280865687,0.8129282404028563,0.5823638690333699,3.565950240753924e-17,4.9777498377292397e-17
52.49,0.40524831979098336,0.0,0.37325324701627705,0.8118114573046157,0.5839196501137431,3.57547665235519e-17,4.970911513496229e-17
52.5,0.4054716358768392,0.0,0.37297867286425207,0.810697537847521,0.5854652014662931,3.5849404249392805e-17,4.964090724008034e-17
52.51,0.4056958558742696,0.0,0.37270556241873765,0.8095865502265472,0.5870005261431017,3.5943415771948085e-17,4.957287886838445e-17
52.52,0.405920975058113,0.0,0.3724339196677155,0.8084785623703533,0.5885256274688186,3.603680129479382e-17,4.950503417930535e-17
52.53,0.4061469886880595,0.0,0.37216374857796025,0.8073736419377611,0.5900405090365881,3.6129561037946627e-17,4.9437377315751015e-17
52.54,0.40637389200873214,0.0,0.37189505309497684,0.8062718563142887,0.5915451747039367,3.62216952376119e-17,4.936991240389441e-17
52.554,0.406693042252479,0.0,0.37152136590573437,0.8047347506426108,0.5936345518146454,3.634963268715395e-17,4.927579182685584e-17
52.56,0.40683034862588996,0.0,0.3713621046246338,0.8040779576496977,0.5945238750646529,3.64040880307304e-17,4.923557485503217e-17
52.573,0.4071289254212333,0.0,0.3710188764644562,0.8026590443772131,0.5964381430454117,3.652130313849773e-17,4.914869147516137e-17
52.582,0.40733649345221434,0.0,0.3707827338664739,0.8016800982378893,0.5977533103959259,3.660183391280525e-17,4.9088748312358345e-17
52.591,0.40754476190901145,0.0,0.3705478028490902,0.8007039714504841,0.5990602224346249,3.668185919505324e-17,4.9028977785070454e-17
52.601,0.40777698849517835,0.0,0.37028819275562,0.7996227509643608,0.6005026695529238,3.677018360737144e-17,4.8962772124695275e-17
52.61,0.40798672401517955,0.0,0.37005582863136754,0.7986527330248027,0.6017921668084534,3.684914254169612e-17,4.890337565645551e-17
52.62,0.4082205718866528,0.0,0.3697990774682983,0.7975784178395884,0.6032152745052954,3.6936282755985105e-17,4.883759282381311e-17
52.63,0.4084552659857872,0.0,0.36954383645438893,0.7965078310796069,0.6046282122336506,3.702280023930634e-17,4.8772038291372064e-17
52.64,0.4086908014110015,0.0,0.3692901093191213,0.7954410372143754,0.6060309862666418,3.710869537577782e-17,4.8706716006751775e-17
52.65,0.4089271732465476,0.0,0.3690378997700484,0.7943781004043058,0.6074236030959339,3.719396856289939e-17,4.864162989864439e-17
52.66,0.40916437656259197,0.0,0.3687872114927378,0.7933190844976746,0.6088060694275077,3.727862021129393e-17,4.8576783876629295e-17
52.67,0.4094024064153011,0.0,0.36853804815071234,0.7922640530276179,0.610178392177445,3.736265074444932e-17,4.851218183098906e-17
52.68,0.4096412578469237,0.0,0.3682904133853943,0.7912130692091732,0.6115405784676926,3.7446060598459025e-17,4.844782763252836e-17
52.691,0.4099049374113565,0.0,0.3680197849685712,0.79006173710083,0.613027284522654,3.75370950890331e-17,4.837732887346646e-17
52.702,0.41016959843397754,0.0,0.3677510152945946,0.7889154620048222,0.6145017443504274,3.76273797144608e-17,4.830713976710304e-17
52.713,0.4104352342584049,0.0,0.3674841091170405,0.7877743267012887,0.6159639682565299,3.771691510577306e-17,4.8237265382259723e-17
52.723,0.4106775616564188,0.0,0.36724308819422913,0.7867414603810552,0.617282653666442,3.779766129908962e-17,4.817402056060867e-17
52.734,0.4109450399105327,0.0,0.3669797526823588,0.7856103655246315,0.6187215476935121,3.78857681473178e-17,4.810476097583611e-17
52.74,0.4110913402273947,0.0,0.3668369060249919,0.7849956662121003,0.6195012542587955,3.793351140479023e-17,4.8067121498559636e-17
52.751,0.4113602920567039,0.0,0.36657647349728767,0.7838729166826386,0.620921291704072,3.8020463620391585e-17,4.799837291768466e-17
52.761,0.41160561386177846,0.0,0.3663413516462324,0.7828570081708054,0.6222016592374658,3.809886352046674e-17,4.7936166462322506e-17
52.775,0.4119503666564621,0.0,0.36601480377707735,0.7814424907815012,0.6239772700998037,3.8207588328421404e-17,4.7849552252665024e-17
52.781,0.41209857989282384,0.0,0.3658757934245215,0.7808390744027369,0.6247322145414602,3.825381534312184e-17,4.781260365582469e-17
52.79,0.41232141620818086,0.0,0.3656683361840929,0.7799371446675998,0.6258578515667528,3.8322740732123156e-17,4.775737638766511e-17
52.8,0.41256973493151355,0.0,0.36543932024880604,0.7789395437575958,0.6270990250117668,3.8398740686454315e-17,4.7696290949601964e-17
52.813,0.41289367857394366,0.0,0.3651439529792929,0.7776499059508498,0.6286975614511595,3.8496622813145443e-17,4.7617323408997425e-17
52.822,0.4131186896482327,0.0,0.36494102992548527,0.776761938090998,0.6297943247863674,3.856378019853967e-17,4.7562951059131765e-17
52.831,0.4133443038222734,0.0,0.36473938761640023,0.7758779938095325,0.6308829833828893,3.863044131181941e-17,4.7508825082385696e-17
52.841,0.4135956889920881,0.0,0.3645168456192843,0.7749006036579633,0.6320831072339491,3.870392770345845e-17,4.744897719635383e-17
52.85,0.4138225639880248,0.0,0.36431791493103566,0.7740252914328187,0.6331546795391629,3.8769542583140203e-17,4.739537978061493e-17
52.86,0.4140753407057333,0.0,0.36409839170107,0.7730575956547104,0.6343358367620091,3.884186760375262e-17,4.73361255037545e-17
52.87,0.414328842273735,0.0,0.363880461962063,0.7720950844870661,0.6355070263269402,3.8913582281347006e-17,4.7277188692724534e-17
52.88,0.4145830634738474,0.0,0.3636641289019344,0.7711378142139894,0.6366682585846971,3.898468724972343e-17,4.7218572793932425e-17
52.89,0.414837999075778,0.0,0.36344939568538287,0.7701858407472303,0.6378195440032252,3.9055183149858707e-17,4.7160281230985436e-17
52.9,0.4150936438372127,0.0,0.36323626545383547,0.7692392196239752,0.6389608931634999,3.9125070629650705e-17,4.7102317404555453e-17
52.91,0.41534999250390536,0.0,0.3630247413253983,0.768298006004656,0.6400923167553799,3.919435034366449e-17,4.70446846922448e-17
52.92,0.41560703980976516,0.0,0.36281482639480894,0.7673622546708039,0.6412138255734512,3.926302295287781e-17,4.69873864484548e-17
52.93,0.41586478047694586,0.0,0.3626065237333874,0.7664320200229374,0.6423254305128824,3.9331089124427354e-17,4.6930426004256525e-17
52.94,0.4161232092159362,0.0,0.3623998363889877,0.7655073560784651,0.6434271425653086,3.939854953135665e-17,4.687380666726227e-17
52.95,0.41638232072564707,0.0,0.36219476738595113,0.7645883164696352,0.64451897281471,3.946540485236373e-17,4.6817531721500114e-17
52.96,0.41664210969350246,0.0,0.36199131972505877,0.7636749544415168,0.6456009324333007,3.953165577154942e-17,4.6761604427290214e-17
52.97,0.41690257079552906,0.0,0.3617894963834836,0.7627673228499956,0.6466730326774502,3.959730297816756e-17,4.670602802112214e-17
52.98,0.4171636986964451,0.0,0.3615893003147459,0.761865474159819,0.6477352848835967,3.966234716637478e-17,4.6650805715535144e-17
52.99,0.41742548804975205,0.0,0.3613907344486649,0.7609694604426597,0.6487877004641869,3.972678903498191e-17,4.659594069899958e-17
53.0,0.41768793349782296,0.0,0.36119380169131476,0.7600793333752198,0.6498302909036185,3.9790629287205494e-17,4.654143613580085e-17
53.01,0.41795102967199393,0.0,0.3609985049249786,0.75919514423735,0.6508630677542161,3.985386863042138e-17,4.6487295165924194e-17
53.02,0.41821477119265515,0.0,0.3608048470081026,0.7583169439102107,0.6518860426322061,3.991650777591831e-17,4.6433520904942125e-17
53.03,0.4184791526693403,0.0,0.36061283077525275,0.7574447828744644,0.6528992272137067,3.997854743865232e-17,4.6380116443903735e-17
53.04,0.41874416870081843,0.0,0.3604224590370698,0.7565787112084822,0.6539026332307526,4.0039988337003344e-17,4.6327084849224874e-17
53.05,0.4190098138751849,0.0,0.3602337345802251,0.7557187785865953,0.6548962724673156,4.010083119253155e-17,4.6274429162581065e-17
53.06,0.41927608276995315,0.0,0.36004666016737713,0.7548650342773658,0.6558801567553566,4.0161076729735584e-17,4.6222152400801656e-17
53.07,0.41954296995214413,0.0,0.35986123853712965,0.7540175271418953,0.6568542979708827,4.022072567581116e-17,4.617025755576623e-17
53.08,0.4198104699783808,0.0,0.3596774724039867,0.7531763056321458,0.6578187080300412,4.027977876041186e-17,4.6118747594301796e-17
53.09,0.4200785773949782,0.0,0.3594953644583113,0.7523414177893034,0.6587733988852167,4.0338236715410157e-17,4.60676254580826e-17
53.1,0.4203472867380349,0.0,0.3593149173662846,0.7515129112421689,0.6597183825211481,4.039610027465966e-17,4.601689406353156e-17
53.11,0.4206165925335268,0.0,0.35913613376986164,0.7506908332055625,0.6606536709510803,4.045337017375946e-17,4.5966556301722585e-17
53.12,0.4208864892973984,0.0,0.3589590162867318,0.7498752304787691,0.6615792762129212,4.0510047149818834e-17,4.591661503828542e-17
53.13,0.42115697153565523,0.0,0.35878356751027785,0.749066149444011,0.6624952103654204,4.056613194122322e-17,4.586707311331205e-17
53.14,0.4214280337444561,0.0,0.35860979000953497,0.7482636360649328,0.6634014854843828,4.062162528740244e-17,4.5817933341264e-17
53.15,0.42169967041020756,0.0,0.35843768632915024,0.7474677358851278,0.664298113658891,4.067652792859928e-17,4.576919851088205e-17
53.16,0.42197187600965436,0.0,0.358267258989344,0.7466784940266885,0.6651851069875485,4.073084060563955e-17,4.572087138509751e-17
53.17,0.42224464500997494,0.0,0.35809851048586916,0.7458959551887719,0.6660624775747613,4.078456405970436e-17,4.5672954700944355e-17
53.18,0.4225179718688727,0.0,0.3579314432899733,0.7451201636462016,0.6669302375270278,4.083769903210293e-17,4.562545116947364e-17
53.19,0.4227918510346704,0.0,0.3577660598483595,0.744351163248096,0.6677883989492527,4.0890246264046903e-17,4.557836347566949e-17
53.2,0.4230662769464039,0.0,0.3576023625831478,0.7435889974165095,0.6686369739410991,4.094220649642696e-17,4.5531694278365895e-17
53.21,0.4233412440339152,0.0,0.3574403538918381,0.7428337091451105,0.6694759745933512,4.0993580469590116e-17,4.548544621016577e-17
53.22,0.42361674671794614,0.0,0.35728003614727233,0.7420853409978829,0.6703054129843021,4.1044368923118514e-17,4.543962187736147e-17
53.232,0.4239480490572864,0.0,0.3570898902079447,0.7411964930779876,0.6712881338508023,4.110454322129925e-17,4.5385195639360047e-17
53.244,0.42428010493460494,0.0,0.3569021866225337,0.7403177427696757,0.6722571232351595,4.116387670869729e-17,4.5331387701743847e-17
53.25,0.42444641242206044,0.0,0.35680925195180824,0.739882176469062,0.6727364751099824,4.119322854565565e-17,4.5304716957950695e-17
53.263,0.42480737748219793,0.0,0.35660999388517906,0.7389472124578306,0.673763324321532,4.1256104925662207e-17,4.524746692376707e-17
53.272,0.4250577779325122,0.0,0.3564737317765311,0.7383069914865606,0.6744648147398526,4.1299058825433657e-17,4.520826469560643e-17
53.282,0.425336476243986,0.0,0.35632394935412093,0.7376024517471014,0.6752352354377437,4.134623348751711e-17,4.5165124078766385e-17
53.291,0.42558772825201396,0.0,0.35619060485342857,0.7369745326556599,0.675920511759313,4.138819456020418e-17,4.5126675123493525e-17
53.301,0.4258673625476618,0.0,0.35604406815646006,0.7362837324665166,0.6766729382095719,4.1434267392399346e-17,4.508437581146928e-17
53.311,0.4261474812664354,0.0,0.3558992428597635,0.7356002197784132,0.6774159111372793,4.1479761363287844e-17,4.5042522730186163e-17
53.321,0.42642807874246286,0.0,0.3557561310851215,0.7349240327478692,0.6781494422983837,4.152467719271392e-17,4.500111821605713e-17
53.331,0.42670914930182285,0.0,0.35561473492926865,0.7342552090888379,0.678873543398111,4.156901559741592e-17,4.4960164578395794e-17
53.34,0.4269625125955898,0.0,0.3554889469558068,0.73365959429149,0.6795171813162978,4.160842705323179e-17,4.4923693690640946e-17
53.35,0.42724446635322233,0.0,0.355350816162305,0.73300486335074,0.6802233973513135,4.1651670313571215e-17,4.488360298309634e-17
53.361,0.42755514262196526,0.0,0.35520086076538826,0.732293288820463,0.6809893825519676,4.169857337977998e-17,4.4840031609553414e-17
53.372,0.42786636376452875,0.0,0.35505299111100225,0.7315908011162652,0.681744013337896,4.1744781188606244e-17,4.47970166436341e-17
53.382,0.4281497585018751,0.0,0.3549203763011605,0.7309601009248521,0.6824202010901568,4.178618574692768e-17,4.4758397395102316e-17
53.392,0.42843359154293814,0.0,0.35478948935588905,0.7303369845178378,0.6830870288955804,4.1827017173802405e-17,4.472024251943501e-17
53.402,0.42871785715940575,0.0,0.3546603321931625,0.7297214864386556,0.6837445080070178,4.186727615826881e-17,4.4682554131807417e-17
53.411,0.42897406132588733,0.0,0.3545455712756014,0.7291740800249858,0.6843282553129861,4.190302037175706e-17,4.4649035156190746e-17
53.421,0.42925913302816077,0.0,0.3544197058930865,0.7285731503224239,0.6849680026316987,4.194219359706328e-17,4.461223882435299e-17
53.43,0.42951605333796294,0.0,0.35430791059404587,0.7280389097932016,0.6855358092960034,4.197696172776205e-17,4.457952602664865e-17
53.44,0.4298019103717503,0.0,0.35418534365042714,0.727452668445773,0.6861578646136209,4.201505163044269e-17,4.454362909716584e-17
53.45,0.4300881723855331,0.0,0.35406451534290856,0.7268742049516088,0.6867706241358658,4.20525723298209e-17,4.4508208423838245e-17
53.461,0.43040352146691974,0.0,0.3539336144420447,0.7262469166115596,0.687433935816528,4.20931884561489e-17,4.4469798090949063e-17
53.472,0.4307193459052052,0.0,0.3538048217543742,0.7256291199371855,0.6880860268158231,4.213311751390088e-17,4.443196895495925e-17
53.483,0.4310356380026259,0.0,0.35367813956392824,0.7250208561106402,0.6887269111952824,4.21723603640973e-17,4.439472353754846e-17
53.493,0.43132357560764,0.0,0.3535648072506758,0.7244761954053839,0.6892998203183721,4.2207440930287005e-17,4.436137268808279e-17
53.5,0.43152535500169104,0.0,0.3534865144334648,0.7240996565394061,0.6896953584007319,4.223166065261215e-17,4.4338316332234076e-17
53.512,0.4318716835351357,0.0,0.35335429220637016,0.7234632442119274,0.6903629004185792,4.22725358123848e-17,4.429934731624484e-17
53.521,0.4321317737992941,0.0,0.35325677990612375,0.7229934898635706,0.6908548426514031,4.2302658586424453e-17,4.42705831582898e-17
53.531,0.4324211029570854,0.0,0.3531500975894825,0.7224791636056657,0.6913926946068043,4.233559252020432e-17,4.423908975801677e-17
53.54,0.4326818005320401,0.0,0.3530555829676581,0.7220231532041137,0.6918688938210685,4.236475131237958e-17,4.421116717408484e-17
53.55,0.4329717939680926,0.0,0.352952234205011,0.721524148521552,0.6923892713642011,4.239661524700685e-17,4.418061194972191e-17
53.56,0.4332621285706316,0.0,0.35285064215233014,0.7210332476661387,0.6929004659834056,4.2427916889714357e-17,4.415055294165788e-17
53.57,0.43355279850207046,0.0,0.3527508082988474,0.720550477513575,0.6934024872719732,4.2458656827921766e-17,4.412099179555483e-17
53.58,0.4338437979191879,0.0,0.352652734108048,0.7200758644770964,0.6938953447008867,4.248883564155951e-17,4.409193012875697e-17
53.59,0.434135120973225,0.0,0.35255642101764806,0.7196094345068954,0.6943790476164053,4.251845390292092e-17,4.406336953025532e-17
53.6,0.4344267618099838,0.0,0.352461870439572,0.7191512130895583,0.6948536052376909,4.254751217651684e-17,4.4035311560653187e-17
53.61,0.43471871456992695,0.0,0.3523690837599301,0.7187012252475096,0.6953190266544764,4.257601101893289e-17,4.4007757752132175e-17
53.62,0.43501097338827444,0.0,0.35227806233899756,0.7182594955384788,0.6957753208247688,4.260395097868879e-17,4.398070960841953e-17
53.63,0.43530353239510394,0.0,0.35218880751119247,0.7178260480549763,0.6962224965725934,4.2631332596100277e-17,4.3954168604756045e-17
53.64,0.43559638571544795,0.0,0.3521013205850554,0.7174009064237881,0.6966605625857741,4.265815640314313e-17,4.3928136187865096e-17
53.65,0.43588952746939325,0.0,0.3520156028432289,0.716984093805476,0.6970895274137608,4.268442292332017e-17,4.390261377592209e-17
53.66,0.4361829517721803,0.0,0.3519316555424374,0.7165756328938998,0.6975093994654888,4.2710132671530176e-17,4.387760275852516e-17
53.67,0.43647665273430203,0.0,0.3518494799134671,0.7161755459157475,0.6979201870072831,4.273528615393957e-17,4.3853104496666426e-17
53.68,0.43677062446160075,0.0,0.3517690771611479,0.7157838546300829,0.6983218981607984,4.275988386785628e-17,4.382912032270427e-17
53.691,0.4370942990551703,0.0,0.3516826832123149,0.715362716637498,0.6987533067149084,4.278630002310207e-17,4.3803333057973344e-17
53.701,0.437388820183744,0.0,0.35160600730710634,0.7149887250490757,0.6991359832340895,4.280973220181827e-17,4.378043267788988e-17
53.711,0.43768359377713684,0.0,0.35153110784836217,0.7146231936297629,0.6995096076012097,4.2832610096082127e-17,4.375805033375742e-17
53.72,0.4379491009822801,0.0,0.3514652181054306,0.7143014652022086,0.6998381361500515,4.285272666787051e-17,4.373835014930746e-17
53.73,0.4382443379673472,0.0,0.35139369689901634,0.7139520623677423,0.7001945819847847,4.2874552680399276e-17,4.371695539616536e-17
53.74,0.43853981026057975,0.0,0.35132395525210597,0.7136111759360979,0.700541997013098,4.289582571551926e-17,4.369608212229605e-17
53.75,0.43883551193805687,0.0,0.3512559941873248,0.7132788243812668,0.7008803882898123,4.291654620521363e-17,4.367573145890527e-17
53.76,0.43913143707200464,0.0,0.35118981470120214,0.7129550257064207,0.7012097627101016,4.293671457169005e-17,4.365590450836935e-17
53.77,0.4394275797308935,0.0,0.3511254177641552,0.712639797443567,0.7015301270078084,4.2956331227277435e-17,4.363660234421412e-17
53.78,0.4397239339795392,0.0,0.3510628043204742,0.7123331566532103,0.7018414877538041,4.2975396574325624e-17,4.3617826011094206e-17
53.79,0.4400204938792029,0.0,0.3510019752883074,0.7120351199240299,0.7021438513543876,4.2993911005107286e-17,4.359957652477325e-17
53.8,0.4403172534876894,0.0,0.35094293155964695,0.7117457033725697,0.7024372240497267,4.3011874901722503e-17,4.358185487210495e-17
53.81,0.4406142068594493,0.0,0.3508856740003146,0.7114649226429315,0.7027216119123472,4.3029288636006227e-17,4.356466201101427e-17
53.82,0.44091134804567655,0.0,0.3508302034499487,0.7111927929064857,0.7029970208456594,4.3046152569438095e-17,4.354799887047971e-17
53.83,0.44120867109440964,0.0,0.3507765207219905,0.7109293288615913,0.7032634565825294,4.3062467053054914e-17,4.353186635051619e-17
53.84,0.4415061700506322,0.0,0.3507246266036719,0.7106745447333225,0.7035209246838966,4.307823242736601e-17,4.351626532215829e-17
53.85,0.44180383895637176,0.0,0.3506745218560026,0.7104284542732091,0.7037694305374302,4.3093449022270974e-17,4.3501196627444365e-17
53.86,0.44210167185080024,0.0,0.35062620721375903,0.7101910707589871,0.7040089793562319,4.310811715698022e-17,4.348666107940125e-17
53.871,0.4424294703239919,0.0,0.35057512952390596,0.7099400206829131,0.7042621436885167,4.312361900143976e-17,4.347128869579676e-17
53.882,0.4427574520662734,0.0,0.3505262196247437,0.709699537872698,0.7045044825572644,4.3138457977435806e-17,4.345656337060777e-17
53.893,0.4430856091326869,0.0,0.3504794783841725,0.7094696380125108,0.7047360021585366,4.31526344643677e-17,4.344248606421264e-17
53.902,0.443354226130609,0.0,0.3504428491835829,0.7092894202379346,0.7049173840518721,4.3163740902122534e-17,4.3431450908173426e-17
53.912,0.44365281557515684,0.0,0.3504038539183286,0.7090975085308122,0.7051104334750654,4.3175561770032076e-17,4.3419699705281107e-17
53.923,0.4439814103889081,0.0,0.3503630313042124,0.7088965454107452,0.7053124753644383,4.318793326768779e-17,4.340739426319427e-17
53.932,0.44425036940764395,0.0,0.35033124615789457,0.7087400310129345,0.7054697501947087,4.3197563573561644e-17,4.33978105203793e-17
53.943,0.4445792231751239,0.0,0.3502943723364114,0.7085584140227058,0.7056521621292092,4.320873308314726e-17,4.3386689687091585e-17
53.95,0.4447885625706716,0.0,0.3502720384159918,0.708448387700615,0.7057626243747958,4.321549694492147e-17,4.337995251793306e-17
53.964,0.44520739254966746,0.0,0.3502300108627412,0.7082412938885175,0.7059704452957777,4.322822230620529e-17,4.3367271679227644e-17
53.976,0.4455665398465722,0.0,0.3501967899333682,0.7080775506887639,0.7061346771052963,4.323827860419755e-17,4.335724529995462e-17
53.981,0.4457162228362738,0.0,0.35018371161311435,0.7080130779183952,0.7061993213650948,4.324223692348982e-17,4.3353297481361413e-17
53.994,0.4461054969918362,0.0,0.35015181094233266,0.7078557901511539,0.7063569779859795,4.3251890607296364e-17,4.334366638332656e-17
54.0,0.44628520718483117,0.0,0.35013811223951863,0.7077882368930227,0.706424668111092,4.3256035432049e-17,4.3339529939259446e-17
54.013,0.44667466930561794,0.0,0.35011065230587896,0.7076528018473798,0.7065603385681601,4.3264342851598375e-17,4.333123693450249e-17
54.02,0.4468844270750815,0.0,0.3500971250088207,0.7075860740123042,0.7066271632649384,4.3268434684149045e-17,4.3327151033020524e-17
54.033,0.4472740566692035,0.0,0.350074341101539,0.7074736701385745,0.706739701771915,4.3275325680266536e-17,4.3320268280811783e-17
54.042,0.4475438550017695,0.0,0.3500603485132802,0.7074046288461662,0.7068088080145988,4.327955721721172e-17,4.331604072092394e-17
54.052,0.4478436774053152,0.0,0.3500465103570852,0.7073363426684071,0.7068771451535845,4.328374166013781e-17,4.3311859398473006e-17
54.062,0.44814354293644104,0.0,0.350034471516542,0.7072769298875734,0.7069365915333627,4.328738170107363e-17,4.3308221414879184e-17
54.071,0.44841345383142295,0.0,0.3500251751214143,0.7072310477866524,0.7069824927440522,4.329019233961102e-17,4.330541194647763e-17
54.082,0.44874337938988046,0.0,0.3500157924622917,0.7071847368048445,0.7070288169730161,4.32930288805472e-17,4.3302576216695815e-17
54.092,0.44904333831495785,0.0,0.3500091525225424,0.7071519614544787,0.7070615980316591,4.3295036141474195e-17,4.330056930529999e-17
54.101,0.4493133178774954,0.0,0.3500047154578846,0.7071300588202583,0.7070835027865224,4.3296377420870664e-17,4.329922815575544e-17
54.111,0.4496133080261929,0.0,0.3500014953203524,0.7071141628502999,0.7070993994457353,4.329735081051177e-17,4.3298254808319005e-17
54.121,0.44991330590872586,0.0,0.3500000751586888,0.7071071522100646,0.7071064101628357,4.329778009312461e-17,4.32978255304128e-17
54.131,0.450213305525138,0.0,0.35000045499372284,0.7071090272760189,0.7071045350899415,4.329766527802371e-17,4.329794034508875e-17
54.14,0.4504833017033874,0.0,0.3500023358383712,0.7071183120408093,0.707095250144248,4.329709673907252e-17,4.3298508872962824e-17
54.151,0.4508132859597323,0.0,0.35000661460520066,0.7071394336465843,0.7070741272186305,4.3295803332910214e-17,4.329980219830808e-17
54.161,0.4511132547782594,0.0,0.3500123942913035,0.707167963318363,0.7070455937605145,4.329405616250269e-17,4.33015491368693e-17
54.17,0.4513832078491419,0.0,0.35001913485445235,0.7072012345631599,0.7070123151914275,4.3292018437847065e-17,4.330358641304151e-17
54.18,0.45168312923449805,0.0,0.3500283340966942,0.7072466391677054,0.706966895537539,4.328923728615942e-17,4.330636664322267e-17
54.19,0.45198301695675164,0.0,0.3500393329211709,0.7073009219873986,0.7069125870684266,4.3285911851516165e-17,4.330969050729197e-17
54.2,0.45228286501779713,0.0,0.35005213116656764,0.7073640801066312,0.7068493886075727,4.328204206187638e-17,4.331355782671989e-17
54.21,0.4525826674201951,0.0,0.3500667286451784,0.7074361101328139,0.7067772987866497,4.3277627833454154e-17,4.331796839377025e-17
54.22,0.4528824181672742,0.0,0.3500831251429095,0.7075170081964344,0.7066963160458435,4.3272669070738424e-17,4.332292197150375e-17
54.23,0.45318211126322977,0.0,0.35010132041928255,0.7076067699511224,0.7066064386342226,4.3267165666515565e-17,4.3328418293781975e-17
54.24,0.4534817407132267,0.0,0.35012131420743825,0.7077053905737241,0.7065076646101531,4.326111750189479e-17,4.333445706527193e-17
54.25,0.45378130052349847,0.0,0.3501431062141406,0.7078128647643829,0.7063999918417592,4.325452444633634e-17,4.3341037961450994e-17
54.26,0.45408078470144836,0.0,0.3501666961197815,0.7079291867466311,0.7062834180074268,4.3247386357682363e-17,4.334816062861253e-17
54.27,0.45438018725575124,0.0,0.3501920835783858,0.708054350267488,0.7061579405963551,4.323970308219065e-17,4.33558246838719e-17
54.28,0.45467950219645237,0.0,0.35021926821761656,0.7081883485975657,0.7060235569091535,4.32314744545712e-17,4.3364029715172944e-17
54.29,0.454978723535069,0.0,0.35024824963878104,0.7083311745311867,0.7058802640584801,4.322270029802531e-17,4.337277528129515e-17
54.3,0.4552778452846915,0.0,0.3502790274168367,0.7084828203865062,0.7057280589697291,4.3213380424287666e-17,4.33820609118612e-17
54.31,0.45557686146008364,0.0,0.35031160110039816,0.7086432780056462,0.7055669383817614,4.3203514633671096e-17,4.339188610734513e-17
54.32,0.4558757660777812,0.0,0.3503459702117441,0.7088125387548345,0.7053968988476814,4.319310271511412e-17,4.340225033908087e-17
54.33,0.45617455315619587,0.0,0.3503821342468245,0.7089905935245575,0.705217936735656,4.318214444623109e-17,4.3413153049271577e-17
54.34,0.45647321671571406,0.0,0.35042009267526913,0.7091774327297171,0.7050300482297811,4.3170639593365274e-17,4.342459365099927e-17
54.35,0.4567717507787957,0.0,0.35045984494039517,0.7093730463097991,0.7048332293309926,4.315858791164462e-17,4.3436571528235134e-17
54.36,0.4570701493700782,0.0,0.35050139045921613,0.7095774237290501,0.7046274758580197,4.3145989145040135e-17,4.3449086035850315e-17
54.37,0.45736840651647453,0.0,0.3505447286224514,0.709790553976664,0.7044127834483843,4.3132843026427076e-17,4.346213649962741e-17
54.382,0.4577261199783122,0.0,0.35059909981223397,0.7100578478020044,0.7041433467517715,4.311634478702309e-17,4.347850352600916e-17
54.392,0.45802404493255044,0.0,0.3506463795189945,0.7102901931741782,0.7039089724393266,4.310199349944619e-17,4.3492730576825627e-17
54.402,0.45832180934448685,0.0,0.35069544974388545,0.7105312529501078,0.7036656440250226,4.3087093931260244e-17,4.350749123097539e-17
54.412,0.45861940725168887,0.0,0.35074630976729776,0.7107810141260035,0.7034133563972255,4.307164576946793e-17,4.352278469220599e-17
54.422,0.45891683269452177,0.0,0.3507989588433823,0.7110394632241399,0.7031521042690031,4.305564869033803e-17,4.353861013524475e-17
54.431,0.45918436321273143,0.0,0.35084787201431245,0.7112794840649176,0.702909308195833,4.3040781718645365e-17,4.3553307172964106e-17
54.442,0.45951114236313,0.0,0.3509096210390393,0.7115823689080376,0.7026026844947474,4.30220064319415e-17,4.357185352064597e-17
54.451,0.459778336186559,0.0,0.3509617510105783,0.7118379648698449,0.7023437276504699,4.3006149898418416e-17,4.3587504259471076e-17
54.461,0.4600750321298565,0.0,0.3510213697727831,0.712130159187228,0.7020474602019249,4.2988008749290806e-17,4.3605396001246696e-17
54.47,0.46034188626066624,0.0,0.35107655287555983,0.7124005003912752,0.7017731307497179,4.297121091501295e-17,4.36219496257574e-17
54.48,0.4606381940408842,0.0,0.3511395624049551,0.7127090493867692,0.701459771421147,4.2952023190077086e-17,4.364084280274299e-17
54.49,0.4609342889131909,0.0,0.35120435522030413,0.7130261821073989,0.7011374070960317,4.2932284068131497e-17,4.366026158130419e-17
54.5,0.4612301649432048,0.0,0.35127093037151413,0.713351881387938,0.7008060311671762,4.291199314460213e-17,4.368020491037403e-17
54.51,0.4615258162002223,0.0,0.3513392868823689,0.7136861295917344,0.7004656368647717,4.2891150004957746e-17,4.370067171001903e-17
54.52,0.46182123675731573,0.0,0.3514094237505433,0.7140289086110455,0.7001162172580487,4.2869754224811116e-17,4.3721660871459747e-17
54.53,0.4621164206914338,0.0,0.3514813399476194,0.7143801998673855,0.699757765256974,4.284780537002291e-17,4.3743171257092006e-17
54.54,0.46241136208350186,0.0,0.35155503441910285,0.7147399843118889,0.6993902736139822,4.282530299680774e-17,4.376520170050921e-17
54.55,0.46270605501851947,0.0,0.3516305060844387,0.7151082424256793,0.6990137349257566,4.280224665184321e-17,4.378775100652488e-17
54.56,0.4630004935856623,0.0,0.3517077538370288,0.7154849542202548,0.6986281416350474,4.277863587238123e-17,4.3810817951196283e-17
54.57,0.4632946718783792,0.0,0.35178677654424884,0.7158700992378806,0.6982334860325355,4.275447018636214e-17,4.3834401281848427e-17
54.58,0.4635885839944925,0.0,0.3518675730474661,0.7162636565519999,0.6978297602587317,4.272974911253103e-17,4.3858499717099286e-17
54.59,0.4638822240362981,0.0,0.3519501421620578,0.7166656047676525,0.697416956305921,4.270447216055679e-17,4.3883111946885386e-17
54.6,0.46417558611066284,0.0,0.3520344826774292,0.7170759220219046,0.6969950660201516,4.267863883115384e-17,4.3908236632488126e-17
54.61,0.4644686643291245,0.0,0.3521205933570329,0.7174945859842983,0.6965640811032539,4.265224861620586e-17,4.393387240656131e-17
54.62,0.4647614528079911,0.0,0.3522084729383879,0.7179215738573066,0.6961239931149104,4.2625300998892456e-17,4.3960017873159034e-17
54.63,0.4650539456684398,0.0,0.3522981201330999,0.7183568623768061,0.6956747934747605,4.259779545381807e-17,4.3986671607764564e-17
54.64,0.46534613703661404,0.0,0.35238953362688036,0.7188004278125577,0.6952164734645491,4.2569731447143545e-17,4.4013832157319845e-17
54.65,0.46563802104372487,0.0,0.35248271207956816,0.7192522459687101,0.6947490242303088,4.254110843671973e-17,4.4041498040256277e-17
54.661,0.46595873145144,0.0,0.3525872452739551,0.719758748385826,0.6942242750884395,4.250897681887245e-17,4.407251236845035e-17
54.674,0.46633725355076605,0.0,0.35271353317004095,0.720370132098631,0.6935898447787432,4.247012916646987e-17,4.410994882379722e-17
54.683,0.46659898408096995,0.0,0.3528027060484615,0.72080148647515,0.6931415563181984,4.244267941505483e-17,4.413636166162233e-17
54.693,0.46688947968619726,0.0,0.35290345793511135,0.7212885044980983,0.6926347473805344,4.2411646317890357e-17,4.416618291476887e-17
54.702,0.4671506365848479,0.0,0.35299563727407085,0.7217337612924024,0.692170772144217,4.2383236028488364e-17,4.4193447030166024e-17
54.712,0.4674404842849123,0.0,0.35309972698412184,0.7222361779312126,0.6916465161390706,4.235113460655655e-17,4.422421117659389e-17
54.722,0.46772998252711095,0.0,0.3532055712421007,0.7227466593836285,0.6911130633621428,4.2318470044768504e-17,4.4255469150430146e-17
54.731,0.4679902273453432,0.0,0.35330232993098104,0.7232129649794831,0.6906250844601469,4.228858995474947e-17,4.428402213319954e-17
54.741,0.4682790455787025,0.0,0.35341150353444595,0.7237386920756862,0.6900741305052487,4.225485375488228e-17,4.4316213633479046e-17
54.751,0.4685674974824878,0.0,0.3535224271158212,0.7242724015371405,0.6895139508172573,4.2220552641789986e-17,4.434889391266128e-17
54.761,0.46885557725075355,0.0,0.3536350990492533,0.7248140640372824,0.6889445351940592,4.218568599077328e-17,4.438206117501213e-17
54.771,0.46914327908380815,0.0,0.35374951768329577,0.7253636497911118,0.6883658733273443,4.215025317063023e-17,4.441571359672634e-17
54.78,0.4694018828106245,0.0,0.3538539864974328,0.7258650263652798,0.6878371635058197,4.2117879031099836e-17,4.4446414057562456e-17
54.79,0.46968885061145715,0.0,0.35397171922135545,0.7264295826046002,0.6872409050085031,4.2081368728089676e-17,4.4480983157133576e-17
54.8,0.4699754236942437,0.0,0.35409119371220976,0.7270019731351253,0.6866353697979989,4.2044290390223925e-17,4.451603196868706e-17
54.81,0.47026159628461617,0.0,0.3542124082189894,0.7275821663907394,0.6860205471778221,4.2006643362531785e-17,4.4551558559355795e-17
54.823,0.4706330124319033,0.0,0.35437258547707123,0.728348029982509,0.6852073753401945,4.1956850948126414e-17,4.4598454179168005e-17
54.833,0.4709182420127838,0.0,0.3544977952369577,0.7289460472395227,0.6845711505854416,4.191789341765409e-17,4.463507217514984e-17
54.843,0.47120305209412355,0.0,0.35462473905394676,0.7295517598304041,0.6839256024805332,4.187836499663551e-17,4.467216137443115e-17
54.853,0.4714874369311866,0.0,0.3547534150677436,0.7301651342387179,0.6832707199508515,4.183826500694589e-17,4.4709719724722166e-17
54.862,0.47174301495842225,0.0,0.3548707029504781,0.7307236939950131,0.6826733355231347,4.18016857605827e-17,4.474392164560614e-17
54.872,0.4720265760302939,0.0,0.3550026649223685,0.7313515319027153,0.6820006867911144,4.176049790475174e-17,4.4782365629808683e-17
54.882,0.4723096952389247,0.0,0.3551363535530221,0.7319869318806705,0.6813186710753806,4.171873648658966e-17,4.482127265726774e-17
54.895,0.47267708022505056,0.0,0.35531272690311555,0.7328241990870854,0.680418028297584,4.166358802183947e-17,4.4872540487486095e-17
54.901,0.4728463839351836,0.0,0.3553951118598456,0.7332148986549302,0.6799969943980934,4.1637807130972284e-17,4.489646393624556e-17
54.915,0.47324078201100045,0.0,0.3555897519418939,0.7341369593536669,0.6790014174587211,4.157684562536693e-17,4.495292387041193e-17
54.93,0.47366233657008033,0.0,0.3558020315057866,0.7351409894819753,0.6779142464821508,4.151027560253779e-17,4.5014402984555955e-17
54.932,0.4737184635278769,0.0,0.3558306271422883,0.7352761126486538,0.6777676874625141,4.1501301450823583e-17,4.502267689223413e-17
54.944,0.4740548238072146,0.0,0.356003640576601,0.7360930098190662,0.6768804036870236,4.144697098904409e-17,4.5072697417483035e-17
54.95,0.4742227438201465,0.0,0.35609107199940027,0.7365054035359475,0.6764316599349495,4.141949335906334e-17,4.509794924975139e-17
54.965,0.47464177534177565,0.0,0.35631234391265443,0.7375478278991429,0.6752948997003134,4.134988686992609e-17,4.5161779332738413e-17
54.971,0.47480907734088024,0.0,0.3564019287951191,0.737969351644791,0.6748342285576264,4.132167889790853e-17,4.518759021803204e-17
54.985,0.47519874920930244,0.0,0.3566133479874398,0.738962962860656,0.6737460497251176,4.125504716170194e-17,4.524843135778734e-17
54.99,0.4753376781850252,0.0,0.3566896641128087,0.7393212200713546,0.6733529041685375,4.12309739393287e-17,4.527036828510502e-17
55.001,0.47564287318302184,0.0,0.3568590569036444,0.7401156422694289,0.6724796175856267,4.1177500558403695e-17,4.5319012615207183e-17
55.012,0.47594744503183284,0.0,0.35703050604205233,0.7409186227348251,0.6715948142181638,4.112332197781178e-17,4.5368180988043445e-17
55.023,0.47625138626258,0.0,0.35720400848926115,0.7417301069038501,0.6706984780901198,4.106843721930332e-17,4.5417870062551205e-17
55.032,0.47649959118649277,0.0,0.3573474901439907,0.7424003350166136,0.6699565228932545,4.102300556645573e-17,4.5458909698200925e-17
55.047,0.4769123057865416,0.0,0.3575896715403459,0.7435298668199627,0.6687027270369761,4.094623271234695e-17,4.5528073573576256e-17
55.057,0.4771867740890728,0.0,0.35775323724888847,0.7442914980113787,0.6678548989024321,4.089431821178713e-17,4.557471003361118e-17
55.067,0.47746069607959263,0.0,0.3579184893216294,0.7450599671365473,0.6669974852804822,4.084181676940382e-17,4.562176519633024e-17
55.074,0.47765211343865627,0.0,0.35803516786421574,0.7456019408772664,0.6663915859013028,4.0804716132637946e-17,4.565495151666992e-17
55.082,0.4778705425667019,0.0,0.3581695240626971,0.7462253969204533,0.6656933655902783,4.076196246918815e-17,4.5693127189054814e-17
55.099,0.4783335105096358,0.0,0.3584585999738526,0.7475645111257493,0.6641892062547535,4.066985927340525e-17,4.577512428531524e-17
55.104,0.47846936548360997,0.0,0.358544544670509,0.7479620371722087,0.6637415091352955,4.064244573118867e-17,4.579946573533395e-17
55.119,0.4788760690896331,0.0,0.35880488966024915,0.7491645381401367,0.6623839481699987,4.055931909664876e-17,4.5873097683401184e-17
55.125,0.4790383857683962,0.0,0.3589100808460436,0.7496496812721466,0.6618348399476783,4.0525695915306256e-17,4.590280413258839e-17
55.13,0.47917348913262514,0.0,0.3589981992829066,0.7500557646346042,0.6613745912403948,4.049751380999693e-17,4.592766956708943e-17
55.149,0.4796855384068739,0.0,0.35933684992510745,0.7516136780923914,0.6596035770858334,4.0389070469215517e-17,4.6023064253560814e-17
55.154,0.47981993147802326,0.0,0.35942696715471184,0.7520275221170746,0.6591317060940498,4.0360176704230605e-17,4.6048404891569535e-17
55.173,0.48032925165122015,0.0,0.3597731988337487,0.7536146691228767,0.6573164614421406,4.0249025026599105e-17,4.614558961659113e-17
55.174,0.4803559972796725,0.0,0.35979158739326306,0.7536988369143768,0.6572199504229278,4.024311543106104e-17,4.6150743407413724e-17
55.184,0.48062311673331576,0.0,0.35997638362834755,0.7545439740034553,0.6562494886055706,4.0183691783144976e-17,4.620249312896276e-17
55.191,0.48080973401696586,0.0,0.36010672517263587,0.7551392948992046,0.6555643715907173,4.01417404651809e-17,4.623894602043501e-17
55.209,0.4812882074652674,0.0,0.3604456036636199,0.7566840780338161,0.6537807018030692,4.003252219037195e-17,4.6333536706493946e-17
55.214,0.48142075596947864,0.0,0.3605406842599988,0.7571167232452621,0.6532796241904052,4.000184003564828e-17,4.636002858516214e-17
55.229,0.48181745001197357,0.0,0.3608283929781964,0.7584237962682459,0.65176172429352,3.990889547314095e-17,4.644006372485458e-17
55.232,0.48189661643739745,0.0,0.3608863781881461,0.7586868452514219,0.6514555018130133,3.9890144754111974e-17,4.645617082961786e-17
55.247,0.48229157864064637,0.0,0.36117851736821127,0.7600101872324092,0.6499111595464093,3.9795581063432746e-17,4.653720215567753e-17
55.252,0.48242290845102465,0.0,0.36127671567959896,0.760454280677212,0.6493914743817507,3.976375952475957e-17,4.656439503646253e-17
55.266,0.48278976129727263,0.0,0.3615538440548983,0.7617055905787213,0.64792329274469,3.9673859327639904e-17,4.664101566974377e-17
55.27,0.4828943392589624,0.0,0.3616336109997089,0.7620652178147147,0.6475002732022678,3.96479568512097e-17,4.666303648691604e-17
55.283,0.48323348364366003,0.0,0.3618946532579315,0.763240424001101,0.6461145836232297,3.956310783583066e-17,4.673499711164085e-17
55.293,0.4834935945301817,0.0,0.36209732492788416,0.7641510536754891,0.6450373378081611,3.9497145553864724e-17,4.679075709743825e-17
55.303,0.483753030501793,0.0,0.3623016193659011,0.7650673862423015,0.6439502267321388,3.9430579198886305e-17,4.6846866284683314e-17
55.314,0.4840376241971102,0.0,0.3625282139761577,0.7660818755686799,0.6427429967920099,3.935665768478562e-17,4.690898583999924e-17
55.32,0.4841925076767813,0.0,0.36265263568976525,0.7666380893673285,0.6420794654333778,3.9316028107061485e-17,4.694304411240707e-17
55.342,0.4847582822016368,0.0,0.3631138167247243,0.7686945720485974,0.6396160214558605,3.916518566796422e-17,4.706896735906296e-17
55.348,0.48491199798176565,0.0,0.3632409453829921,0.7692600243517258,0.638935845710962,3.9123536915521837e-17,4.71035913267178e-17
55.362,0.4852696805427003,0.0,0.3635398262062143,0.7705869613213294,0.6373348688417729,3.902550535560377e-17,4.718484278234257e-17
55.367,0.48539708715948937,0.0,0.36364733059375814,0.7710634065356607,0.6367583710495075,3.89902050468031e-17,4.721401663767756e-17
55.382,0.4857782334020263,0.0,0.36397224231256387,0.7725006660200516,0.6350139533888816,3.888339027158002e-17,4.730202339903274e-17
55.386,0.48587959882991577,0.0,0.3640594921087018,0.7728859255751668,0.6345449913503516,3.885467462860965e-17,4.732561374308337e-17
55.392,0.48603142969047997,0.0,0.36419084495741205,0.7734653721826236,0.633838558336739,3.8811418082163016e-17,4.736109461473831e-17
55.402,0.48628389893001744,0.0,0.3644110397408348,0.7744352390903648,0.632653191294448,3.873883528445519e-17,4.7420481834946526e-17
55.411,0.4865104953200541,0.0,0.3646105736628363,0.7753124847988015,0.6315778264910099,3.8672988181232883e-17,4.747419764239166e-17
55.421,0.486761568848601,0.0,0.3648337846169967,0.7762920003082998,0.6303734847353104,3.859924351742304e-17,4.7534175669062774e-17
55.43,0.48698690067844497,0.0,0.3650360278072495,0.7771778366281266,0.6292810264532254,3.853234974050517e-17,4.758841749974499e-17
55.44,0.4872365598059367,0.0,0.365262243146604,0.7781667931490037,0.6280576741352625,3.845744101548403e-17,4.76489736216344e-17
55.454,0.48758481824098654,0.0,0.3655815923428678,0.7795595255260351,0.6263281457523867,3.835153794557786e-17,4.7734253884014414e-17
55.468,0.48793158885512605,0.0,0.3659040222596913,0.7809616710692951,0.6245789528319491,3.824443077002261e-17,4.782011053658902e-17
55.479,0.48820299857412286,0.0,0.36615951525435514,0.7820698548543447,0.6231907750665957,3.815942939717323e-17,4.788796722285041e-17
55.485,0.48835064701513536,0.0,0.36629967266652763,0.7826766975559323,0.6224284594256112,3.8112751026689645e-17,4.7925125621454674e-17
55.493,0.48854707745057024,0.0,0.3664874234156259,0.783488405275782,0.6214064038923416,3.8050168174821174e-17,4.7974828384502537e-17
55.503,0.4887919140899929,0.0,0.36672351434326966,0.7845071496792684,0.6201197723844242,3.797138471692851e-17,4.8037208488146476e-17
55.523,0.4892792300927196,0.0,0.3672003580268832,0.7865581077400842,0.6175162695414089,3.781196614576503e-17,4.816279344936465e-17
55.525,0.48932778763979756,0.0,0.36724838344574984,0.7867641770125257,0.617253699680936,3.7795888378805994e-17,4.8175411553109555e-17
55.532,0.4894974883066935,0.0,0.3674169596674124,0.7874867946642718,0.6163315246110578,3.7739421441427e-17,4.8219659122820475e-17
55.547,0.48985981251538624,0.0,0.3677807420628566,0.7890423832379861,0.6143387644078134,3.761740007120843e-17,4.831491145119995e-17
55.552,0.48998018497016793,0.0,0.367902773277065,0.7895630431932785,0.6136694556708595,3.757641673109083e-17,4.83467926785846e-17
55.567,0.4903400867341127,0.0,0.36827117192381426,0.7911313056143578,0.6116463498435363,3.745253722730245e-17,4.844282105629449e-17
55.572,0.49045964670953335,0.0,0.3683947383117083,0.7916561279134269,0.6109669182018941,3.7410934038043616e-17,4.8474957153728294e-17
55.582,0.4906981520081651,0.0,0.36864301863905524,0.7927088276888874,0.6096004548096317,3.732726228706931e-17,4.853941642425234e-17
55.592,0.4909358336338262,0.0,0.3688928260089861,0.793765548475719,0.6082238519271017,3.724296967137994e-17,4.860412191071162e-17
55.603,0.4911963261701098,0.0,0.36916937349225676,0.7949325099920969,0.6066978692542646,3.714953018158773e-17,4.867557769499964e-17
55.617,0.49152640166632455,0.0,0.3695240012327094,0.7964245258564656,0.6047379387919233,3.702951905322484e-17,4.8766937317628453e-17
55.622,0.49164388702395273,0.0,0.36965137375638574,0.7969592018266818,0.6040331370245993,3.69863623918055e-17,4.879967677840376e-17
55.636,0.4919717223526329,0.0,0.3700100267028009,0.7984612772244994,0.6020461683069007,3.6864695647798735e-17,4.889165236980453e-17
55.642,0.49211171384159025,0.0,0.3701646399494239,0.7991072393157025,0.6011885062717321,3.681217899449276e-17,4.893120614017265e-17
55.664,0.4926223801979691,0.0,0.37073618378445944,0.8014868594576513,0.5980123862569329,3.661769773400117e-17,4.907691584967386e-17
55.669,0.49273785948163074,0.0,0.37086709167710386,0.8020300646552218,0.5972836640903054,3.657307637055977e-17,4.91101775749981e-17
55.685,0.4931059348612551,0.0,0.37128850540823055,0.8037740926093829,0.5949346250219121,3.642923921175077e-17,4.9216968487582454e-17
55.686,0.4931288654872791,0.0,0.37131497044361467,0.8038833822400551,0.5947869431639279,3.642019630601715e-17,4.9223660547401585e-17
55.7,0.4934489738609103,0.0,0.37168704158176585,0.8054169213181774,0.592708682958457,3.629293957059589e-17,4.9317562733571084e-17
55.704,0.49354011673960985,0.0,0.37179388181333983,0.805856254761415,0.5921112198412605,3.625635550589172e-17,4.934446414832204e-17
55.719,0.4938806416001221,0.0,0.3721966410763169,0.80750831898427,0.5898561814300147,3.61182742272774e-17,4.944562390644731e-17
55.724,0.4939937055450001,0.0,0.3723316323827548,0.808060581563574,0.5890993944345374,3.6071934388695016e-17,4.947944023644898e-17
55.733,0.49419665787634465,0.0,0.37257554449079855,0.8090565970914748,0.5877307399675151,3.5988128473086136e-17,4.954042859785622e-17
55.743,0.4944213082400353,0.0,0.37284795393215137,0.8101661594006472,0.5862003020828335,3.5894416180247676e-17,4.9608369694375346e-17
55.758,0.49475659170766734,0.0,0.373259314873906,0.8118360397349847,0.583885472149647,3.5752673726835316e-17,4.971062037469563e-17
55.764,0.4948901334871222,0.0,0.3734247795631652,0.8125058079189674,0.5829530959673738,3.569558215147421e-17,4.9751631847829883e-17
55.779,0.49522255003877075,0.0,0.3738407344577012,0.8141846392075572,0.5806060396503466,3.555186640117091e-17,4.985443061602388e-17
55.79,0.4954650095200142,0.0,0.37414784392167477,0.8154196820899599,0.5788702290326467,3.5445578655326303e-17,4.9930055181661084e-17
55.802,0.49572823586310455,0.0,0.3744848685977277,0.8167706445674936,0.5769624893984019,3.532876329349208e-17,5.0012777775355076e-17
55.803,0.4957501110999762,0.0,0.3745130477969759,0.8168833927624823,0.5768028455450406,3.5318987926790954e-17,5.0019681611160206e-17
55.823,0.4961856572560308,0.0,0.3750796530415144,0.8191436234043995,0.5735884624327021,3.5122163727303026e-17,5.015808082220814e-17
55.828,0.49629395838414364,0.0,0.3752222012960641,0.819710210768181,0.5727784653444858,3.5072565710232886e-17,5.019277429228275e-17
55.839,0.49653139174946065,0.0,0.37553706596331016,0.8209587829035143,0.5709874576324602,3.4962898117143865e-17,5.026922728573478e-17
55.845,0.4966604186327904,0.0,0.3757095381268371,0.821641001405468,0.5700053199834364,3.490275953073391e-17,5.031100112097162e-17
55.864,0.49706674509061255,0.0,0.37625907727336694,0.8238066503603938,0.5668708872591606,3.4710830880587555e-17,5.044360887400795e-17
55.876,0.49732159299638445,0.0,0.3766087898955207,0.825178409584955,0.5648721911679173,3.4588446042057086e-17,5.052760490118594e-17
55.881,0.49742737074537324,0.0,0.37675510346730134,0.8257508493590971,0.5640350474773085,3.453718577500056e-17,5.0562656728041325e-17
55.896,0.497743253675204,0.0,0.37719615492269676,0.827471137385705,0.5615082517591419,3.438246416058296e-17,5.066799398931117e-17
55.901,0.4978480626729954,0.0,0.3773438738671053,0.8280455265276755,0.5606608654057322,3.433057671131575e-17,5.0703165180520125e-17
55.906,0.49795262808071306,0.0,0.3774919428109571,0.8286203806523069,0.5598109187642073,3.427853248961627e-17,5.073836484370545e-17
55.917,0.49818181178809007,0.0,0.37781892382245674,0.8298866522427322,0.5579320249182247,3.416348342289526e-17,5.081590161620873e-17
55.936,0.498574873911452,0.0,0.37838767613407426,0.832078766827142,0.5546574851161956,3.3962975688533485e-17,5.0950129921666817e-17
55.941,0.4986777185983516,0.0,0.3785381798835639,0.8326566239610551,0.5537896230282561,3.3909834462128656e-17,5.0985513466137374e-17
55.942,0.4986982577895229,0.0,0.37856832212836,0.8327722428223021,0.5536157436207109,3.389918741913426e-17,5.099259307955473e-17
55.956,0.4989847622657678,0.0,0.37899176279656466,0.8343925162948684,0.5511706893069676,3.3749471022180905e-17,5.109180621565082e-17
55.966,0.4991882105571285,0.0,0.379295872276791,0.8355516211210364,0.549411947851526,3.3641779167484195e-17,5.1162780916412966e-17
55.971,0.4992895588144999,0.0,0.37944844161721364,0.8361316992022871,0.5485287427191907,3.358769845056895e-17,5.1198300454685926e-17
55.992,0.4997124707526383,0.0,0.3800929645430329,0.8385716146457792,0.544791379438378,3.335885095161404e-17,5.134770218658906e-17
55.996,0.49979251943809855,0.0,0.3802164120381706,0.8390369808754123,0.5440743926371402,3.33149481720557e-17,5.137619764976664e-17
56.001,0.499892351635374,0.0,0.380371026947071,0.8396189513430418,0.5431758615270111,3.325992900965801e-17,5.141183306328567e-17
56.016,0.5001903186623441,0.0,0.3808369031906585,0.8413665256520743,0.5404649567845795,3.3093933968877395e-17,5.151884112747711e-17
56.031,0.5004859800814072,0.0,0.3813058148117167,0.8431164007526328,0.5377310989536739,3.292653345678027e-17,5.162599007451745e-17
56.036,0.5005840190381697,0.0,0.38146279055847104,0.8437001606321842,0.5368147156600931,3.287042116341648e-17,5.166173505791561e-17
56.046,0.5007793214875909,0.0,0.3817777464314065,0.8448683271060815,0.5349743076568924,3.275772867490423e-17,5.173326462457209e-17
56.056,0.5009735864552738,0.0,0.3820940376496022,0.8460372940150521,0.5331237165383738,3.2644412650413014e-17,5.180484320374109e-17
56.071,0.5012630294016527,0.0,0.38257096816073266,0.8477920825190618,0.53032875164184,3.247327040969955e-17,5.1912293009971885e-17
56.077,0.5013781471322845,0.0,0.3827625752278903,0.8484943990303405,0.5292043601616877,3.2404421288341696e-17,5.195529749334818e-17
56.086,0.5015501143538141,0.0,0.38305087718534736,0.849548253172488,0.5275109150828768,3.230072768357682e-17,5.201982744844564e-17
56.105,0.5019103482624205,0.0,0.38366301316755713,0.8517743258726996,0.5239088640060484,3.208016566749666e-17,5.215613508879481e-17
56.106,0.5019292019770933,0.0,0.38369536192063525,0.8518915280781444,0.5237182681448912,3.2068495036931814e-17,5.216331165408235e-17
56.11,0.5020045105406334,0.0,0.3838248876263073,0.8523603713832252,0.5229548711843598,3.202175045472213e-17,5.21920200267258e-17
56.124,0.5022667479117451,0.0,0.3842798705633025,0.8540016974913971,0.520270218907264,3.185736291382368e-17,5.2292522264962286e-17
56.134,0.5024527770595626,0.0,0.38460641780081994,0.8551743457574406,0.5183404656770813,3.17391996079993e-17,5.236432626223907e-17
56.144,0.5026377321964779,0.0,0.38493425917109597,0.8563471357352671,0.5164006033284664,3.162041729719842e-17,5.243613893685994e-17
56.153,0.5028032701818255,0.0,0.3852304189418483,0.8574027055434913,0.5146460925011489,3.151298449376123e-17,5.250077394620586e-17
56.173,0.5031679911126296,0.0,0.38589227328229003,0.8597483309737206,0.5107179332938111,3.127245411377086e-17,5.264440207996231e-17
56.178,0.5032584915015506,0.0,0.38605853550628794,0.8603346653772074,0.5097295984640176,3.121193605948124e-17,5.268030470748531e-17
56.192,0.5035104389684337,0.0,0.3865257608704696,0.8619761176224408,0.5069488856369487,3.1041666506330346e-17,5.2780814669389226e-17
56.198,0.5036177586956665,0.0,0.3867267608015059,0.8626794310784496,0.5057511237695499,3.096832474447781e-17,5.2823880198024146e-17
56.213,0.503884324121171,0.0,0.38723124795102076,0.864437139272868,0.5027409196054566,3.078400289976096e-17,5.293150878373063e-17
56.218,0.5039726271130097,0.0,0.3874000391086726,0.8650228263964755,0.5017325082282919,3.072225551149753e-17,5.296737177679202e-17
56.228,0.5041484019282799,0.0,0.387738560901996,0.866193820198919,0.49970818069069356,3.0598301199530255e-17,5.3039074467391206e-17
56.233,0.5042358727746645,0.0,0.38790829030586044,0.8667791078532867,0.49869226802614497,3.053609448988762e-17,5.30749130000163e-17
56.248,0.5044966132311599,0.0,0.38841934513207643,0.8685340196080378,0.4956295560027718,3.034855746608092e-17,5.3182370353178396e-17
56.254,0.5046002050233822,0.0,0.38862454833323073,0.8692355432003253,0.4943981901637945,3.027315805441677e-17,5.3225326284269456e-17
56.268,0.5048403475952385,0.0,0.3891050838315311,0.8708713268111107,0.49151107020926355,3.009637294386323e-17,5.332548914242176e-17
56.283,0.5050951918752167,0.0,0.389622615227103,0.8726220421736526,0.488396121516832,2.99056373465785e-17,5.3432689540669513e-17
56.288,0.5051795742829528,0.0,0.3897957370874963,0.8732051316427885,0.4873528476091019,2.9841755243991726e-17,5.3468393473269205e-17
56.302,0.5054143345876975,0.0,0.39028209701588334,0.8748363840826268,0.4844185185201271,2.9662079407668825e-17,5.3568278877221665e-17
56.308,0.5055142628611959,0.0,0.39049126470750206,0.8755348233667876,0.4831550197111566,2.958471241906221e-17,5.361104594890898e-17
56.322,0.5057458285456832,0.0,0.3909810126277095,0.8771628330209944,0.4801930490610867,2.9403344025273385e-17,5.371073278950925e-17
56.327,0.5058279861434702,0.0,0.391156493969142,0.8777436641091447,0.47913052513511684,2.933828319902557e-17,5.374629843615668e-17
56.342,0.5060727333625417,0.0,0.39168473364178524,0.8794841297683351,0.4759282146349745,2.91421982338318e-17,5.385287122108435e-17
56.348,0.5061699054916271,0.0,0.39189678088678204,0.8801794227064333,0.4746411105711028,2.90633858402323e-17,5.389544563463994e-17
56.354,0.5062666611380634,0.0,0.3921092558256921,0.8808741804096238,0.4733504814486549,2.898435759904769e-17,5.39379872745097e-17
56.363,0.5064110119726466,0.0,0.3924287677266508,0.8819152772887661,0.47140793765557115,2.886541109712751e-17,5.400173607254189e-17
56.379,0.506665309230017,0.0,0.3929991470749521,0.8837628777455059,0.4679350124953058,2.865275576306765e-17,5.411486897181437e-17
56.388,0.5068070381896232,0.0,0.39332130533320364,0.8848002339761879,0.465970541939813,2.853246663417748e-17,5.4178388721188384e-17
56.401,0.5070100819923048,0.0,0.3937883133246313,0.8862960597965075,0.4631190930950544,2.835786574914417e-17,5.42699816363352e-17
56.419,0.5072879366952169,0.0,0.39443817524285435,0.8883618902365269,0.45914393383271973,2.8114457445808215e-17,5.439647726813275e-17
56.419,0.5072879366952169,0.0,0.39443817524285435,0.8883618902365269,0.45914393383271973,2.8114457445808215e-17,5.439647726813275e-17
56.425,0.5073797045848198,0.0,0.3946556261852748,0.8890490615458261,0.4578119331827054,2.8032895929183106e-17,5.4438554375352705e-17
56.439,0.5075921699622447,0.0,0.3951646168595632,0.8906495283511162,0.45469046355508075,2.78417610397778e-17,5.4536554702864717e-17
56.452,0.5077873719359651,0.0,0.39563925301381675,0.892131852446434,0.45177511867132975,2.7663247650762982e-17,5.4627320875796213e-17
56.474,0.5081131129195103,0.0,0.39644684181035156,0.8946315344201539,0.44680467502146964,2.735889575545581e-17,5.478038225219633e-17
56.484,0.5082592567147859,0.0,0.3968157261079528,0.8957638863615225,0.4445301563341922,2.721962165395705e-17,5.48497188112216e-17
56.496,0.5084330384244079,0.0,0.3972598606472689,0.8971193714041966,0.44178822239998566,2.7051726623157072e-17,5.493271833216175e-17
56.506,0.5085765268398565,0.0,0.39763119427533694,0.8982460723013496,0.43949288230322764,2.6911177578034608e-17,5.500170886452649e-17
56.517,0.5087329636641561,0.0,0.39804093700364807,0.8994823336789769,0.4369571276446028,2.6755907386729213e-17,5.5077408041477525e-17
56.524,0.5088317485326163,0.0,0.39830237505354155,0.9002673048762312,0.43533754693443,2.6656736670095516e-17,5.512547366468454e-17
56.534,0.5089718338634799,0.0,0.3986767882452238,0.901386284007913,0.43301589693959974,2.651457660835005e-17,5.5193991375280885e-17
56.553,0.5092346275192032,0.0,0.39939117047225625,0.9035042895404743,0.4285790461303057,2.6242897851255234e-17,5.5323681810082264e-17
56.568,0.5094389661309024,0.0,0.39995791016613486,0.9051686624432761,0.4250525761957578,2.6026963845373563e-17,5.5425595257482455e-17
56.569,0.5094524902036681,0.0,0.3999957786926309,0.9052793709093604,0.4248167376716137,2.6012522900688127e-17,5.543237419591389e-17
56.58,0.5096004404521205,0.0,0.4004130377326985,0.9064950592801467,0.4222164225852463,2.5853299523323406e-17,5.5506813639516094e-17
56.599,0.5098524640698645,0.0,0.40113678705449335,0.908585575734221,0.4176987569621366,2.557667228607544e-17,5.563482085371845e-17
56.611,0.5100093268949725,0.0,0.4015958544234719,0.9098996323232433,0.41482846948832547,2.5400917867703662e-17,5.571528361350068e-17
56.613,0.5100352963432568,0.0,0.40167251251559094,0.9101181583838642,0.41434881172746646,2.5371547300627555e-17,5.572866447553416e-17
56.623,0.5101643948412322,0.0,0.4020564297247686,0.9112086814381107,0.4119450677843097,2.522436043432972e-17,5.579543975392313e-17
56.645,0.5104440065066216,0.0,0.4029047022659582,0.913595173999506,0.40662495993828557,2.4898597782092107e-17,5.59415702777482e-17
56.656,0.5105815329701779,0.0,0.40333070843341245,0.9147817011223373,0.4039485602050376,2.473471556376406e-17,5.601422410990205e-17
56.667,0.5107175344304817,0.0,0.4037579512400696,0.9159636180454742,0.40126132434741896,2.4570169824184725e-17,5.608659564874094e-17
56.675,0.5108154844284549,0.0,0.4040694457344197,0.9168202425077429,0.3993001914951252,2.445008507067151e-17,5.613904876903037e-17
56.689,0.510984946257219,0.0,0.4046161167696685,0.9183132306167651,0.39585453196117404,2.423909927471127e-17,5.623046792447432e-17
56.695,0.5110568110837556,0.0,0.40485100729215723,0.9189506633019733,0.3943725122480816,2.4148351739815676e-17,5.626949941935493e-17
56.709,0.511222713746498,0.0,0.4054004830255654,0.9204322454893862,0.39090213796213286,2.3935852601759154e-17,5.636022016352938e-17
56.717,0.5113163927823584,0.0,0.4057153431336692,0.9212751831979125,0.38891134828345236,2.381395189137057e-17,5.641183521186074e-17
56.727,0.5114323407787584,0.0,0.40610980663283147,0.9223250214772595,0.3864150032762353,2.3661094845237778e-17,5.647611926628198e-17
56.742,0.5116038593098735,0.0,0.4067033408467363,0.9238916428680246,0.3826541940690348,2.3430811697347678e-17,5.65720471598658e-17
56.748,0.5116716572890361,0.0,0.4069413686935775,0.9245155108867411,0.38114442161709267,2.333836479731209e-17,5.661024805847637e-17
56.757,0.5117724850840397,0.0,0.407299064616087,0.9254482853649987,0.37887395148648584,2.3199338598411723e-17,5.66673640224326e-17
56.767,0.5118832904467757,0.0,0.407697420630157,0.9264803838755686,0.3763430593139443,2.3044366148507218e-17,5.673056182930131e-17
56.777,0.5119928030723205,0.0,0.40809673538267693,0.927507868687052,0.37380362962871583,2.2888870926723477e-17,5.679347712857909e-17
56.787,0.5121010201728788,0.0,0.40849700309086734,0.9285306687847127,0.37125570315648243,2.2732855426789307e-17,5.685610557186748e-17
56.797,0.5122079389825982,0.0,0.4088982179587713,0.9295487134081362,0.3686993211293977,2.2576322173445948e-17,5.691844282634072e-17
56.808,0.5123240468732293,0.0,0.40934064134945186,0.930662985787078,0.3658775845633088,2.240354064076106e-17,5.698667233145318e-17
56.82,0.5124489103449525,0.0,0.40982457500479963,0.9318717860024793,0.36278778156457997,2.22143447731416e-17,5.706068999718318e-17
56.825,0.5125003814712509,0.0,0.41002660898226584,0.9323733401559356,0.36149682511256437,2.2135296488801625e-17,5.709140133161465e-17
56.842,0.5126729342250458,0.0,0.4107152499069454,0.9340691812450743,0.3570920954714016,2.186558458599365e-17,5.719524164969846e-17
56.847,0.5127229634058434,0.0,0.4109182959244688,0.9345651463415128,0.35579205618403975,2.1785980138391978e-17,5.722561075309057e-17
56.869,0.5129391835701909,0.0,0.41181439747086424,0.9367319090508893,0.3500476118556967,2.1434234370412702e-17,5.735828670391806e-17
56.881,0.513054430521774,0.0,0.4123050184043709,0.9379029624616897,0.346897727011271,2.1241359550792266e-17,5.742999304447642e-17
56.883,0.5130734532167364,0.0,0.4123869137233228,0.9380973842070571,0.3463716179825897,2.1209144663893415e-17,5.744189794288386e-17
56.897,0.5132051283810924,0.0,0.4129611760710548,0.939452234884051,0.3426798773948681,2.0983090749191632e-17,5.752485862012902e-17
56.904,0.5132699908631555,0.0,0.4132489569453784,0.940125617994064,0.3408281420177611,2.0869704659069535e-17,5.756609144364289e-17
56.915,0.5133706015763769,0.0,0.41370205286318507,0.94117827572376,0.33791042201395627,2.0691045835896142e-17,5.763054813960639e-17
56.926,0.5134696008905724,0.0,0.4141562037159021,0.9422241136737792,0.334983163176392,2.0511802927611198e-17,5.769458724450228e-17
56.942,0.5136107166310636,0.0,0.41481865362852477,0.943732976160682,0.33070843609878114,2.0250051385969966e-17,5.778697842524922e-17
56.948,0.5136627522732877,0.0,0.41506763842935224,0.9442949759688236,0.3291002861743498,2.015158060309477e-17,5.782139098855734e-17
56.953,0.5137057468956701,0.0,0.41527536014785726,0.9447616996585301,0.3277580370613748,2.006939154910161e-17,5.78499695721916e-17
56.963,0.5137907301251441,0.0,0.4156914396624273,0.9456907231178634,0.3250677717166262,1.990466030693644e-17,5.790685585248186e-17
56.973,0.5138743700265488,0.0,0.41610836226844194,0.9466137936152748,0.3223698586054502,1.9739460774137473e-17,5.796337761898397e-17
56.994,0.5140456308637948,0.0,0.41698661719033564,0.9485325762246136,0.31667957281879977,1.9391031260394714e-17,5.80808691680233e-17
57.002,0.514109307621461,0.0,0.41732214981394505,0.9492564356329624,0.3145031310009547,1.9257762635106996e-17,5.812519277339664e-17
57.016,0.5142186586131849,0.0,0.4179105921171197,0.9505136155039082,0.31068290384520436,1.902384118719172e-17,5.820217283864196e-17
57.029,0.5143178200183817,0.0,0.4184584265457524,0.951669956325412,0.30712260455327695,1.8805835730598448e-17,5.827297829293086e-17
57.036,0.5143702640436305,0.0,0.41875397735386977,0.9522881478228309,0.30520039894495904,1.8688134583321967e-17,5.831083160485957e-17
57.051,0.5144803992153022,0.0,0.41938861594114357,0.953602225954983,0.3010694183302276,1.8435184973963435e-17,5.839129568377805e-17
57.06,0.5145450085136523,0.0,0.419770253283258,0.9543836536938255,0.29858305638804117,1.8282939214262416e-17,5.843914433273497e-17
57.07,0.514615499663956,0.0,0.42019503955659254,0.9552456661659183,0.29581365294933726,1.8113362161424593e-17,5.849192737347365e-17
57.081,0.5146914606458352,0.0,0.4206632028739129,0.9561862220530323,0.29275913095230566,1.7926326632095098e-17,5.854951981130231e-17
57.091,0.5147590780912253,0.0,0.42108961596834055,0.9570342453202557,0.28997491837103523,1.7755842780805166e-17,5.86014462602927e-17
57.101,0.514825323872544,0.0,0.42151679420890165,0.9578755134095118,0.2871837405050363,1.758493242883284e-17,5.865295907392931e-17
57.116,0.5149221161874297,0.0,0.4221589827348206,0.9591246188266201,0.2829840376429219,1.7327774795459922e-17,5.872944472147228e-17
57.13,0.5150096610077509,0.0,0.422759881040651,0.9602764396481459,0.27905046041295256,1.708691265726588e-17,5.879997340558592e-17
57.135,0.5150402720139382,0.0,0.4229748404620061,0.9606844941903061,0.27764240062050266,1.7000693861374286e-17,5.882495954003262e-17
57.145,0.5151004583850295,0.0,0.42340531199542103,0.961495334671226,0.2748212535548643,1.6827948425181386e-17,5.88746092000115e-17
57.155,0.5151592622775256,0.0,0.42383651527643856,0.9622991021801852,0.2719934520226718,1.665479552043021e-17,5.892382576536678e-17
57.16,0.5151881451909728,0.0,0.4240523893800164,0.9626983156157722,0.27057707425159855,1.6568067395243796e-17,5.89482705381702e-17
57.175,0.5152727149394097,0.0,0.4247010922056033,0.9638851891664779,0.2663181219998049,1.6307281783099772e-17,5.90209455829134e-17
57.185,0.5153273599239655,0.0,0.425134453391917,0.9646673952602363,0.26347071283509144,1.613292825712831e-17,5.906884189236315e-17
57.205,0.5154324779150702,0.0,0.42600328998246095,0.9662098527672884,0.2577567077990695,1.5783046358244505e-17,5.916329017480476e-17
57.211,0.5154629268908808,0.0,0.42626448479862994,0.9666668300425262,0.2560375747727934,1.5677779820347627e-17,5.919127196267491e-17
57.215,0.5154829472784053,0.0,0.42643875286849625,0.9669699936803532,0.2548902338690474,1.560752545208246e-17,5.920983538160904e-17
57.235,0.5155796978102016,0.0,0.42731173645783177,0.9684678272670636,0.24913865125390117,1.525534259009894e-17,5.930155123699006e-17
57.236,0.5155843885594616,0.0,0.4273554569790462,0.9685419274124492,0.24885042665058496,1.5237693923204604e-17,5.93060885622832e-17
57.246,0.5156305262343637,0.0,0.4277930323092285,0.9692787524103298,0.2459648351408685,1.506100240290355e-17,5.935120608104251e-17
57.256,0.5156752630457485,0.0,0.4282312761694763,0.9700079468661101,0.2430732050568177,1.4883941126566e-17,5.939585636385389e-17
57.256,0.5156752630457485,0.0,0.4282312761694763,0.9700079468661101,0.2430732050568177,1.4883941126566e-17,5.939585636385389e-17
57.284,0.5157930592413285,0.0,0.42946186181971485,0.9720086524946678,0.23494505629082735,1.438623555810282e-17,5.951836425105635e-17
57.284,0.5157930592413285,0.0,0.42946186181971485,0.9720086524946678,0.23494505629082735,1.438623555810282e-17,5.951836425105635e-17
57.295,0.5158363199521149,0.0,0.42994669634940735,0.9727779171133829,0.2317393449040285,1.418994234866115e-17,5.956546812370668e-17
57.305,0.5158741685714432,0.0,0.430388124643856,0.9734689737302544,0.22881904899847225,1.401112579699602e-17,5.960778313740075e-17
57.32,0.5159282963635798,0.0,0.43105144856416167,0.9744906700854714,0.22442801499894993,1.374225251037291e-17,5.96703439959566e-17
57.325,0.5159456328188764,0.0,0.43127286841856677,0.9748272406310831,0.2229615458405069,1.3652457172326131e-17,5.969095299802512e-17
57.33,0.5159626158857387,0.0,0.43149444288698574,0.9751618035645859,0.22149369487338452,1.3562577222900543e-17,5.971143906930651e-17
57.355,0.5160422238598265,0.0,0.43260460653993094,0.9768042937289029,0.2141340041954551,1.31119261413285e-17,5.98120125854246e-17
57.356,0.5160452239925981,0.0,0.4326490916605662,0.9768689356954441,0.21383891711578193,1.3093857268948925e-17,5.981597076429536e-17
57.366,0.5160744451160026,0.0,0.4330942710788358,0.977510849711304,0.21088513152113036,1.2912990065256045e-17,5.985527666153789e-17
57.371,0.5160885234357604,0.0,0.4333170832888511,0.9778287254016441,0.20940626490006475,1.2822435601563353e-17,5.987474093387299e-17
57.386,0.5161286273219087,0.0,0.4339864003138244,0.978769958235966,0.20496187170975344,1.255029500683e-17,5.993237482276322e-17
57.396,0.5161535856275126,0.0,0.4344333373097441,0.9793870615062041,0.20199253390717853,1.236847550505447e-17,5.997016149999525e-17
57.396,0.5161535856275126,0.0,0.4344333373097441,0.9793870615062041,0.20199253390717853,1.236847550505447e-17,5.997016149999525e-17
57.424,0.5162158907046471,0.0,0.4356877888718797,0.9810703320373835,0.19365175856691333,1.1857750313911323e-17,6.007323209340063e-17
57.436,0.5162391689340223,0.0,0.43622675123088983,0.9817714305341503,0.1900654050239765,1.1638149494562905e-17,6.011616199489826e-17
57.443,0.5162517978592727,0.0,0.43654151058905194,0.9821747344289594,0.187970186597245,1.150985436757234e-17,6.014085723609134e-17
57.444,0.5162535448129801,0.0,0.43658649797330124,0.9822320070831896,0.18767068034546325,1.1491514898943882e-17,6.014436417472543e-17
57.448,0.5162603896325753,0.0,0.4367665016561123,0.982460240562515,0.1864721848261697,1.1418128213869118e-17,6.015833944472113e-17
57.472,0.5162966499980113,0.0,0.43784832205703017,0.9838007079480232,0.1792656326264694,1.0976854159656555e-17,6.024041939937233e-17
57.482,0.5163093230427076,0.0,0.43829997648035685,0.9843445097144891,0.1762551735267424,1.0792516704634319e-17,6.027371765400599e-17
57.483,0.5163105114792645,0.0,0.43834517049282673,0.9843984108871638,0.17595388214764246,1.0774067928483048e-17,6.027701814893531e-17
57.497,0.516325642944781,0.0,0.4389784264230388,0.9851438483715492,0.17173117950941222,1.051550196500006e-17,6.032266303039616e-17
57.507,0.5163347281473656,0.0,0.4394313624606373,0.9856657748364881,0.1687097516920277,1.0330492869729325e-17,6.035462180913004e-17
57.512,0.5163387319210697,0.0,0.439658018866572,0.9859234339441928,0.16719743538610557,1.023789020356203e-17,6.037039887920613e-17
57.543,0.516355528575411,0.0,0.4410660361330214,0.9874714361904029,0.15779785393997905,9.662331836995845e-18,6.046518667900084e-17
57.553,0.5163579947639567,0.0,0.44152122418407047,0.9879524977070686,0.15475743043345158,9.476159591229783e-18,6.049464320132973e-17
57.563,0.5163590192409948,0.0,0.44197688355583725,0.9884245749637858,0.1517130831789379,9.289747085193122e-18,6.052354959639917e-17
57.575,0.516358344226397,0.0,0.44252428775117425,0.9889791598983542,0.14805479150215178,9.065741325576947e-18,6.055750812964789e-17
57.585,0.5163561936488013,0.0,0.442980961036326,0.9894313512027918,0.14500207328523812,8.87881624592484e-18,6.058519686132699e-17
57.596,0.5163521594130256,0.0,0.44348382161731453,0.9899182586285021,0.14163982926392568,8.67293817699221e-18,6.061501134234584e-17
57.607,0.5163463760049767,0.0,0.4439872184752774,0.9903941210996252,0.13827322550407523,8.466793151067294e-18,6.064414951495061e-17
57.617,0.516339599546243,0.0,0.44444531000741166,0.9908171033783334,0.13520897770846807,8.279162088333063e-18,6.067004970963641e-17
57.627,0.5163313757580829,0.0,0.44490383097666636,0.9912308917425059,0.13214128520396898,8.091320098012905e-18,6.069538693942182e-17
57.637,0.5163217038539758,0.0,0.445362774819428,0.9916354558642132,0.1290702238046172,7.903271822377848e-18,6.072015934725676e-17
57.647,0.5163105830721182,0.0,0.4458221349671521,0.992030766080962,0.12599586957047368,7.7150219187634e-18,6.074436511683734e-17
57.657,0.5162980126754394,0.0,0.4462819048464655,0.9924167933985955,0.12291829880229167,7.526575059243222e-18,6.07680024727835e-17
57.666,0.5162854593085104,0.0,0.4466960426216528,0.9927562576828604,0.12014579822666348,7.356808361464359e-18,6.0788788665241e-17
57.677,0.5162685202130928,0.0,0.4472026474828333,0.9931608867185096,0.11675381403835969,7.149109232516125e-18,6.081356504790849e-17
57.692,0.5162425905096859,0.0,0.44789423104754295,0.9936943833552329,0.11212257795940818,6.86552781050694e-18,6.084623229533444e-17
57.694,0.5162388863151395,0.0,0.4479865072913944,0.9937639192817039,0.111504586156207,6.827686726322459e-18,6.085049014282337e-17
57.707,0.5162133924054758,0.0,0.44858666982361683,0.9942067188398301,0.10748488365225599,6.5815509360730485e-18,6.087760379589953e-17
57.716,0.5161943038705642,0.0,0.44900253432639414,0.9945039273958369,0.10469927599680832,6.410981661126831e-18,6.089580257123917e-17
57.726,0.5161717130455765,0.0,0.4494649518263403,0.9948251670653069,0.10160160910873586,6.221304269161697e-18,6.091547282788795e-17
57.737,0.5161451830937119,0.0,0.44997402390059965,0.9951675710094908,0.09819116870202703,6.012475022773759e-18,6.093643902260097e-17
57.746,0.5161221671798472,0.0,0.45039085314643795,0.9954391590510938,0.09539853577309836,5.841475573893459e-18,6.095306899389275e-17
57.756,0.5160952111313469,0.0,0.4508543237390735,0.9957318662039379,0.09229328592060816,5.651333859273213e-18,6.097099213778366e-17
57.766,0.5160667990420424,0.0,0.45131813212883143,0.9960150185125627,0.08918566531354372,5.4610469778029215e-18,6.098833021620508e-17
57.776,0.5160369304702588,0.0,0.4517822716927224,0.9962885951356435,0.08607575269868874,5.270619751332416e-18,6.100508195299395e-17
57.786,0.5160056049992227,0.0,0.452246735804248,0.9965525759317864,0.08296362699232175,5.080057012090089e-18,6.10212461148456e-17
57.806,0.5159385818168661,0.0,0.4531766111472887,0.9970516729892079,0.0767330527831495,4.698544373984447e-18,6.105180699553735e-17
57.811,0.5159209148771406,0.0,0.4534092724621236,0.9971704203403133,0.07517414980113042,4.6030890966289e-18,6.105907817370927e-17
57.831,0.5158466013293012,0.0,0.4543406627425536,0.9976212364694623,0.06893379827879227,4.220977770759614e-18,6.108668270018758e-17
57.832,0.5158427325019638,0.0,0.45438726294302073,0.9976427604800906,0.06862158888909893,4.201860459272029e-18,6.108800066572363e-17
57.842,0.5158032418599142,0.0,0.4548534219097484,0.9978526653942225,0.06549853559924725,4.010628598522855e-18,6.110085363478446e-17
57.843,0.5157992125532935,0.0,0.4549000533563914,0.9978731220259633,0.06518613608856424,3.991499645482198e-18,6.110210624221361e-17
57.856,0.5157455037477527,0.0,0.4555065146037464,0.9981302143460782,0.06112344238875954,3.742731403713101e-18,6.111784860655931e-17
57.866,0.515702511070206,0.0,0.4559733361554346,0.9983167880527971,0.05799647137495989,3.551259651559286e-18,6.112927295119623e-17
57.886,0.5156121469635604,0.0,0.4569077669077399,0.9986606865306722,0.05173812113023096,3.1680462218017696e-18,6.11503306597043e-17
57.893,0.5155791400369293,0.0,0.45723505802181286,0.9987718227359661,0.049546403589725785,3.0338422282710307e-18,6.115713578960843e-17
57.898,0.5155551256859241,0.0,0.45746891155983743,0.998848272297714,0.04798050570671223,2.9379586367598223e-18,6.116181697516296e-17
57.907,0.5155109800607451,0.0,0.4578900007492306,0.9989797163207162,0.045161115794245914,2.7653207951673117e-18,6.11698656002648e-17
57.923,0.5154295788070785,0.0,0.45863907557123296,0.9991938013980199,0.040146572055086566,2.458268548200017e-18,6.118297453049806e-17
57.933,0.515376804845189,0.0,0.4591075439075559,0.9993148540492135,0.03701111287977208,2.2662770460547128e-18,6.119038686758868e-17
57.937,0.5153552864129913,0.0,0.45929499325235246,0.9993605262804677,0.03575665689667771,2.1894637708363242e-18,6.119318348517945e-17
57.947,0.5153004682098458,0.0,0.4597637679051868,0.9994678300649814,0.03261988144057995,1.9973916697386195e-18,6.119975394699151e-17
57.958,0.5152384816981281,0.0,0.46027966323251857,0.9995745100152271,0.029168457755228024,1.7860529213002396e-18,6.12062862099716e-17
57.978,0.5151212526256872,0.0,0.46121827923633835,0.9997379694809927,0.022890879800081664,1.4016621338418406e-18,6.12162952155486e-17
57.983,0.515091032845984,0.0,0.46145305413869514,0.9997726797229081,0.021321090020808064,1.3055402324157586e-18,6.121842060488157e-17
57.998,0.5149981836860841,0.0,0.462157655656903,0.9998620289142329,0.01661093421555907,1.0171263708965834e-18,6.122389166493968e-17
58.003,0.5149665040807201,0.0,0.4623926123177145,0.9998868829667739,0.015040653941534789,9.2097443532918e-19,6.122541353673419e-17
58.008,0.5149344595640021,0.0,0.46262761233123106,0.9999092717108826,0.013470276411873738,8.248165445715633e-19,6.122678445192467e-17
58.014,0.5148955244908477,0.0,0.4629096683974776,0.9999328834177859,0.011585709291739932,7.094200899990528e-19,6.122823025198874e-17
58.028,0.5148026328301354,0.0,0.46356802921340867,0.9999741660174285,0.007187996782722519,4.401378626121303e-19,6.12307580821644e-17
58.038,0.5147345306194,0.0,0.4640384760604638,0.9999918127338896,0.004046537432117556,2.4777895569363577e-19,6.123183863190587e-17
58.065,0.5145433681016147,0.0,0.465309413026216,0.9999901622536191,-0.0044356956591318115,-2.7160802454737913e-19,6.123173756913685e-17
58.077,0.5144549945559758,0.0,0.4658745905642128,0.9999663351091357,-0.008205403610047679,-5.024360633378513e-19,6.123027857732563e-17
58.088,0.514372141401875,0.0,0.46639282707101526,0.999932011678126,-0.011660704152671137,-7.140122008186479e-19,6.122817687332953e-17
58.103,0.5142563180883849,0.0,0.46709973887219314,0.9998659719817701,-0.01637186834023983,-1.00248780794683e-18,6.122413310819159e-17
58.111,0.5141932053457008,0.0,0.4674768579931063,0.9998216791613667,-0.018884117107906027,-1.1563186785460445e-18,6.122142095515498e-17
58.121,0.5141130036616453,0.0,0.4679483476074322,0.9997574426549003,-0.022023983657228005,-1.3485800545148946e-18,6.121748760355336e-17
58.127,0.5140641837522204,0.0,0.46823128718961043,0.99971417163566,-0.02390763540850957,-1.4639204589106584e-18,6.121483801779293e-17
58.141,0.513948232830507,0.0,0.4688916038131264,0.9995994202292707,-0.028301927095267375,-1.732993221346047e-18,6.120781152066632e-17
58.147,0.513897666490847,0.0,0.4691746464325892,0.9995443360476993,-0.03018476892348009,-1.8482840322571196e-18,6.120443858733406e-17
58.158,0.5138036014700454,0.0,0.46969362901919715,0.9994341529088024,-0.03363590342869377,-2.0596050735189653e-18,6.119769181591556e-17
58.168,0.5137165609792518,0.0,0.4701655049197243,0.9993236670099521,-0.036772388469915505,-2.251659391834253e-18,6.119092650579666e-17
58.183,0.5135832750242422,0.0,0.47087343507228097,0.9991395291620663,-0.04147530911041623,-2.5396302272859145e-18,6.11796513144959e-17
58.199,0.5134375008108021,0.0,0.47162869175023675,0.998918797569247,-0.04648909402010224,-2.8466360093489286e-18,6.116613540256506e-17
58.204,0.5133911841322053,0.0,0.4718647330235519,0.9988446773074513,-0.04805528706160632,-2.94253767410517e-18,6.116159684549706e-17
58.21,0.5133351251915853,0.0,0.4721479953776701,0.9987525043014758,-0.049934308361392336,-3.057594545120802e-18,6.115595287666027e-17
58.215,0.5132880104012298,0.0,0.4723840570482901,0.9986730045492781,-0.05149980567456063,-3.153453608803069e-18,6.115108492080717e-17
58.23,0.5131444905314588,0.0,0.47309228633587136,0.9984198539517682,-0.05619426336317378,-3.440906237907707e-18,6.113558391736005e-17
58.245,0.5129977092989246,0.0,0.47380056450995567,0.9981447594979377,-0.06088545874676645,-3.728159108442287e-18,6.11187392402427e-17
58.25,0.5129480579076402,0.0,0.47403666420416174,0.9980481927204535,-0.06244841877450913,-3.823862808200804e-18,6.111282623049521e-17
58.278,0.5126633232409167,0.0,0.4753588375598855,0.9974625396601541,-0.07119327197646877,-4.359330632340472e-18,6.107696532320987e-17
58.289,0.5125483611496741,0.0,0.4758782488153851,0.9972116737937115,-0.07462491306222341,-4.56945804591507e-18,6.106160421919216e-17
58.299,0.5124423331373408,0.0,0.4763504225799337,0.9969734663072497,-0.07774257185935661,-4.7603595892522084e-18,6.104701821740075e-17
58.309,0.5123348612629685,0.0,0.4768225720410811,0.9967256125508873,-0.08085822954442201,-4.951138599814918e-18,6.103184155193145e-17
58.322,0.5121929907603959,0.0,0.4774363190482897,0.9963890116075402,-0.08490546241408185,-5.198960138776562e-18,6.101123068853846e-17
58.332,0.512082201516828,0.0,0.4779083873251869,0.9961190418814686,-0.08801621669411262,-5.389438902375243e-18,6.099469981049343e-17
58.343,0.5119586693231023,0.0,0.4784276087126019,0.9958110072073237,-0.09143543035790531,-5.598805355823473e-18,6.097583812660754e-17
58.35,0.5118791508625697,0.0,0.47875798910833894,0.9956089601542008,-0.09360982032175424,-5.73194834128976e-18,6.096346631276333e-17
58.36,0.5117643300538219,0.0,0.4792299110099464,0.9953122093933877,-0.09671404154750864,-5.922027070688029e-18,6.094529556929462e-17
58.371,0.5116363664378525,0.0,0.47974894986431676,0.9949747842383019,-0.10012581450327683,-6.13093791217298e-18,6.092463423748824e-17
58.38,0.5115303758218588,0.0,0.48017355340679063,0.9946901585060149,-0.10291495795694035,-6.301723692317571e-18,6.090720593788823e-17
58.391,0.5113992525073063,0.0,0.48069242676782176,0.9943318583058225,-0.10632100243173828,-6.510283765508312e-18,6.088526637822325e-17
58.401,0.5112785432227263,0.0,0.48116404025602416,0.9939962055399991,-0.1094145482652271,-6.699708815658198e-18,6.086471357395873e-17
58.411,0.5111564005748375,0.0,0.48163556157984083,0.9936511255702708,-0.11250529166636498,-6.888962266317664e-18,6.084358351993985e-17
58.421,0.5110328257317475,0.0,0.4821069841015426,0.9932966437507482,-0.11559315513255651,-7.078039371821439e-18,6.082187776865813e-17
58.436,0.5108447807171995,0.0,0.4828139181178798,0.9927473496949794,-0.12021938143907714,-7.361314033742026e-18,6.078824320829873e-17
58.441,0.5107813842560263,0.0,0.48304950620354764,0.992559579390333,-0.12175993331340673,-7.455645629832936e-18,6.077674559317072e-17
58.456,0.5105890526882699,0.0,0.48375608910377527,0.9919822998548189,-0.12637688386229573,-7.738352315408864e-18,6.07413974164017e-17
58.458,0.5105631658568378,0.0,0.48385027877759185,0.9919037496537129,-0.12699193447973214,-7.776013303906718e-18,6.073658760378385e-17
58.472,0.5103803610803117,0.0,0.48450945797849393,0.991343524815764,-0.1312936243915015,-8.039415842975358e-18,6.0702283726054e-17
58.478,0.5103011612428204,0.0,0.4847918808766582,0.9910978842029784,-0.1331352091986925,-8.152180389949602e-18,6.068724257654458e-17
58.492,0.5101143689013233,0.0,0.4854506647064739,0.99051183379934,-0.13742746124217176,-8.415005026258629e-18,6.065135733899684e-17
58.503,0.5099656482947498,0.0,0.48596807187291546,0.9900387505135901,-0.14079514367153903,-8.6212161016421e-18,6.062238934241566e-17
58.508,0.5098974797902088,0.0,0.4862031935934967,0.9898200553469124,-0.1423244814957542,-8.714861035204103e-18,6.060899812562262e-17
58.523,0.509690845613085,0.0,0.4869083109415389,0.989150304679599,-0.14690702757954274,-8.995461054876947e-18,6.0567987725075e-17
58.528,0.5096212585986958,0.0,0.48714326470396546,0.9889225130187178,-0.1484326892727605,-9.08888089033599e-18,6.055403950865647e-17
58.538,0.5094810222314705,0.0,0.48761303925300087,0.9884601424780446,-0.15148117616484164,-9.275546876067482e-18,6.05257274785237e-17
58.55,0.5093108706395209,0.0,0.4881765268462709,0.9878933926359107,-0.15513427985558295,-9.49923496315847e-18,6.049102405951937e-17
58.565,0.5090953193159563,0.0,0.48888049884895435,0.987166778121913,-0.1596926803970731,-9.778356494776842e-18,6.044653175258031e-17
58.575,0.5089498542432276,0.0,0.48934956418371633,0.9866712024632113,-0.16272657505705942,-9.964128963991967e-18,6.041618649537209e-17
58.581,0.5088618985271925,0.0,0.4896309043796275,0.9863695872107208,-0.16454494044409967,-1.0075471731537926e-17,6.039771788769527e-17
58.592,0.5086993296189903,0.0,0.4901464963574568,0.9858083394832962,-0.16787470865257326,-1.0279361230458416e-17,6.03633513760493e-17
58.604,0.5085200404175997,0.0,0.49070865877825687,0.9851838887906408,-0.17150132730492326,-1.0501427576674842e-17,6.032511479895001e-17
58.617,0.5083235276963843,0.0,0.4913173001852244,0.9844931316982772,-0.17542312743455077,-1.0741568575457042e-17,6.028281812584244e-17
58.622,0.5082473144831958,0.0,0.49155128820973315,0.9842235219029106,-0.17692953098064448,-1.0833809189504436e-17,6.026630928719671e-17
58.644,0.5079078158449711,0.0,0.4925801177506242,0.9830114306005118,-0.18354434698114597,-1.1238849851602578e-17,6.019209010050886e-17
58.652,0.5077826832018855,0.0,0.4929539384199323,0.982560298800435,-0.18594423685933326,-1.1385800724483988e-17,6.016446624476099e-17
58.657,0.5077040213449705,0.0,0.4931874928368155,0.9822755479845965,-0.18744265211408168,-1.1477552196760049e-17,6.014703028600243e-17
58.675,0.5074179511299933,0.0,0.4940277429347747,0.9812327419087263,-0.19282714074082744,-1.1807257034849525e-17,6.008317682985513e-17
58.686,0.5072409087796024,0.0,0.4945407967583308,0.9805819069981284,-0.19610997850164014,-1.2008272872644492e-17,6.004332468535328e-17
58.701,0.5069967765093972,0.0,0.49523986840153694,0.9796779440449331,-0.20057698260740903,-1.228179798663989e-17,5.998797291849436e-17
58.718,0.5067163192448467,0.0,0.4960313609504225,0.9786306628844731,-0.2056259362587725,-1.2590957233049171e-17,5.992384544244612e-17
58.723,0.5066330699754866,0.0,0.4962639889995743,0.9783180609893876,-0.20710811558692005,-1.2681714541548084e-17,5.990470409693493e-17
58.733,0.50646553411164,0.0,0.49672901643649137,0.9776866506119241,-0.2100685916914698,-1.2862991420817538e-17,5.986604136204947e-17
58.749,0.5061946040959336,0.0,0.497472412246417,0.9766592797385868,-0.2147944396405661,-1.3152366149023432e-17,5.980313303947098e-17
58.759,0.5060234805376603,0.0,0.49793661946818324,0.9760065490467236,-0.21774116794466192,-1.3332801218301825e-17,5.976316481184622e-17
58.761,0.5059890906080082,0.0,0.498029421865427,0.9758750275079023,-0.21832986668445276,-1.3368848619669171e-17,5.975511144026939e-17
58.78,0.5056596437253632,0.0,0.4989103821581319,0.9746094551570452,-0.2239116118437974,-1.3710631936821554e-17,5.967761748384106e-17
58.781,0.5056421670952718,0.0,0.4989567148087162,0.974542041709013,-0.22420483701657332,-1.3728586800285026e-17,5.967348960067346e-17
58.796,0.5053783727069925,0.0,0.499651291368745,0.9735212555597818,-0.2285965112885716,-1.399749929229005e-17,5.961098447615995e-17
58.801,0.5052897565894168,0.0,0.49988264246718483,0.9731770172134067,-0.23005758663347042,-1.4086964354512225e-17,5.958990595670836e-17
58.816,0.5050218579875858,0.0,0.5005761612317206,0.9721324602158928,-0.23443224990302738,-1.4354835223032745e-17,5.952594528753174e-17
58.822,0.5049138386147399,0.0,0.5008533407235712,0.971709691218539,-0.2361784833382828,-1.4461761182385227e-17,5.950005815256234e-17
58.837,0.5046416444570793,0.0,0.5015457072787022,0.9706404991927254,-0.2405348650963033,-1.4728512631176414e-17,5.943458902295801e-17
58.842,0.5045502328401457,0.0,0.5017763085330351,0.9702802289983713,-0.24198404330630605,-1.481724920399011e-17,5.941252883594081e-17
58.857,0.5042739611819929,0.0,0.502467538289988,0.9691878906019274,-0.24632261916150985,-1.5082910355686775e-17,5.934564239990128e-17
58.863,0.5041625982852588,0.0,0.502743785615696,0.9687461421644354,-0.24805425221415464,-1.5188942299447737e-17,5.931859310940113e-17
58.879,0.5038632490570163,0.0,0.5034797480125789,0.9675548151526441,-0.25266119542765714,-1.547103621246121e-17,5.924564536881473e-17
58.885,0.5037501014462318,0.0,0.503755468552034,0.967103101270376,-0.25438473128947975,-1.5576572346281047e-17,5.921798587081222e-17
58.896,0.5035414033726322,0.0,0.5042605737239031,0.9662679791296132,-0.2575387204068031,-1.5769698480134826e-17,5.916684938798312e-17
58.906,0.5033502642082477,0.0,0.5047193246989816,0.9655009901570074,-0.26039938173090627,-1.5944863466835207e-17,5.911988485846897e-17
58.916,0.5031577811610126,0.0,0.5051776542971362,0.9647266417569084,-0.26325369263210285,-1.6119639602281295e-17,5.907246969398866e-17
58.926,0.5029639566198972,0.0,0.505635556166353,0.9639449893865569,-0.26610159232246366,-1.6294023164285953e-17,5.902460729031882e-17
58.936,0.5027687929972995,0.0,0.5060930239628418,0.9631560889867219,-0.26894302044820156,-1.646801045724556e-17,5.897630107284361e-17
58.952,0.5024537520001358,0.0,0.5068240537557682,0.9618789134452175,-0.2734756952079066,-1.6745556739047998e-17,5.889809662590098e-17
58.953,0.5024339485529532,0.0,0.5068697050915846,0.9617984840083348,-0.27375842664522504,-1.6762869046534517e-17,5.88931717432792e-17
58.979,0.501914389334615,0.0,0.5080550377914762,0.9596825853490073,-0.2810859928524461,-1.7211553071595196e-17,5.876361031725591e-17
58.99,0.5016918750242436,0.0,0.5085555796419077,0.9587732077105604,-0.2841723705366211,-1.740053919918943e-17,5.870792699654891e-17
58.99,0.5016918750242436,0.0,0.5085555796419077,0.9587732077105604,-0.2841723705366211,-1.740053919918943e-17,5.870792699654891e-17
58.991,0.5016715670137385,0.0,0.5086010551038772,0.9586901230995778,-0.2844525406307991,-1.741769466964203e-17,5.8702839531404e-17
59.016,0.5011595742732953,0.0,0.5097363812525607,0.9565908250887961,-0.2914343722966394,-1.7845208559729874e-17,5.857429460193599e-17
59.022,0.5010354702928534,0.0,0.5100084067926972,0.9560807051979799,-0.29310353997885014,-1.7947415602692854e-17,5.854305876736252e-17
59.037,0.5007231408827416,0.0,0.510687688794738,0.9547949014264902,-0.29726536328670866,-1.8202253782322145e-17,5.846432599370819e-17
59.047,0.5005132822924497,0.0,0.5111399148786948,0.9539294410220054,-0.30003103431385963,-1.8371602290866895e-17,5.841133182800114e-17
59.052,0.5004078623099318,0.0,0.5113658370058445,0.9534942564294141,-0.30141118585102095,-1.845611219898304e-17,5.838468445708337e-17
59.068,0.5000683247971868,0.0,0.5120879217023726,0.9520907772594026,-0.3058155520204729,-1.872580184556765e-17,5.829874614342215e-17
59.073,0.49996153507828295,0.0,0.5123132996807043,0.9516488156337962,-0.30718810475471353,-1.880984646120009e-17,5.827168379891491e-17
59.083,0.49974698028086345,0.0,0.5127636601249851,0.9507601202548966,-0.3099277234015931,-1.897759972153936e-17,5.82172669013556e-17
59.094,0.49950947073136964,0.0,0.5132584413179022,0.9497752692236106,-0.3129328010471546,-1.916160765753067e-17,5.815696216820052e-17
59.099,0.49940099358612206,0.0,0.5134831266238147,0.9493251082450872,-0.31429578243344847,-1.924506619713178e-17,5.812939775812804e-17
59.104,0.49929219302137345,0.0,0.513707676324612,0.9488733949933943,-0.3156569027816593,-1.9328410781016316e-17,5.810173829873713e-17
59.13,0.4987212302996813,0.0,0.5148731189594833,0.9464997727357614,-0.3227044781392908,-1.9759950311189976e-17,5.795639585372736e-17
59.131,0.4986990964207256,0.0,0.5149178685617161,0.9464076609655797,-0.32297451798193033,-1.9776485482636512e-17,5.795075563450153e-17
59.145,0.4983878746813679,0.0,0.5155437699404838,0.9451118221376561,-0.3267470637291781,-2.000748728633671e-17,5.787140839086016e-17
59.162,0.49800658935968717,0.0,0.5163022875137074,0.9435227421280654,-0.33130776490619124,-2.0286749691251544e-17,5.777410530349344e-17
59.172,0.4977805810980667,0.0,0.5167476916842714,0.9425801376334567,-0.3339800654813006,-2.045038090853491e-17,5.771638742463421e-17
59.183,0.4975305024274462,0.0,0.5172369577393545,0.9415366519508237,-0.33691057126963736,-2.062982263521338e-17,5.76524923545746e-17
59.193,0.49730182545203505,0.0,0.5176811215959712,0.9405820819105661,-0.3395664105720485,-2.0792445890250758e-17,5.759404179735642e-17
59.203,0.49707188233420646,0.0,0.5181246853834163,0.93962191743564,-0.3422143367460972,-2.095458460592212e-17,5.753524867981276e-17
59.214,0.49681748614588284,0.0,0.5186119052162451,0.9385593551460147,-0.3451178593870462,-2.1132374091346624e-17,5.747018550446854e-17
59.225,0.4965615656960745,0.0,0.5190983835373761,0.9374901947898501,-0.34801168755214107,-2.1309569961329917e-17,5.740471831407092e-17
59.234,0.4963510453648887,0.0,0.5194958540862434,0.9366105826921357,-0.350372111317522,-2.1454104231775172e-17,5.735085760707307e-17
59.246,0.4960687725570495,0.0,0.5200250266609946,0.9354310758847051,-0.353509126146954,-2.1646190990262256e-17,5.727863364525844e-17
59.256,0.4958321702648779,0.0,0.5204653088779809,0.9344423903725336,-0.35611433427322947,-2.1805713979910052e-17,5.721809411786625e-17
59.262,0.49568961032599684,0.0,0.5207291722694907,0.9338466950521628,-0.3576735245166365,-2.190118684695256e-17,5.718161829949828e-17
59.277,0.49533125162319586,0.0,0.5213878171089492,0.9323494185847232,-0.3615585176215998,-2.2139074065487704e-17,5.708993655783386e-17
59.283,0.49518712641639406,0.0,0.5216508661885221,0.9317473320770296,-0.363107297045016,-2.22339094536613e-17,5.705306939211102e-17
59.298,0.4948248651838508,0.0,0.5223074554350594,0.9302343077214906,-0.3669661193324516,-2.2470194171800626e-17,5.696042337040887e-17
59.311,0.4945086608887288,0.0,0.5228752929214123,0.928914141717865,-0.37029517592936867,-2.267404009708037e-17,5.687958651687471e-17
59.318,0.4943375364204348,0.0,0.5231805826527406,0.9281999258147224,-0.37208184276788325,-2.278344188832685e-17,5.683585340589053e-17
59.323,0.4942149366458941,0.0,0.5233984442962285,0.927688350404485,-0.37335549349621905,-2.2861430502711255e-17,5.680452844645704e-17
59.332,0.4939934856900312,0.0,0.5237901674908436,0.9267645613788259,-0.37564271292321444,-2.3001482300222133e-17,5.674796268278899e-17
59.355,0.49342306489647725,0.0,0.5247887123107994,0.924386838819424,-0.38145638311271235,-2.3357466929665484e-17,5.66023691667074e-17
59.36,0.4932982090940883,0.0,0.525005301762416,0.9238667841192043,-0.3827142082562908,-2.3434486506464004e-17,5.657052500050712e-17
59.371,0.4930224600220498,0.0,0.5254811814569169,0.9227187750346333,-0.38547381519188284,-2.3603463696492883e-17,5.650022971796651e-17
59.374,0.49294700172376427,0.0,0.5256108187834838,0.9224047632101388,-0.3862246144502545,-2.3649436891921238e-17,5.648100203917843e-17
59.389,0.4925680818123031,0.0,0.5262580460376969,0.920828893880333,-0.3899668552519848,-2.387858305289512e-17,5.638450787264737e-17
59.405,0.49216091881142665,0.0,0.52694664289704,0.919137496261513,-0.39393687688018914,-2.412167676687143e-17,5.628093963864871e-17
59.424,0.49167343431583355,0.0,0.5277619343102473,0.9171153260204781,-0.39862197478106015,-2.4408556274271114e-17,5.615711742299799e-17
59.435,0.4913892410805246,0.0,0.5282327308092402,0.9159380138123634,-0.40131976633784533,-2.4573748364010298e-17,5.608502784163475e-17
59.451,0.490973308001142,0.0,0.5289159168483587,0.914217185647548,-0.405224551905085,-2.481284752132414e-17,5.597965750643856e-17
59.457,0.49081655313257583,0.0,0.529171615814817,0.9135693696819138,-0.40668293150683216,-2.4902147516885213e-17,5.593999021900104e-17
59.473,0.4903964682714003,0.0,0.5298521447373825,0.9118353436258376,-0.41055609374938107,-2.513931030403101e-17,5.583381174604045e-17
59.474,0.49037011314118845,0.0,0.5298946129461346,0.911726657077622,-0.4107973986943738,-2.51540859704562e-17,5.582715661437132e-17
59.489,0.48997338153356823,0.0,0.5305307132128361,0.9100920782561048,-0.41440609201058326,-2.5375054706396216e-17,5.572706752828507e-17
59.499,0.4897074345805458,0.0,0.5309538125341402,0.908997980454148,-0.41680051767036025,-2.5521670992398326e-17,5.566007335972904e-17
59.509,0.48944032454991576,0.0,0.5313761311678651,0.9079004664988595,-0.4191858095536552,-2.566772799589379e-17,5.559287001211085e-17
59.515,0.4892795017942718,0.0,0.5316291452458761,0.9072403493579556,-0.4206125871830926,-2.5755092928743068e-17,5.555244949492734e-17
59.528,0.48892962449528127,0.0,0.5321763653705851,0.9058060454208569,-0.42369258676430555,-2.594368851016845e-17,5.546462370864872e-17
59.537,0.48868626049846836,0.0,0.5325544216100673,0.904809888187751,-0.42581576560487927,-2.607369571872475e-17,5.540362667030019e-17
59.547,0.4884147647286764,0.0,0.5329737217549858,0.9037000735095201,-0.4281660625725584,-2.621760990165045e-17,5.533567012063308e-17
59.565,0.4879231892188637,0.0,0.5337264222542535,0.901694753257498,-0.4323731859723725,-2.6475221911910464e-17,5.521287966923787e-17
59.575,0.48764849673551774,0.0,0.5341434460158406,0.9005765676673474,-0.4346974186356524,-2.6617540116488438e-17,5.5144410549046335e-17
59.581,0.4874831364811894,0.0,0.5343932652709874,0.8999042851339687,-0.4360874655358954,-2.67026559408408e-17,5.5103245116415093e-17
59.591,0.48720663078991744,0.0,0.5348089684790022,0.8987815812527425,-0.4383967029994863,-2.6844055954253688e-17,5.5034499330688396e-17
59.603,0.48687333504284275,0.0,0.5353067127909583,0.8974307452232708,-0.4411553666544301,-2.7012975385001242e-17,5.4951784479705123e-17
59.606,0.4867897580427521,0.0,0.5354309604028895,0.8970924382282432,-0.4418429101770285,-2.705507528371247e-17,5.493106915077564e-17
59.616,0.48651043908744745,0.0,0.5358445716401999,0.8959630617279712,-0.4441285759991578,-2.7195031950362028e-17,5.4861914784971123e-17
59.637,0.48592023340058466,0.0,0.5367103932329277,0.8935832051394255,-0.4488976002305554,-2.7487050463363894e-17,5.471619059729151e-17
59.648,0.48560912183760424,0.0,0.537162411776823,0.8923323852066435,-0.451378903263569,-2.7638986454218627e-17,5.4639599965941944e-17
59.653,0.48546726486113,0.0,0.5373675295215272,0.8917629071767884,-0.4525029473755973,-2.7707814305413424e-17,5.460472949361961e-17
59.669,0.4850114706656886,0.0,0.5380224465021588,0.8899368350300537,-0.4560837967486796,-2.792707809156212e-17,5.449291482314407e-17
59.674,0.48486845809983037,0.0,0.538226649378901,0.8893650526043431,-0.4571977725296505,-2.7995289435286805e-17,5.4457903247271305e-17
59.684,0.4845816119846227,0.0,0.5386343956424856,0.8882199255306298,-0.45941850625585645,-2.8131270157764644e-17,5.438778443699931e-17
59.69,0.48440898024939383,0.0,0.5388786194965145,0.8875318750744244,-0.4607463192765367,-2.821257525604676e-17,5.4345653497557125e-17
59.7,0.4841203900709353,0.0,0.5392849489771238,0.8863835534987792,-0.462951613116184,-2.834761055814193e-17,5.4275339080456833e-17
59.717,0.4836272995118539,0.0,0.5399736578068642,0.8844270931640136,-0.46667838698342695,-2.857580964252518e-17,5.415554043612536e-17
59.722,0.48348167921501367,0.0,0.5401757244623144,0.8838506746624963,-0.46776915770350874,-2.8642600086072776e-17,5.412024498248274e-17
59.732,0.4831896323886386,0.0,0.5405791787822459,0.8826965501271833,-0.46994340126611944,-2.877573410704867e-17,5.404957523658331e-17
59.748,0.4827201304468693,0.0,0.5412228110827839,0.8808465443095489,-0.4734019068169517,-2.8987506494681674e-17,5.393629505143481e-17
59.749,0.48269069588660546,0.0,0.5412629602676557,0.8807307855807249,-0.4736172329322057,-2.9000691416572604e-17,5.392920687359843e-17
59.762,0.4823070795118841,0.0,0.5417840615287337,0.8792245638569539,-0.47640756323818906,-2.9171549870461927e-17,5.383697739295731e-17
59.779,0.4818027284499844,0.0,0.5424631389707294,0.8772512846039037,-0.48003144028365563,-2.9393448341673636e-17,5.371614888690372e-17
59.794,0.4813551879313548,0.0,0.5430600821608038,0.8755070383474315,-0.4832053660754495,-2.958779524475621e-17,5.3609344607158047e-17
59.799,0.4812054843689617,0.0,0.5432585927171696,0.874925020576208,-0.4842584107372033,-2.965227563347502e-17,5.357370629712927e-17
59.804,0.48105552000320795,0.0,0.5434568669223802,0.8743427175478097,-0.48530898639022857,-2.971660483901199e-17,5.3538050520136174e-17
59.815,0.48072468301686583,0.0,0.5438922349811668,0.8730606938401004,-0.48761155120796973,-2.9857596270705794e-17,5.3459549208632315e-17
59.835,0.48011995263514473,0.0,0.5446808516299296,0.8707266543414857,-0.4917673163390211,-3.01120634939933e-17,5.331663050857921e-17
59.846,0.4797855965539292,0.0,0.5451129494283319,0.8694414168229567,-0.494036054061735,-3.0250983613504624e-17,5.323793240791868e-17
59.855,0.47951111165929633,0.0,0.5454656113473952,0.8683891502821638,-0.4958833367559567,-3.036409705543457e-17,5.3173499665367085e-17
59.866,0.47917450964836783,0.0,0.5458955701338302,0.8671022673647957,-0.49813016163532037,-3.050167540027244e-17,5.3094700813085475e-17
59.876,0.47886744290133776,0.0,0.5462854126400205,0.8659317098671718,-0.5001622475222576,-3.0626104774123944e-17,5.3023024838451327e-17
59.888,0.47849763047146016,0.0,0.5467519224330909,0.864526316762911,-0.5025875521979776,-3.077461185452783e-17,5.293696933011749e-17
59.9,0.47812637183843826,0.0,0.5472170043585709,0.8631202578778956,-0.5049984360775734,-3.0922235915840976e-17,5.285087305447015e-17
59.918,0.47756678914349426,0.0,0.547911930712276,0.8610102084572605,-0.5085876728081254,-3.114201327951361e-17,5.272166979101897e-17
59.92,0.4775044146349672,0.0,0.5479889439239833,0.8607757035245112,-0.5089844675644659,-3.116630995092715e-17,5.270731050525518e-17
59.93,0.4771919488353683,0.0,0.5483734044608789,0.8596030593701222,-0.5109624059767276,-3.1287423748201496e-17,5.2635506759744616e-17
59.944,0.47675284218611563,0.0,0.5489099464050323,0.8579611332653064,-0.5137146034580983,-3.1455947240010594e-17,5.2534967782309664e-17
59.954,0.47643801894966353,0.0,0.5492919675183241,0.8567882716061733,-0.5156683601289749,-3.1575580332675685e-17,5.246315071847466e-17
59.959,0.4762802415999215,0.0,0.5494825940285991,0.8562018502682137,-0.5166414536187426,-3.163516512405144e-17,5.2427242767750466e-17
59.975,0.475773723553586,0.0,0.550090869663862,0.8543254755267825,-0.5197383782884779,-3.182479706825103e-17,5.231234795169573e-17
59.986,0.4754240584106207,0.0,0.5505075227941303,0.8530357406662673,-0.521852493666508,-3.195424929978767e-17,5.2233374468261795e-17
59.991,0.47526473541922665,0.0,0.550696494627714,0.8524496031359993,-0.5228094051499813,-3.201284322905282e-17,5.219748389574665e-17
60.011,0.4746250555528208,0.0,0.5514497674458337,0.8501059383044118,-0.526611710522635,-3.2245667284252875e-17,5.205397581403276e-17
60.023,0.47423942475600706,0.0,0.5518997115479733,0.8487005968602187,-0.5288736114508914,-3.238416877084176e-17,5.196792346896575e-17
60.027,0.47411057913988336,0.0,0.5520493544366032,0.8482323213652805,-0.5296243281716462,-3.243013691229869e-17,5.193924986466599e-17
60.032,0.47394931050318917,0.0,0.5522361692860438,0.8476471094592315,-0.5305604374860696,-3.2487457076076726e-17,5.19034159702877e-17
60.043,0.4735936946085405,0.0,0.5526462252785844,0.8463602051181142,-0.5326109304102046,-3.261301355588754e-17,5.182461580617979e-17
60.053,0.4732694274789517,0.0,0.5530178814137706,0.8451910302826041,-0.5344643321399757,-3.2726501680682456e-17,5.175302449518224e-17
60.064,0.47291166152388786,0.0,0.5534254629622002,0.8439058416308513,-0.5364913144323258,-3.28506185494952e-17,5.167432938674876e-17
60.085,0.47222555730561133,0.0,0.554199942705694,0.8414552775243422,-0.5403267677308169,-3.3085472329759016e-17,5.1524275612291676e-17
60.087,0.47216000333030844,0.0,0.5542734529170982,0.8412221136057618,-0.5406897036014786,-3.3107695742374096e-17,5.1509998439963364e-17
60.095,0.4718974229479169,0.0,0.5545670574179734,0.8402898765316262,-0.5421373658017536,-3.3196339486364765e-17,5.1452915382519037e-17
60.102,0.4716671881632039,0.0,0.5548233872393835,0.8394747404352203,-0.5433987119705194,-3.327357466377455e-17,5.1403002691952386e-17
60.116,0.47120538998906897,0.0,0.555334432619503,0.8378461725751778,-0.5459063940833863,-3.342712590741463e-17,5.130328167110262e-17
60.127,0.47084131292445486,0.0,0.5557344514108167,0.8365682854171401,-0.5478626687722266,-3.354691318421169e-17,5.1225033650214503e-17
60.147,0.4701765914258019,0.0,0.5564583166211853,0.8342490315443243,-0.5513878429629702,-3.3762767848668243e-17,5.10830203086268e-17
60.158,0.4698094865044673,0.0,0.5568545384108079,0.8329759135696106,-0.553309251154246,-3.3880420168233315e-17,5.10050643159933e-17
60.169,0.46944131963415864,0.0,0.5572494010494237,0.8317046728341045,-0.555218278865092,-3.3997314402011874e-17,5.0927223271109135e-17
60.18,0.46907209737562966,0.0,0.5576428983856919,0.830435405773215,-0.5571149224695707,-3.4113450327979284e-17,5.084950307894006e-17
60.187,0.4688365912686614,0.0,0.557892592118557,0.8296287619921576,-0.5583154281186934,-3.41869600980071e-17,5.080011039271386e-17
60.207,0.46816139156707004,0.0,0.5586029285667211,0.8273289044268646,-0.5617177973857015,-3.439529512962504e-17,5.065928473242231e-17
60.207,0.46816139156707004,0.0,0.5586029285667211,0.8273289044268646,-0.5617177973857015,-3.439529512962504e-17,5.065928473242231e-17
60.223,0.46761877227351195,0.0,0.559167899762599,0.8254944760568914,-0.5644101965765309,-3.456015703217885e-17,5.054695839084467e-17
60.231,0.4673466498325578,0.0,0.5594492796624291,0.8245791817291321,-0.5657465625692434,-3.4641985848952083e-17,5.049091277740627e-17
60.24,0.4670398686221948,0.0,0.5597649471566177,0.8235510653991321,-0.5672421376096405,-3.4733563408257436e-17,5.0427958808771985e-17
60.256,0.46649280864815695,0.0,0.560323810510639,0.8217276153590964,-0.5698804490033439,-3.4895113388430074e-17,5.031630469602525e-17
60.261,0.4663214163855249,0.0,0.5604978430995308,0.8211589563253283,-0.5706995430580767,-3.4945268434046534e-17,5.028148437274973e-17
60.28,0.46566824765836345,0.0,0.5611564947090784,0.8190033433287639,-0.5737887447626582,-3.5134427483018347e-17,5.014949114492757e-17
60.293,0.4652196424460703,0.0,0.5616047019332502,0.8175334572652293,-0.5758811042671582,-3.5262547551510925e-17,5.0059486581786626e-17
60.303,0.4648736296898766,0.0,0.5619481155631054,0.8164056564210082,-0.5774788343859736,-3.536038030530635e-17,4.9990428697089074e-17
60.308,0.46470032125437527,0.0,0.5621193769941926,0.8158427197127542,-0.5782738595956904,-3.5409061559222414e-17,4.995595876519479e-17
60.322,0.46421399296365706,0.0,0.5625973237871529,0.8142700039807422,-0.5804863138931029,-3.554453531290171e-17,4.9859657700835923e-17
60.327,0.4640399260118258,0.0,0.5627674512778247,0.8137095985568715,-0.5812716139778503,-3.5592621074659516e-17,4.9825342765407526e-17
60.342,0.46351653940623727,0.0,0.5632760333962115,0.8120325374973768,-0.5836121640658044,-3.573593843333237e-17,4.9722652392483276e-17
60.35,0.46323667708530947,0.0,0.563546169294166,0.8111407123282119,-0.5848510449710088,-3.581179801008653e-17,4.966804385054244e-17
60.361,0.46285105156143347,0.0,0.5639163426708329,0.809917495272146,-0.5865438183563896,-3.591545048549095e-17,4.959314340792376e-17
60.371,0.46249966947770715,0.0,0.5642515900843199,0.8088086059044004,-0.5880719675473235,-3.600902263625579e-17,4.952524351718285e-17
60.376,0.4623236896295934,0.0,0.5644187574745492,0.80825529972689,-0.5888322090913464,-3.605557400492912e-17,4.9491363285221026e-17
60.401,0.46144092861810837,0.0,0.5652500102455983,0.8055004910668628,-0.5925951053552863,-3.6285984948186995e-17,4.9322679904832736e-17
60.421,0.4607313252839022,0.0,0.5659094801526251,0.8033112134367164,-0.5955594801250588,-3.6467500551850744e-17,4.918862531272255e-17
60.432,0.4603397741764078,0.0,0.5662700792902334,0.8021128428070815,-0.597172493844067,-3.656626915624896e-17,4.911524627493382e-17
60.438,0.4601258245283667,0.0,0.5664661362063316,0.8014609422804605,-0.598047120216222,-3.661982457560443e-17,4.9075328880269375e-17
60.456,0.45948239523761014,0.0,0.5670516135153643,0.7995128443072894,-0.6006489921640324,-3.6779143283238296e-17,4.8956042282905906e-17
60.462,0.45926739588267257,0.0,0.5672458718820519,0.7988660599665586,-0.6015089510834455,-3.683180058014117e-17,4.8916438164275174e-17
60.471,0.4589444105965176,0.0,0.5675364119922053,0.7978983521232205,-0.6027920202516364,-3.691036590763665e-17,4.885718314863248e-17
60.474,0.45883661974823853,0.0,0.567633032277341,0.7975764481599016,-0.6032178788303906,-3.6936442224904686e-17,4.883747221571692e-17
60.501,0.4578636261001107,0.0,0.5684974993853111,0.7946946218916024,-0.607009438095128,-3.71686082707716e-17,4.866101124995835e-17
60.505,0.45771904241846284,0.0,0.568624782686087,0.794270073438155,-0.6075648528680274,-3.720261761696312e-17,4.863501515472849e-17
60.511,0.45750195770677626,0.0,0.568815325899812,0.7936344302532182,-0.6083949302193845,-3.725344519553233e-17,4.859609323513685e-17
60.521,0.4571395949191138,0.0,0.5691318778604666,0.7925782041413059,-0.6097702766781459,-3.733766087745436e-17,4.853141803878039e-17
60.541,0.4564128079818283,0.0,0.5697611424783746,0.7904779014174825,-0.6124905610461379,-3.750423025465596e-17,4.840281158838185e-17
60.551,0.45604839477593606,0.0,0.5700738473676166,0.7894339504625487,-0.6138355136818774,-3.758658485167412e-17,4.8338888028610525e-17
60.567,0.4554639371212807,0.0,0.5705714902092025,0.7877724257615886,-0.6159663994161553,-3.771706397136573e-17,4.8237148983273766e-17
60.586,0.4547676887188624,0.0,0.5711581299359585,0.7858137358318508,-0.6184632346210971,-3.7869951033452254e-17,4.811721381562499e-17
60.591,0.45458407199373296,0.0,0.5713117278256947,0.7853009334511334,-0.6191142414133103,-3.7909813702667605e-17,4.8085813725917954e-17
60.597,0.4543635173488379,0.0,0.5714956145077388,0.784687044021402,-0.619892122022013,-3.7957445152545937e-17,4.8048223839660407e-17
60.607,0.4539954092036992,0.0,0.5718010458842185,0.783667500905746,-0.6211805277245437,-3.803633724852631e-17,4.798579482900137e-17
60.62,0.45351591038348504,0.0,0.5721961457753596,0.7823489207387416,-0.6228404018839226,-3.813797522733985e-17,4.7905055079954314e-17
60.63,0.45314633509230257,0.0,0.5724985556956897,0.7813399549686881,-0.6241056599403088,-3.821544993878228e-17,4.784327374491705e-17
60.647,0.4525166172983616,0.0,0.5730096217322089,0.7796355258129681,-0.6262335402150996,-3.834574502715685e-17,4.7738907559420756e-17
60.648,0.45247951908342,0.0,0.5730395652769884,0.7795356942791498,-0.6263578061657121,-3.8353354122089884e-17,4.7732794641003525e-17
60.668,0.45173626326206745,0.0,0.5736356460367982,0.7775492302591617,-0.6288220690492543,-3.850424670471926e-17,4.761115880081853e-17
60.674,0.4515128107626869,0.0,0.573813431396147,0.7769571082789236,-0.6295535337799741,-3.854903600177752e-17,4.757490178642837e-17
60.679,0.45132643421698704,0.0,0.5739612185743596,0.7764650356431989,-0.6301603354889974,-3.8586191890311146e-17,4.7544771027513956e-17
60.689,0.450953231014623,0.0,0.5742557893635918,0.7754846362131314,-0.6313664379719494,-3.866004436757069e-17,4.748473887631805e-17
60.71,0.4501675729508436,0.0,0.5748700186954918,0.7734422786564414,-0.6338667380346847,-3.881314359100753e-17,4.7359680544092314e-17
60.711,0.4501300960605487,0.0,0.574899119640137,0.7733455872026358,-0.6339847023029896,-3.8820366819187194e-17,4.735375990012191e-17
60.721,0.4497550074892813,0.0,0.5751893866771157,0.7723815242680592,-0.6351588627810758,-3.889226341274587e-17,4.729472807077162e-17
60.736,0.4491912941259861,0.0,0.5756222506451221,0.7709452426721499,-0.6369014309931953,-3.8998964941909276e-17,4.7206781187816395e-17
60.747,0.44877709006951044,0.0,0.5759377437240254,0.7698995493609866,-0.6381650914095426,-3.907634182611372e-17,4.7142750939496093e-17
60.753,0.44855087330121346,0.0,0.5761091369261847,0.7693319047043958,-0.638849293968387,-3.911823714979658e-17,4.710799272890874e-17
60.773,0.44779537124380214,0.0,0.5766768990012888,0.767453867890623,-0.6411041730169303,-3.9256308670259735e-17,4.6992996140275355e-17
60.778,0.44760615181088104,0.0,0.5768179843099519,0.7669877862919645,-0.6416616987782204,-3.929044727721004e-17,4.6964456873378424e-17
60.799,0.4468099521073439,0.0,0.5774067930309714,0.7650454419901462,-0.6439762974598536,-3.9432175570548676e-17,4.6845522586775234e-17
60.811,0.4463539233401474,0.0,0.5777405273684959,0.763946688371238,-0.6452793637848793,-3.951196537074965e-17,4.677824333165286e-17
60.819,0.44604948322512317,0.0,0.577961911192896,0.7632187521001418,-0.64614018327504,-3.9564675362413095e-17,4.6733670090433796e-17
60.829,0.4456684647578495,0.0,0.5782373940876984,0.7623140160467313,-0.6472073399913693,-3.9630019865255155e-17,4.6678270984839677e-17
60.84,0.4452487499296386,0.0,0.578538821486966,0.7613255178783297,-0.6483698449398253,-3.970120276346114e-17,4.6617742928944873e-17
60.852,0.44479017773444396,0.0,0.5788657302868078,0.7602552538478367,-0.6496244676709472,-3.977802624905143e-17,4.655220815798558e-17
60.863,0.4443691852511767,0.0,0.5791636311147199,0.7592816749816963,-0.6507621209297524,-3.98476874201482e-17,4.6492593645878767e-17
60.873,0.4439859448015835,0.0,0.5794329808999866,0.7584028845315879,-0.6517860574867853,-3.9910385451503217e-17,4.643878325028644e-17
60.879,0.4437557653471262,0.0,0.5795939178027822,0.757878503534778,-0.652395718778017,-3.994771643894677e-17,4.6406674174822595e-17
60.889,0.4433717450224156,0.0,0.5798610221965036,0.7570093921331961,-0.6534039946481266,-4.0009455529796126e-17,4.6353456450020105e-17
60.902,0.4428718022167456,0.0,0.5802061533714671,0.755888695669082,-0.6547001449210882,-4.0088821843945946e-17,4.628483358314045e-17
60.924,0.44202393435670295,0.0,0.5807847840807919,0.7540159763760578,-0.6568560781249271,-4.022083467880879e-17,4.617016259874527e-17
60.925,0.44198534163510184,0.0,0.5808109226400086,0.7539315717308981,-0.6569529550488206,-4.0226766679546657e-17,4.6164994304818874e-17
60.929,0.4418309249567423,0.0,0.5809153350080573,0.753594582688977,-0.6573394898694483,-4.0250435111088696e-17,4.614435967724206e-17
60.947,0.4411351522257752,0.0,0.5813823771182423,0.752090669651806,-0.6590596517939009,-4.0355764650828497e-17,4.6052271562883684e-17
60.959,0.4406704997823422,0.0,0.581691174691622,0.7510995559020163,-0.6601889556208843,-4.04249145666775e-17,4.5991583348820135e-17
60.969,0.4402828068318112,0.0,0.5819469348933074,0.7502807215891184,-0.6611193831765272,-4.048188682307033e-17,4.594144420780402e-17
60.975,0.44004998315077826,0.0,0.5820997041310079,0.7497925373833738,-0.6616729939208658,-4.051578570437172e-17,4.5911551546556044e-17
60.983,0.43973931168740243,0.0,0.5823025937852304,0.7491452816201485,-0.6624057268972456,-4.0560652659079385e-17,4.587191856162287e-17
61.003,0.4389614525573543,0.0,0.5828057954888096,0.7475455701569075,-0.664210524260783,-4.0671164624797665e-17,4.5773964485472e-17
61.014,0.4385329244868929,0.0,0.5830801007415246,0.7466770506561565,-0.6651867271852494,-4.0730939814135966e-17,4.572078300414241e-17
61.025,0.43810390586814796,0.0,0.58335265847745,0.7458166419001165,-0.6661512866195136,-4.079000204532392e-17,4.566809816269027e-17
61.026,0.4380648801272615,0.0,0.5833773496712703,0.7457388271485004,-0.6662383970345592,-4.079533601987182e-17,4.566333338336561e-17
61.04,0.4375181043860721,0.0,0.5837215051755517,0.7446565345931566,-0.6674478597521389,-4.0869394252160426e-17,4.559706207768348e-17
61.062,0.4366573482710829,0.0,0.5842565704435109,0.7429828311940324,-0.6693104754528348,-4.098344656995537e-17,4.5494577302160504e-17
61.073,0.4362262828822464,0.0,0.5845214597039813,0.7421584958620377,-0.6702244154160587,-4.1039409252484113e-17,4.5444101320872934e-17
61.089,0.4355984820488294,0.0,0.5849035978987398,0.7409745072619102,-0.6715331559855919,-4.111954649995377e-17,4.5371602928404275e-17
61.096,0.4353235278230151,0.0,0.5850696050233815,0.7404621571573845,-0.6720980537226937,-4.1154136510233135e-17,4.534023053262677e-17
61.105,0.4349697593138085,0.0,0.5852819868298721,0.7398085018048991,-0.6728174943156506,-4.11981895412002e-17,4.5300205685868425e-17
61.116,0.434536990591056,0.0,0.5855399488085238,0.7390173918924378,-0.6736863472570148,-4.125139143987877e-17,4.525176417476495e-17
61.126,0.43414320338197365,0.0,0.5857729146600725,0.7383056909388215,-0.6744662383895501,-4.1299145998835914e-17,4.5208185060025134e-17
61.132,0.43390676861641264,0.0,0.5859119867671069,0.7378821115580602,-0.6749296181400091,-4.1327519825245376e-17,4.518224830338343e-17
61.147,0.4333151586287379,0.0,0.5862573417597456,0.7368345187465031,-0.6760731410014815,-4.139754040584808e-17,4.511810174420927e-17
61.152,0.43311779189203387,0.0,0.5863717208242416,0.7364889430384703,-0.6764495818478098,-4.1420590759724286e-17,4.5096941334974005e-17
61.166,0.4325647395866814,0.0,0.5866900120223465,0.7355310235275673,-0.6774910430614485,-4.1484361866810226e-17,4.503828568183059e-17
61.178,0.43209020561366385,0.0,0.5869605182100481,0.7347213797278831,-0.6783689955848188,-4.153812095418767e-17,4.4988709297443957e-17
61.193,0.431496420184049,0.0,0.5872956394032363,0.7337242661790765,-0.6794473498513154,-4.1604151109228263e-17,4.492765370164733e-17
61.201,0.4311794604620117,0.0,0.5874729999322896,0.7331993001754575,-0.680013813258392,-4.163883698914379e-17,4.4895508804847676e-17
61.204,0.4310605522758327,0.0,0.5875392639465725,0.7330036677316621,-0.6802246857413593,-4.1651749204708494e-17,4.4883529772542504e-17
61.216,0.4305846603772669,0.0,0.5878029755624968,0.7322278709917652,-0.6810597220089195,-4.1702880429320474e-17,4.4836025922827316e-17
61.244,0.4294726829265527,0.0,0.5884099186719113,0.7304598592158746,-0.6829556311169304,-4.1818971380350465e-17,4.4727766424717354e-17
61.255,0.42903525846729695,0.0,0.5886451409162343,0.7297815676459117,-0.6836803811169921,-4.186334951873835e-17,4.468623304471517e-17
61.266,0.4285975214603508,0.0,0.5888785423979381,0.7291125314704133,-0.6843938313959336,-4.190703574876117e-17,4.4645266394173277e-17
61.279,0.4280798042290244,0.0,0.5891520290682031,0.7283338461554384,-0.6852224518683157,-4.19577741192217e-17,4.459758567024692e-17
61.288,0.4277211427975715,0.0,0.5893398713578547,0.7278024038666526,-0.6857868917717237,-4.199233609527269e-17,4.4565044215352266e-17
61.295,0.42744205048637657,0.0,0.5894851242994728,0.727393403444841,-0.6862206909041222,-4.201889863122092e-17,4.45400001624812e-17
61.306,0.4270032465247544,0.0,0.58971188032616,0.7267583960496794,-0.6868931749342814,-4.206007640197153e-17,4.4501117173785214e-17
61.317,0.42656416832564625,0.0,0.5899368022714299,0.726132846199432,-0.6875544266967614,-4.2100566394689113e-17,4.446281329269458e-17
61.333,0.4259250366184721,0.0,0.5902606817132842,0.7252399240166854,-0.6884962255613842,-4.2158234942939165e-17,4.440813757804517e-17
61.343,0.42552530491804114,0.0,0.5904611291538415,0.7246921094766674,-0.6890728165167002,-4.2193540956331415e-17,4.43745936118972e-17
61.348,0.42532536233713414,0.0,0.5905607817407044,0.7244211740763757,-0.6893576448765948,-4.221098166329398e-17,4.4358003603360055e-17
61.354,0.425085365159916,0.0,0.5906798617853184,0.7240986737350661,-0.6896963902291487,-4.2231723833880543e-17,4.4338256152824616e-17
61.365,0.42464518739387785,0.0,0.5908967485064203,0.7235148727141195,-0.6903087924700593,-4.226922265608663e-17,4.430250865024256e-17
61.385,0.42384428156057913,0.0,0.5912863503083821,0.7224782263914569,-0.6913936739588052,-4.233565248821898e-17,4.423903237019772e-17
61.391,0.42360386923956783,0.0,0.5914020369294621,0.7221735024477988,-0.6917119576545422,-4.235514174367923e-17,4.42203734100865e-17
61.41,0.4228421578710762,0.0,0.5917647358172495,0.721227733731607,-0.692698026629476,-4.241552105437379e-17,4.4162461778535605e-17
61.42,0.42244102008727463,0.0,0.5919534032374765,0.7207417230402426,-0.6932036992608898,-4.2446484572847655e-17,4.4132702206659067e-17
61.432,0.42195945027080783,0.0,0.5921777737460421,0.720169266102873,-0.6937984059947452,-4.248289985775002e-17,4.4097649328859096e-17
61.439,0.4216784355744361,0.0,0.592307632496361,0.7198407683703266,-0.6941392282474876,-4.250376920179499e-17,4.407753464402459e-17
61.45,0.42123669994283963,0.0,0.5925101699686262,0.7193326749697715,-0.6946657489187393,-4.253600929453165e-17,4.40464228961917e-17
61.461,0.42079479921150587,0.0,0.5927108399424159,0.7188345321975677,-0.6951812104194877,-4.256757220838041e-17,4.4015920448616815e-17
61.471,0.42039293506423253,0.0,0.5928916447016662,0.7183903376736432,-0.695640225071228,-4.259567874958119e-17,4.3988721378520673e-17
61.493,0.419508409141312,0.0,0.5932839674304884,0.7174422714696789,-0.6966179635269447,-4.2655547963091026e-17,4.3930669066417436e-17
61.504,0.4190659435692983,0.0,0.5934773154885175,0.7169833359629506,-0.6970903068838632,-4.2684470652098463e-17,4.390256737145094e-17
61.514,0.4186635944386862,0.0,0.5936514564715816,0.7165748904107319,-0.697510162243424,-4.271017937820801e-17,4.387755729454341e-17
61.525,0.4182208997160148,0.0,0.5938412166155334,0.716135273084792,-0.697961510861287,-4.273781651021629e-17,4.385063849699031e-17
61.537,0.4177378373869307,0.0,0.5940460807070644,0.7156672805949019,-0.6984413672498916,-4.2767199239734035e-17,4.382198222175187e-17
61.543,0.4174962615420565,0.0,0.5941476718287424,0.7154378306810496,-0.6986763989361554,-4.2781590779848095e-17,4.380793246662367e-17
61.554,0.41705330085751313,0.0,0.5943324648053061,0.7150250631812705,-0.6990988192112902,-4.280745656174004e-17,4.3782657746753844e-17
61.565,0.4166102546286984,0.0,0.5945153700359808,0.7146225300893276,-0.6995102854774389,-4.283265160402984e-17,4.375800970362391e-17
61.577,0.4161268438292628,0.0,0.5947127477588062,0.7141951064223189,-0.6999466765135847,-4.285937284830947e-17,4.3731837552339805e-17
61.583,0.41588510744874696,0.0,0.5948105925080742,0.7139859842731193,-0.7001599919029543,-4.287243464874949e-17,4.37190325138074e-17
61.598,0.4152806871401583,0.0,0.5950527399427616,0.713476598156512,-0.7006790591155205,-4.290421834877006e-17,4.368784160994574e-17
61.605,0.41499859009924117,0.0,0.5951645362463758,0.7132454583776012,-0.7009143429148283,-4.291862532635574e-17,4.3673688380425807e-17
61.615,0.41459556230381783,0.0,0.5953229129028735,0.7129225316905214,-0.7012427994696112,-4.293873748977943e-17,4.365391482374123e-17
61.626,0.4141521950723212,0.0,0.595495315359449,0.7125772138512417,-0.7015936960235616,-4.296022370686079e-17,4.363277020441311e-17
61.643,0.41346693481905356,0.0,0.5957580180403459,0.7120639949187043,-0.7021145683863962,-4.2992117940456275e-17,4.360134460826342e-17
61.648,0.413265378515555,0.0,0.5958344190576684,0.711917784881144,-0.7022628194415003,-4.3001195699461446e-17,4.3592391825538345e-17
61.665,0.4125800713906783,0.0,0.5960912402619405,0.7114368139889848,-0.7027500691577359,-4.303103113973012e-17,4.356294085236006e-17
61.67,0.41237850901058587,0.0,0.5961659099375373,0.7113001075402456,-0.7028884385257983,-4.3039503819915e-17,4.35545699966165e-17
61.676,0.4121366352413345,0.0,0.5962549935954192,0.7111389177375347,-0.7030515199322791,-4.304948967603736e-17,4.354469996781924e-17
61.687,0.4116932074497648,0.0,0.596416839630207,0.7108515104830577,-0.7033421145103962,-4.306728346203439e-17,4.3527101349106894e-17
61.709,0.41080641090365067,0.0,0.596734803685099,0.7103082373710655,-0.7038907641976915,-4.310087856620436e-17,4.3493835465223686e-17
61.714,0.41060488266863243,0.0,0.5968060021603094,0.7101906427980363,-0.70400941107496,-4.3108143592128146e-17,4.348663487435082e-17
61.719,0.410403362222929,0.0,0.5968768054991745,0.7100752281755847,-0.7041258199579046,-4.3115271580422666e-17,4.3479567766952814e-17
61.739,0.4095973742998591,0.0,0.5971560648466515,0.7096353998647114,-0.704569087640702,-4.3142413897867835e-17,4.3452636050298545e-17
61.74,0.4095570794271254,0.0,0.5971698616512224,0.7096143263997221,-0.7045903120028465,-4.3143713515226046e-17,4.345134567272624e-17
61.746,0.40931532044515856,0.0,0.5972523099606866,0.709489723688517,-0.7047157809928707,-4.315139627507731e-17,4.3443715957154124e-17
61.761,0.40871100728024173,0.0,0.5974559357049868,0.7091920152328076,-0.7050153796407771,-4.316974140133669e-17,4.342548657178594e-17
61.782,0.407865204975592,0.0,0.5977350185768225,0.708808395000517,-0.7054010626422327,-4.3193357673997594e-17,4.3401996607307797e-17
61.787,0.40766386975851926,0.0,0.597800435478578,0.7087227698045945,-0.7054870909949407,-4.319862539133658e-17,4.339675357620215e-17
61.8,0.40714049123381757,0.0,0.5979686615333417,0.7085104417773438,-0.705700328675333,-4.3211682433474087e-17,4.338375223425506e-17
61.818,0.40641605655983587,0.0,0.5981971566749309,0.7082410335662026,-0.7059707064553579,-4.322823829761748e-17,4.336725573908316e-17
61.83,0.40593327357654074,0.0,0.598346624465675,0.7080773098254641,-0.7061349186312299,-4.323829339339562e-17,4.335723055133117e-17
61.848,0.4052093869493209,0.0,0.5985665292685252,0.7078555785108736,-0.7063571900752739,-4.325190359402014e-17,4.3343653424096964e-17
61.855,0.4049279756750568,0.0,0.5986506544760997,0.7077770874366575,-0.7064358389122697,-4.3256719446344314e-17,4.3338847231956944e-17
61.86,0.40472700389403793,0.0,0.5987102659785486,0.7077236771880929,-0.7064893465207838,-4.3259995842419156e-17,4.333557679745963e-17
61.869,0.4043653336828439,0.0,0.5988165627151101,0.7076331163514064,-0.70658005395199,-4.3265550070683433e-17,4.333003154552082e-17
61.885,0.4037226280002738,0.0,0.5990023461257077,0.7074898365622528,-0.7067235181887729,-4.327433472160185e-17,4.332125818876235e-17
61.905,0.4029197549198644,0.0,0.5992288324553754,0.7073426531582419,-0.7068708305079925,-4.328335499961221e-17,4.3312245804531865e-17
61.916,0.40247843290817065,0.0,0.5993506783760983,0.7072768289353578,-0.706936692534165,-4.328738788558909e-17,4.33082152333388e-17
61.922,0.4022377930660379,0.0,0.5994163253478795,0.7072454516274518,-0.7069680835457014,-4.328931003067909e-17,4.330629392735415e-17
61.927,0.402037304969578,0.0,0.5994705918873058,0.7072217453806764,-0.7069917982980494,-4.3290762140456867e-17,4.330484233839249e-17
61.952,0.40103550837175506,0.0,0.5997359321736496,0.7071365179017506,-0.707077043220742,-4.329598188654282e-17,4.329962366042919e-17
61.968,0.40039495393205554,0.0,0.5999005061246501,0.7071111105475951,-0.7071024517989927,-4.32975377132441e-17,4.329806790868213e-17
61.981,0.3998748673334195,0.0,0.6000312073165446,0.7071072160513542,-0.7071063463214735,-4.3297776183968616e-17,4.3297829439564344e-17
61.984,0.39975489531765473,0.0,0.600060985132396,0.7071084498983359,-0.7071051124708212,-4.329770063240602e-17,4.329790499090218e-17
62.0,0.3991153587434244,0.0,0.6002173675388662,0.7071285363197318,-0.7070850253840154,-4.329647065307797e-17,4.3299134929485626e-17
62.006,0.398875672466115,0.0,0.6002749544767642,0.7071419327430442,-0.7070716278825165,-4.329565029271162e-17,4.32999552238321e-17
62.022,0.3982368964905181,0.0,0.6004257016574365,0.707193291239668,-0.7070202605481727,-4.3292504950632365e-17,4.330310002475707e-17
62.032,0.3978379565456174,0.0,0.6005178367547904,0.707236936202301,-0.7069766022091414,-4.328983164837483e-17,4.330577250794644e-17
62.043,0.3973993938474274,0.0,0.6006173352869995,0.7072952004971269,-0.7069183116554055,-4.3286262381372174e-17,4.3309340167054593e-17
62.048,0.3972001433192183,0.0,0.6006619210871229,0.7073252347602597,-0.706888260102927,-4.3284422254494564e-17,4.331117923526511e-17
62.065,0.3965231541859441,0.0,0.6008105165834321,0.7074439430244178,-0.7067694585068488,-4.327714775477602e-17,4.331844802005179e-17
62.07,0.3963241789755402,0.0,0.600853339800431,0.7074837352951404,-0.7067296260189152,-4.327470871833352e-17,4.332088459390035e-17
62.076,0.39608549423525746,0.0,0.6009041988016925,0.7075344115887027,-0.7066788920137832,-4.327160215648388e-17,4.3323987621935534e-17
62.098,0.3952111366071823,0.0,0.6010857452944862,0.7077475139117817,-0.7064654673454976,-4.3258533664640133e-17,4.3337036375828013e-17
62.104,0.3949729050835443,0.0,0.6011339115380953,0.7078130702934575,-0.7063997859015452,-4.325451183613515e-17,4.334105054647716e-17
62.113,0.3946157476502589,0.0,0.6012050788682952,0.7079173767217002,-0.7062952553539252,-4.324811118610735e-17,4.3347437473151055e-17
62.127,0.3940606321832794,0.0,0.6013132026556585,0.7080938653031323,-0.7061183172245779,-4.3237276850419733e-17,4.3358244281967907e-17
62.143,0.3934269242381068,0.0,0.6014329252227748,0.7083167637220379,-0.705894724608662,-4.322358575135001e-17,4.337189287373029e-17
62.16,0.39275446705800904,0.0,0.6015556337312566,0.7085783344181381,-0.7056321591262811,-4.3207508252471796e-17,4.3387909459516784e-17
62.166,0.39251734588348985,0.0,0.6015978365058712,0.7086767322213505,-0.705533336709236,-4.3201457124635885e-17,4.3393934587254146e-17
62.174,0.39220136383748294,0.0,0.6016532091983259,0.7088128577128118,-0.7053965783451159,-4.319308308999207e-17,4.340226986962416e-17
62.184,0.39180667937741975,0.0,0.6017209824418578,0.7089909286249826,-0.7052175998424067,-4.318212381746912e-17,4.3413173568254725e-17
62.196,0.39133349630064346,0.0,0.6018001946431617,0.7092162082735126,-0.7049910424410665,-4.3168251177650394e-17,4.342696796827899e-17
62.215,0.3905852931763542,0.0,0.6019208943248929,0.7095987280858048,-0.7046060211912811,-4.3144675425592726e-17,4.3450390551465696e-17
62.221,0.39034927992293195,0.0,0.6019578082340735,0.7097260911933998,-0.7044777324226351,-4.313682000409828e-17,4.345818929256798e-17
62.226,0.3901526998117096,0.0,0.6019881292289295,0.7098346320547342,-0.7043683660810728,-4.313012324709184e-17,4.346483550348847e-17
62.241,0.38956350009483504,0.0,0.6020766892661172,0.710173357135175,-0.7040268480785056,-4.310921130065709e-17,4.348557643276611e-17
62.248,0.389288822141322,0.0,0.6021167839472441,0.7103381463340341,-0.703860581267859,-4.309903039478395e-17,4.349566686101196e-17
62.259,0.3888575547257009,0.0,0.602178204460873,0.7106057237934096,-0.7035904386161345,-4.308248892809657e-17,4.351205125496936e-17
62.276,0.38819195611365964,0.0,0.6022693165378604,0.7110399458767039,-0.7031516162021203,-4.305561880486074e-17,4.353863968919064e-17
62.292,0.38756653938841995,0.0,0.6023508435995808,0.7114715257671357,-0.7027149265687929,-4.302887927677698e-17,4.3565066335760316e-17
62.298,0.3873322708032585,0.0,0.6023803601995544,0.7116390809093073,-0.7025452430431484,-4.301848915744955e-17,4.357532612918737e-17
62.308,0.38694214696589163,0.0,0.6024282748214702,0.7119252511295259,-0.7022552504639332,-4.300073223325393e-17,4.3592849001397474e-17
62.32,0.38647454042400503,0.0,0.6024836613794842,0.7122800404743042,-0.701895393874275,-4.297869737222008e-17,4.361457358317019e-17
62.321,0.38643560021943796,0.0,0.6024881729983831,0.7123101660906551,-0.7018648212326241,-4.297682533783312e-17,4.361641824515201e-17
62.354,0.38515295868393074,0.0,0.6026280908740105,0.7133524874384435,-0.7008054142666031,-4.291195537033652e-17,4.3680242020264614e-17
62.365,0.38472646330527716,0.0,0.602670864579795,0.7137206472113968,-0.700430466030815,-4.2888996412496325e-17,4.3702785304640725e-17
62.376,0.3843005077967189,0.0,0.6027117067356574,0.7140991269979133,-0.7000445963085624,-4.28653687064841e-17,4.372596050759569e-17
62.384,0.3839910658448278,0.0,0.6027401973730814,0.7143808528693357,-0.6997570986089963,-4.28477645496073e-17,4.3743211241929415e-17
62.401,0.3833344792081716,0.0,0.6027973506753018,0.714997555904277,-0.6991269520272482,-4.280917919989073e-17,4.378097341181768e-17
62.407,0.38310306462891286,0.0,0.6028164223708552,0.715221058032743,-0.6988983031504109,-4.279517849413336e-17,4.379465897012911e-17
62.418,0.3826792473869666,0.0,0.6028498972115375,0.7156387072289256,-0.6984706441331032,-4.276899193179975e-17,4.382023260769268e-17
62.429,0.38225601028504597,0.0,0.6028814447054621,0.7160665505082648,-0.6980320159155986,-4.274213369967061e-17,4.3846430452821655e-17
62.434,0.38206382382096,0.0,0.6028951475997303,0.7162643870865156,-0.6978290104256043,-4.2729703198494064e-17,4.385854444943711e-17
62.45,0.3814496533047226,0.0,0.6029363233448881,0.716911547394593,-0.6971641364931864,-4.268899141183546e-17,4.3898171589428215e-17
62.457,0.3811813542742674,0.0,0.6029530572627035,0.7172014117070377,-0.6968659376418339,-4.267073199839455e-17,4.3915920659549336e-17
62.466,0.3808367614501934,0.0,0.6029734276544743,0.7175800980247374,-0.6964759887597046,-4.264685451587801e-17,4.393910850889193e-17
62.477,0.3804161533156624,0.0,0.6029965768625561,0.7180520863382552,-0.6959893686725961,-4.2617057629274097e-17,4.396800945776116e-17
62.484,0.3801488183568578,0.0,0.6030103075708155,0.7183576694508095,-0.6956739600856148,-4.2597744423450583e-17,4.398672102679431e-17
62.505,0.3793483528508367,0.0,0.6030468335888058,0.7192987196371817,-0.6947009082535527,-4.253816218287362e-17,4.40443437317232e-17
62.516,0.3789299971589615,0.0,0.6030631750492357,0.7198061420802788,-0.694175134835227,-4.250596784618215e-17,4.407541439526092e-17
62.523,0.37866411086045565,0.0,0.6030725758074424,0.7201342140289603,-0.6938347885375103,-4.2485127645977136e-17,4.409550300835306e-17
62.527,0.3785122955822557,0.0,0.6030775991951671,0.720323483859246,-0.6936382908987064,-4.2473095635757074e-17,4.4107092442944794e-17
62.55,0.3776410696554072,0.0,0.6031015689634778,0.7214371002962964,-0.692479971057699,-4.240216900147314e-17,4.417528178320037e-17
62.567,0.3769990255082182,0.0,0.6031139092560083,0.7222877952667626,-0.6915926118812139,-4.234783392271432e-17,4.422737182683198e-17
62.58,0.3765091647062535,0.0,0.603120266058057,0.7229540547113644,-0.6908961099734153,-4.230518548111504e-17,4.4268168451643647e-17
62.587,0.3762457987804463,0.0,0.6031225843048451,0.72331843157617,-0.6905146244231106,-4.228182622820996e-17,4.429048009970202e-17
62.599,0.37579498185248067,0.0,0.6031247608295808,0.7239521983726572,-0.6898501391399416,-4.224113823945429e-17,4.432928712363822e-17
62.61,0.3753824814998557,0.0,0.60312476273096,0.7245432353425989,-0.6892293523343875,-4.220312601073555e-17,4.436547770030906e-17
62.621,0.3749707055357828,0.0,0.6031228596807245,0.7251438774628228,-0.6885973838014363,-4.216442909868352e-17,4.4402256422807326e-17
62.632,0.3745596621353646,0.0,0.6031190532999439,0.7257540847531899,-0.6879542197443516,-4.212504665849175e-17,4.4439620843055546e-17
62.638,0.3743357683309672,0.0,0.6031161754532908,0.726090942183825,-0.6875986792298291,-4.210327608083789e-17,4.446024741176536e-17
62.649,0.37392587312941244,0.0,0.6031094308348142,0.7267158518151855,-0.6869381855163749,-4.206283250523596e-17,4.449851209075546e-17
62.659,0.3735538946251862,0.0,0.60310165139041,0.7272921620129525,-0.6863279908866644,-4.202546886022937e-17,4.453380091270603e-17
62.674,0.372997107581585,0.0,0.6030870423757427,0.7281712173356482,-0.6853952715360095,-4.1968356271865253e-17,4.458762752706666e-17
62.691,0.37236781832419397,0.0,0.6030662258890648,0.7291885217608483,-0.6843128668469043,-4.190207809997051e-17,4.464991945747065e-17
62.701,0.37199852133391437,0.0,0.603051869365474,0.7297973172038549,-0.6836635691639975,-4.186232008351723e-17,4.4687197427001324e-17
62.707,0.3717772568087057,0.0,0.603042505429366,0.7301662677917173,-0.6832695085975329,-4.183819083294768e-17,4.470978913482479e-17
62.715,0.37148260611023215,0.0,0.6030291457988655,0.7306624722029931,-0.6827388605566629,-4.1805698011711414e-17,4.474017289202437e-17
62.737,0.370674513217602,0.0,0.6029872600027439,0.7320520617329419,-0.6812486909437323,-4.171445143937831e-17,4.4825260710523396e-17
62.751,0.3701619720127336,0.0,0.6029566806373723,0.7329553280239313,-0.6802767724399617,-4.165493859514457e-17,4.4880569819125285e-17
62.762,0.369760201514156,0.0,0.6029305157957632,0.7336753175469501,-0.6795002048729506,-4.1607387545881483e-17,4.492465646236452e-17
62.778,0.36917730321954256,0.0,0.6028891035572195,0.7347386168857784,-0.6783503260534143,-4.153697777509386e-17,4.498976476895609e-17
62.782,0.3690318580151702,0.0,0.602878129992493,0.7350073971665196,-0.6780590874772626,-4.151914455559024e-17,4.500622281448028e-17
62.792,0.3686687381080495,0.0,0.6028496113306752,0.7356844937245645,-0.6773243873457024,-4.1474157147367825e-17,4.5047683021106444e-17
62.812,0.3679446319947302,0.0,0.6027879306897304,0.7370606114940312,-0.6758266456599982,-4.138244691930046e-17,4.513194593218781e-17
62.818,0.3677279605302204,0.0,0.6027682208025067,0.7374791113037124,-0.6753699433574807,-4.13544819686534e-17,4.51575716548063e-17
62.828,0.36736742190159366,0.0,0.6027341360148963,0.738182383369282,-0.6746011924709637,-4.130740955302766e-17,4.520063464900778e-17
62.848,0.3666485429221573,0.0,0.60266134153358,0.7396104316990911,-0.6730352214571568,-4.1211521483546855e-17,4.52880773898142e-17
62.855,0.36639763467992204,0.0,0.6026344086742697,0.7401169758390922,-0.6724781498865198,-4.1177410687753024e-17,4.531909427279816e-17
62.864,0.366075576382667,0.0,0.6025986738473695,0.740773337402864,-0.6717550614569441,-4.1133134291214003e-17,4.535928482720598e-17
62.87,0.3658612090689841,0.0,0.6025741594381592,0.7412140798473094,-0.6712687150732608,-4.1103354164111274e-17,4.53862725183979e-17
62.885,0.3653264838825862,0.0,0.6025104571411626,0.7423269590835861,-0.6700378241694388,-4.1027983833838014e-17,4.54544167181251e-17
62.904,0.36465163758569513,0.0,0.6024248203302685,0.7437590319373586,-0.6684478307329624,-4.093062481520571e-17,4.5542105889951014e-17
62.915,0.3642622146327057,0.0,0.6023727185979227,0.7445994776644724,-0.667511511407702,-4.0873291791972714e-17,4.559356834842936e-17
62.932,0.3636622438579931,0.0,0.6022885664043269,0.7459145605052806,-0.6660416416608004,-4.078328822793738e-17,4.567409394800983e-17
62.937,0.36348621633677436,0.0,0.6022629777752617,0.7463050696805988,-0.6656040436844088,-4.075649307988232e-17,4.5698005738589386e-17
62.949,0.36306456280958405,0.0,0.6022000132912936,0.7472491397951921,-0.6645439963428647,-4.069158390069398e-17,4.575581336078976e-17
62.965,0.36250415688534093,0.0,0.6021126578147664,0.7485228288661214,-0.6631090217047715,-4.0603717045824056e-17,4.583380432298088e-17
62.966,0.36246920025219254,0.0,0.6021070691401452,0.7486029972333663,-0.663018515980678,-4.0598175168558275e-17,4.5838713219697846e-17
62.976,0.362120081576205,0.0,0.6020503489874015,0.7494083000683338,-0.6621081481062516,-4.0542431213385133e-17,4.588802379665721e-17
62.993,0.36152846023433,0.0,0.6019504516336978,0.7507923183700326,-0.660538337022577,-4.0446308007440727e-17,4.5972770475814044e-17
63.019,0.36062826507443224,0.0,0.6017892289170376,0.7529451379043486,-0.6580832920734285,-4.029597986050385e-17,4.610459265340615e-17
63.03,0.36024912271332965,0.0,0.601717955243613,0.7538689102964629,-0.6570248595665339,-4.0231169561419746e-17,4.616115739856332e-17
63.042,0.35983668509132855,0.0,0.6016381292682857,0.7548853456464927,-0.6558567792804884,-4.015964527224711e-17,4.6223396113461034e-17
63.054,0.35942548032374105,0.0,0.6015561440509295,0.755910760832084,-0.6546746685631422,-4.0087261866935316e-17,4.6286184684702606e-17
63.06,0.35922034335957875,0.0,0.6015143429480969,0.7564268094839904,-0.6540783453791073,-4.0050747603006036e-17,4.631778355119068e-17
63.071,0.3588450699675345,0.0,0.601436309766651,0.7573786391309485,-0.6529759543720982,-3.9983245622098914e-17,4.637606630771472e-17
63.082,0.35847085261490363,0.0,0.6013564702419709,0.7583378414994971,-0.6518617323864653,-3.991501920268666e-17,4.6434800513233603e-17
63.093,0.35809769889465026,0.0,0.6012748274785428,0.7593043499494014,-0.6507356638051406,-3.984606738849968e-17,4.649398208720981e-17
63.104,0.3577256163825764,0.0,0.6011913846149941,0.7602780972515021,-0.6495977330930548,-3.977638922828931e-17,4.655360691304461e-17
63.119,0.3572199711207297,0.0,0.6010747036425518,0.7616174777685076,-0.6480268648424514,-3.968020128954013e-17,4.6635620316194166e-17
63.125,0.3570182789707239,0.0,0.6010270974854813,0.7621569247917133,-0.6473923246317017,-3.9641346907638885e-17,4.666865191970808e-17
63.135,0.35668284873250916,0.0,0.6009465701662994,0.7630606521442468,-0.6463268841300018,-3.957610749263445e-17,4.672398926018719e-17
63.154,0.3560480404178905,0.0,0.60078949973053,0.7647935758535305,-0.6442753963431866,-3.945049009505379e-17,4.683010023387423e-17
63.177,0.3552840342520217,0.0,0.6005922498968521,0.7669186561370399,-0.6417443220387359,-3.9295506492786304e-17,4.696022387223078e-17
63.191,0.3548213981779244,0.0,0.6004683833916998,0.768226579946195,-0.6401780391923582,-3.919959932906751e-17,4.70403111075513e-17
63.202,0.3544591907309364,0.0,0.600369047259955,0.7692617581975822,-0.6389337582056254,-3.91234090926854e-17,4.7103697494156714e-17
63.208,0.354262105298298,0.0,0.6003141188524507,0.7698291627125219,-0.638249998227448,-3.90815408692524e-17,4.7138441000308844e-17
63.225,0.35370555754413496,0.0,0.6001556381221029,0.7714472736671255,-0.6362932531086269,-3.896172478692683e-17,4.723752172036987e-17
63.227,0.35364026307561575,0.0,0.6001367167446476,0.7716386479180963,-0.6360611582537736,-3.89475130758721e-17,4.7249240013564406e-17
63.242,0.35315178209569675,0.0,0.5999929542443698,0.7730806400065718,-0.6343077518421395,-3.884014789839149e-17,4.733753656334177e-17
63.254,0.35276256562376906,0.0,0.5998755951299702,0.7742426396669494,-0.6328888803901949,-3.875326707929021e-17,4.7408688521576356e-17
63.259,0.35260080602447746,0.0,0.599826080452369,0.774728985805046,-0.6322934433896059,-3.8716807078446955e-17,4.743846863364124e-17
63.276,0.35205265629193694,0.0,0.5996550301679449,0.7763920320460933,-0.6302502777272995,-3.8591699264023385e-17,4.754030084643787e-17
63.288,0.3516674433254418,0.0,0.5995317816076794,0.7775746447660696,-0.6287906422784301,-3.8502322370004386e-17,4.761271499054537e-17
63.293,0.35150735974823616,0.0,0.5994798170009827,0.7780694966551478,-0.6281782059056211,-3.8464821457822294e-17,4.764301592964595e-17
63.311,0.35093312652700603,0.0,0.5992897751156464,0.7798610342846873,-0.6259526876724931,-3.832854776879008e-17,4.775271597082433e-17
63.312,0.3509013199857413,0.0,0.5992790811770841,0.7799610218855884,-0.6258280948784488,-3.832091866046892e-17,4.775883844559422e-17
63.332,0.35026731064302447,0.0,0.5990622026854694,0.7819707311025738,-0.6233151495823812,-3.816704513980584e-17,4.788189764358413e-17
63.34,0.3500148441971151,0.0,0.59897385457316,0.7827798609582737,-0.6222987138650905,-3.8104806402419886e-17,4.7931442557978e-17
63.351,0.34966877126842455,0.0,0.598850890090065,0.7838972281700868,-0.6208905987911678,-3.8018584221514355e-17,4.799986156694896e-17
63.362,0.34932394195616495,0.0,0.5987262087379682,0.7850200962434508,-0.6194702967002721,-3.793161580104247e-17,4.806861740654446e-17
63.386,0.3485759381533523,0.0,0.5984482364783577,0.787488693410951,-0.616329098574709,-3.7739272889544543e-17,4.821977538752262e-17
63.398,0.3482041919330228,0.0,0.5983062055553573,0.788732403809208,-0.6147366876812775,-3.7641765844366135e-17,4.8295930685437207e-17
63.409,0.3478647560959869,0.0,0.5981742333878189,0.7898778615117324,-0.6132641876823173,-3.7551601223842577e-17,4.8366069740884975e-17
63.416,0.34764941793098947,0.0,0.5980893679672594,0.7906094342876875,-0.6123207675845257,-3.749383340369199e-17,4.841086565380581e-17
63.427,0.3473120817133976,0.0,0.5979546231994283,0.7917631455629286,-0.6108282257134953,-3.740244157244445e-17,4.848151009482402e-17
63.443,0.3468237196784088,0.0,0.5977556170075203,0.7934500560473358,-0.6086353658459881,-3.726816763155838e-17,4.8584803571082886e-17
63.45,0.3466109265251002,0.0,0.5976674314613417,0.7941912958286275,-0.6076678250739014,-3.720892284607935e-17,4.863019141736086e-17
63.457,0.3463986625929558,0.0,0.5975785655188858,0.7949344623533859,-0.6066953111430261,-3.714937354245072e-17,4.867569724264981e-17
63.472,0.345945601671494,0.0,0.5973858524469127,0.7965333482880974,-0.6045945956299581,-3.7020741816000826e-17,4.8773600769757117e-17
63.478,0.34576506394409445,0.0,0.5973078962447635,0.797175303363672,-0.60374790741421,-3.6968897115336244e-17,4.8812909181182063e-17
63.494,0.3452855594578673,0.0,0.5970975868461085,0.7988937504468689,-0.6014721735017639,-3.682954860275683e-17,4.891813371717912e-17
63.5,0.3451064719939392,0.0,0.5970178130005996,0.7995405907962531,-0.6006120575456162,-3.677688169012724e-17,4.895774126535075e-17
63.513,0.34471981639957316,0.0,0.5968432756555698,0.8009465178479134,-0.5987358979945183,-3.666200005068015e-17,4.9043829468533276e-17
63.529,0.34424651486506597,0.0,0.596625287112118,0.8026850524966612,-0.5964031409193217,-3.6519159876413757e-17,4.915028401317307e-17
63.534,0.34409919552118784,0.0,0.5965564495599472,0.8032301526650929,-0.5956688021456316,-3.647419459497929e-17,4.9183661771997296e-17
63.54,0.3439227830326271,0.0,0.596473395349012,0.8038853897694153,-0.5947842298811186,-3.6420030165361765e-17,4.9223783473121844e-17
63.558,0.343395982705311,0.0,0.5962212998597013,0.8058582731578664,-0.5921084728181328,-3.6256187299237696e-17,4.9344587739459724e-17
63.568,0.34310490349932954,0.0,0.596079351254143,0.8069588623213305,-0.5906076485460241,-3.6164288317191665e-17,4.941197938927036e-17
63.578,0.3428149647007939,0.0,0.5959360529958329,0.8080626115678018,-0.5890966098919802,-3.607176388463853e-17,4.947956453835797e-17
63.59,0.34246855054091146,0.0,0.595762318378253,0.8093911872209489,-0.5872698749715184,-3.5959908630976815e-17,4.9560916334410563e-17
63.596,0.3422959646890556,0.0,0.5956747259748456,0.810057108681629,-0.5863509876126751,-3.5903643007837595e-17,4.960169226367583e-17
63.607,0.34198063744326523,0.0,0.5955128875532318,0.8112807320013028,-0.5846568000831174,-3.5799903941076184e-17,4.9676617582765856e-17
63.623,0.34152448674703506,0.0,0.5952746013938628,0.8130667788083158,-0.5821704331192622,-3.5647657873886635e-17,4.978598140803265e-17
63.63,0.3413258596975567,0.0,0.5951692792786157,0.8138504341233559,-0.5810744107919614,-3.558054586214049e-17,4.9833966456692584e-17
63.643,0.34095850478580747,0.0,0.5949719555370404,0.8153093362627496,-0.5790256351862106,-3.545509453775279e-17,4.992329844845647e-17
63.675,0.34006274774579415,0.0,0.5944767234172439,0.8189192360559973,-0.5739087774354579,-3.514177736444521e-17,5.014434105980864e-17
63.69,0.3396470580418587,0.0,0.5942399518259194,0.8206200689960067,-0.5714741484625434,-3.499269933550566e-17,5.024848704060199e-17
63.697,0.33945399289188716,0.0,0.5941284517558163,0.8214155928595389,-0.5703301007374695,-3.4922646616276476e-17,5.029719882825799e-17
63.705,0.3392340694137031,0.0,0.5940002408983037,0.8223261248216773,-0.5690164711462782,-3.4842210002570595e-17,5.03529528309057e-17
63.715,0.3389602522791697,0.0,0.5938388067888319,0.8234662796157176,-0.5673652142455059,-3.4741099678665557e-17,5.04227671768584e-17
63.727,0.33863327261566445,0.0,0.5936433739710283,0.8248372904083862,-0.5653701834654457,-3.461893927571549e-17,5.0506717375800296e-17
63.737,0.33836212924074405,0.0,0.5934790910982237,0.8259820703227503,-0.5636963894733965,-3.451644895297574e-17,5.057681492869301e-17
63.75,0.33801147188278596,0.0,0.5932635970272607,0.8274732463730717,-0.561505143820437,-3.438227385422362e-17,5.066812312754258e-17
63.769,0.3375027120152504,0.0,0.5929447431545534,0.8296583765574611,-0.558271419838091,-3.418426536800832e-17,5.080192376184421e-17
63.774,0.33736956935150586,0.0,0.5928600671227899,0.8302344864716292,-0.557414296078949,-3.4131781674602995e-17,5.0837200319961363e-17
63.792,0.33689282754742494,0.0,0.592552597959001,0.8323119844020573,-0.554307460368981,-3.394154285421855e-17,5.096441037949806e-17
63.797,0.33676111615506416,0.0,0.5924664598578855,0.8328900012179478,-0.5534385655799268,-3.388833839310799e-17,5.099980370166974e-17
63.815,0.3362895490641324,0.0,0.592153745664702,0.8349740192694973,-0.5502893667380292,-3.369550557902757e-17,5.112741300347952e-17
63.827,0.3359774362844832,0.0,0.5919430020562317,0.8363659575338617,-0.548171492398562,-3.356582317748633e-17,5.121264464048274e-17
63.839,0.33566714499632344,0.0,0.5917304523796465,0.8377598230240911,-0.546038898730341,-3.343523947700289e-17,5.129799428603532e-17
63.851,0.33535868310057715,0.0,0.5915161034645801,0.8391554892460636,-0.5438915929375997,-3.3303754918709334e-17,5.138345419460615e-17
63.859,0.3351540620505799,0.0,0.5913722080015448,0.8400868711721162,-0.5424518862389957,-3.3215598308701507e-17,5.144048488933235e-17
63.874,0.33477260653664637,0.0,0.5911002640230337,0.841835086268199,-0.5397348307528559,-3.304922664349117e-17,5.1547532190414294e-17
63.89,0.334368910960842,0.0,0.590807126789596,0.8437023053106948,-0.5368113449000674,-3.287021476389267e-17,5.166186638159927e-17
63.899,0.33414328614334743,0.0,0.5906408533961701,0.8447536192825833,-0.5351554192092015,-3.276881855904543e-17,5.172624079612787e-17
63.908,0.3339187122626238,0.0,0.5904735874712352,0.8458055875140711,-0.5334912446610319,-3.266691725736351e-17,5.1790655272502686e-17
63.923,0.3335467666685368,0.0,0.590192613399351,0.8475601746003941,-0.530699303213552,-3.249596014951035e-17,5.189809274545722e-17
63.942,0.33307986257776007,0.0,0.5898327886026706,0.8497846513307432,-0.5271300089756674,-3.227740391132833e-17,5.2034302660837214e-17
63.959,0.33266613363466613,0.0,0.5895071438759231,0.8517764783791884,-0.5239053644313523,-3.2079951380349156e-17,5.2156266891803884e-17
63.962,0.3325935191842693,0.0,0.5894493164089798,0.8521280956826953,-0.5233332671904045,-3.204492052760277e-17,5.217779724206712e-17
63.98,0.33216034106089054,0.0,0.5891000889138013,0.8542383657806156,-0.5198815388417473,-3.183356312391731e-17,5.230701401810484e-17
63.986,0.3320169067982483,0.0,0.5889828204993253,0.8549419561429737,-0.5187236755985074,-3.1762664448183105e-17,5.235009650236348e-17
64.001,0.33166042653395356,0.0,0.5886877785171473,0.856701143152641,-0.5158130972755133,-3.1584442926836983e-17,5.2457815639388014e-17
64.006,0.3315422700096325,0.0,0.5885888390805174,0.8572875731549159,-0.5148378549739273,-3.152472655868547e-17,5.249372412064851e-17
64.029,0.33100308589742367,0.0,0.5881299242075427,0.8599850235978587,-0.5103192718165663,-3.12480431386683e-17,5.2658895323188933e-17
64.036,0.3308404054420955,0.0,0.5879890227255331,0.8608058524938632,-0.5089334772957204,-3.1163187697456806e-17,5.270915659719591e-17
64.045,0.3306322218598582,0.0,0.5878070230952008,0.8618610409453603,-0.5071445021890505,-3.105364456554993e-17,5.277376825517707e-17
64.056,0.33037927204148965,0.0,0.5875832991732988,0.8631503916151791,-0.5049469293446223,-3.0919082038058816e-17,5.2852718213715675e-17
64.069,0.33008246119588114,0.0,0.5873170904742224,0.8646735797442671,-0.5023341522256222,-3.075909558127537e-17,5.294598658705501e-17
64.079,0.3298557206367916,0.0,0.5871109876518593,0.8658447289727351,-0.5003128074616229,-3.0635323911515124e-17,5.3017698794753384e-17
64.091,0.3295854466781983,0.0,0.5868621479802507,0.8672493780076356,-0.49787399645429287,-3.048598980682252e-17,5.3103708741979195e-17
64.108,0.3292059605177085,0.0,0.5865068077159327,0.8692376901505475,-0.4943944154435209,-3.0272926919461735e-17,5.3225457747055343e-17
64.125,0.32883048085270317,0.0,0.5861481839730075,0.8712237800785254,-0.49088606114421834,-3.005810217631595e-17,5.3347070680711185e-17
64.13,0.32872081102590417,0.0,0.586042084708436,0.8718074467231944,-0.4898487275047109,-2.9994583810252415e-17,5.3382809955119334e-17
64.141,0.32848076588121566,0.0,0.5858076759573189,0.8730906755362137,-0.487557865582864,-2.9854308974258495e-17,5.346138505804122e-17
64.149,0.32830725097633146,0.0,0.5856363442833787,0.8740231628708001,-0.48588425655224,-2.9751829977139606e-17,5.3518483439518554e-17
64.16,0.3280701342857002,0.0,0.5853995956500297,0.8753041944116513,-0.48357271143579855,-2.961028866074287e-17,5.359692399832407e-17
64.17,0.3278560509905521,0.0,0.5851832010520357,0.8764675470018495,-0.4814609423957054,-2.948098010096844e-17,5.3668158799617364e-17
64.187,0.32749534984222994,0.0,0.5848127893125443,0.8784423543279773,-0.4778483338076217,-2.925977162376999e-17,5.378908087316113e-17
64.193,0.32736902077483726,0.0,0.5846812952886039,0.8791384176272842,-0.47656651440464737,-2.918128282232312e-17,5.383170245773613e-17
64.209,0.32703464476594696,0.0,0.5843287153146784,0.8809920456997895,-0.47313107635590795,-2.897092291182023e-17,5.3945204442026295e-17
64.215,0.3269101942043716,0.0,0.5841957771973945,0.8816861563758226,-0.47183632930840386,-2.889164252044866e-17,5.398770646290919e-17
64.232,0.32656037973331115,0.0,0.5838169963747633,0.88364964740012,-0.46814880182442375,-2.866584658394746e-17,5.410793561281221e-17
64.24,0.3263971949975567,0.0,0.5836376655342664,0.8845719499658036,-0.46640375784688515,-2.8558993457874254e-17,5.41644103570577e-17
64.25,0.32619450851343573,0.0,0.5834125339428246,0.8857232240899994,-0.4642137118909961,-2.8424891819381e-17,5.423490556561458e-17
64.275,0.32569410827502365,0.0,0.582845028605866,0.8885931331174236,-0.4586962434733478,-2.808704431752752e-17,5.441063681082854e-17
64.288,0.32543748071090123,0.0,0.5825473043067222,0.8900805118062532,-0.4558033375291565,-2.790990491728811e-17,5.45017124883483e-17
64.299,0.32522225578392144,0.0,0.5822939929752146,0.8913362405178825,-0.45334281326546644,-2.7759241259100486e-17,5.457860369571301e-17
64.306,0.3250862139226652,0.0,0.5821321341742375,0.8921339439446518,-0.45177098851272074,-2.7662994751486957e-17,5.462744894312611e-17
64.318,0.32485466723833556,0.0,0.5818534718669315,0.8934988215142824,-0.4490655363670079,-2.7497333585962278e-17,5.471102359046991e-17
64.329,0.32464427151950975,0.0,0.5815967169082469,0.8947469624934976,-0.44657348007764586,-2.7344739148059165e-17,5.4787450183223936e-17
64.337,0.3244923739941796,0.0,0.5814092000561559,0.8956528413052204,-0.4447538508679668,-2.723331899369574e-17,5.4842919262583524e-17
64.346,0.32432261673202045,0.0,0.5811974558943136,0.8966700284831818,-0.44269951436608773,-2.7107527162625853e-17,5.490520401366473e-17
64.364,0.32398669362115834,0.0,0.5807714791661048,0.8986980686184829,-0.43856787554654364,-2.685453724984647e-17,5.5029385656676676e-17
64.369,0.3238942336355781,0.0,0.5806525664529586,0.8992598678472048,-0.4374147803623328,-2.678393053352367e-17,5.506378593803756e-17
64.389,0.32352811057125297,0.0,0.5801743859082354,0.9015000755425402,-0.4327789433380445,-2.6500067384865498e-17,5.520095909721345e-17
64.396,0.323401375988754,0.0,0.5800060714235414,0.9022814302845966,-0.43114756240014,-2.640017411267576e-17,5.524880327640635e-17
64.411,0.32313226913676096,0.0,0.57964374787582,0.9039508423183792,-0.4276363813707771,-2.618517628223395e-17,5.535102528158784e-17
64.422,0.32293706779025116,0.0,0.5793766219939002,0.9051706960025646,-0.4250482456124631,-2.6026698673625048e-17,5.542571977707613e-17
64.433,0.32274368540499515,0.0,0.5791083003043118,0.9063867300776193,-0.4224489265452108,-2.5867536284841387e-17,5.550018038895962e-17
64.445,0.3225348026022444,0.0,0.5788142296808083,0.9077088394066325,-0.41960059921676035,-2.5693126537555848e-17,5.558113623685457e-17
64.461,0.322259677858353,0.0,0.5784199488891497,0.9094641734099174,-0.41578229553916296,-2.5459322868708737e-17,5.568861944528243e-17
64.476,0.32200527360714726,0.0,0.578048057707211,0.911101788654001,-0.412181429362702,-2.5238833406850694e-17,5.578889445862753e-17
64.481,0.3219212322726324,0.0,0.5779236124869671,0.9116458931675631,-0.41097659966318784,-2.5165058865099308e-17,5.58222112511743e-17
64.492,0.3217376820527713,0.0,0.5776489901523124,0.9128397453856087,-0.40831801239271454,-2.500226734554736e-17,5.589531361604853e-17
64.501,0.321588878220587,0.0,0.5774234409314452,0.9138132281835166,-0.4061346870150594,-2.486857722378523e-17,5.595492224567268e-17
64.522,0.3212464908082642,0.0,0.5768941774482481,0.9160728018027605,-0.4010119970739533,-2.4554902931815235e-17,5.609328122568492e-17
64.525,0.32119813061771135,0.0,0.5768182295944161,0.9163942104872179,-0.4002769678429033,-2.4509895372060977e-17,5.611296183151686e-17
64.534,0.321053880374917,0.0,0.5765898808816652,0.917356311657468,-0.3980670765866056,-2.4374578559386545e-17,5.6171873537447e-17
64.552,0.32076912400463625,0.0,0.5761309226971552,0.9192707744099993,-0.3936257655637398,-2.410262669297802e-17,5.628910057154571e-17
64.56,0.32064417182402416,0.0,0.575925979932264,0.9201173899063294,-0.39164267999282676,-2.3981197723135322e-17,5.634094081943018e-17
64.568,0.3205202103239023,0.0,0.5757204492954511,0.9209613330915418,-0.3896539784863618,-2.385942487641773e-17,5.63926174354518e-17
64.588,0.32021465110174513,0.0,0.5752040680935401,0.9230592564478716,-0.3846577817825899,-2.355349606135849e-17,5.652107819161109e-17
64.595,0.32010917500529923,0.0,0.5750224781942548,0.9237894221384906,-0.38290090564666174,-2.344591842454035e-17,5.656578794540427e-17
64.618,0.31976799330647443,0.0,0.5744227286915803,0.9261731293912897,-0.3770985738418344,-2.3090628070921715e-17,5.671174791826652e-17
64.631,0.31957881226468926,0.0,0.5740816567656166,0.9275097514800972,-0.3737989578761937,-2.2888584864384848e-17,5.679359241640291e-17
64.638,0.3194780436107228,0.0,0.573897384754865,0.9282262016038837,-0.37201628815957277,-2.2779427826265008e-17,5.683746233394509e-17
64.648,0.31933542422643024,0.0,0.573633393180691,0.929245671524063,-0.3694624229252457,-2.2623048682031394e-17,5.689988686267383e-17
64.664,0.31911050868425717,0.0,0.573209193572047,0.9308667997731475,-0.3653587293060056,-2.23717699192572e-17,5.699915233873625e-17
64.677,0.3189307402114771,0.0,0.5728629012033236,0.9321747105104343,-0.3620087141006248,-2.2166640649338974e-17,5.70792387736357e-17
64.682,0.3188623102456437,0.0,0.5727293253587653,0.9326755077991585,-0.36071650523864546,-2.2087515677006332e-17,5.710990376346859e-17
64.696,0.3186728139526222,0.0,0.5723541782789063,0.9340710053831913,-0.3570873239173217,-2.1865292412572104e-17,5.719535334594376e-17
64.701,0.3186058904817115,0.0,0.5722197939433681,0.9345669657437636,-0.35578727709193714,-2.1785687503399663e-17,5.722572215934771e-17
64.731,0.3182127044816066,0.0,0.5714090768365825,0.9375152609842179,-0.347944155607899,-2.1305434822362105e-17,5.74062531758059e-17
64.744,0.3180467839822888,0.0,0.5710554416367274,0.9387779266083287,-0.3445228650074875,-2.1095941193224763e-17,5.748356914655393e-17
64.754,0.31792099338406976,0.0,0.5707824690722512,0.9397429271855293,-0.3418818959886192,-2.0934228480444542e-17,5.754265838995614e-17
64.766,0.31777216137632275,0.0,0.5704538250364145,0.9408936148304211,-0.3387022373285172,-2.0739530540420787e-17,5.76131176870129e-17
64.777,0.31763776419216266,0.0,0.5701515434341142,0.9419413101165424,-0.33577755776098517,-2.05604455668753e-17,5.76772705209444e-17
64.783,0.31756527720457756,0.0,0.5699862521610124,0.9425098842022535,-0.33417827305355263,-2.046251762198117e-17,5.771208564265161e-17
64.794,0.31743389101107783,0.0,0.5696824704954536,0.9435469025767939,-0.3312389509670296,-2.0282536052734995e-17,5.777558470430351e-17
64.805,0.3173044574345002,0.0,0.5693777274019891,0.9445769001775677,-0.3282902369107821,-2.0101979391205776e-17,5.783865386754936e-17
64.812,0.317223108803688,0.0,0.5691833027169715,0.9452286576757988,-0.32640892253185666,-1.998678210958873e-17,5.787856250425082e-17
64.823,0.31709687765025746,0.0,0.5688770020225059,0.9462469781462537,-0.32344498195069166,-1.98052930923094e-17,5.794091664948325e-17
64.839,0.3169167709271662,0.0,0.5684297936245485,0.9477152053065638,-0.319117360277904,-1.9540302690834393e-17,5.8030819634098e-17
64.856,0.31672996562667227,0.0,0.567952475445143,0.9492580928796365,-0.3144981289332506,-1.9257456346796844e-17,5.812529425048838e-17
64.859,0.3166974883522587,0.0,0.5678680138674803,0.9495285147863076,-0.3136807287796124,-1.9207405022708067e-17,5.814185281660959e-17
64.874,0.3165373033903081,0.0,0.5674446843482294,0.950872188401143,-0.309583722642553,-1.8956535750116226e-17,5.822412909618494e-17
64.885,0.3164221695434093,0.0,0.5671331681632515,0.9518485258583912,-0.30656872609776686,-1.877192045671559e-17,5.828391252328028e-17
64.892,0.3163499329312349,0.0,0.5669344610273948,0.952465812705421,-0.30464549172341593,-1.865415631568764e-17,5.832171044134881e-17
64.908,0.31618783485510904,0.0,0.5664789134287488,0.9538648865606723,-0.3002362039904511,-1.8384165310252885e-17,5.840737900727902e-17
64.914,0.31612813070688894,0.0,0.5663075988483082,0.9543852429062993,-0.29857797662031954,-1.828262816819838e-17,5.843924164393343e-17
64.931,0.3159621815688741,0.0,0.5658207873373838,0.9558467033273025,-0.2938657512169933,-1.7994087580346165e-17,5.852873028526653e-17
64.942,0.3158573372523831,0.0,0.5655046826692673,0.9567820999025722,-0.29080579998690576,-1.7806719606372477e-17,5.858600680635841e-17
64.954,0.315745236886555,0.0,0.5651588577380878,0.957793232366928,-0.2874580387328067,-1.760172835116538e-17,5.864792081315778e-17
64.965,0.31564456697146004,0.0,0.5648409580686816,0.9587114927432708,-0.28438050861824093,-1.7413283980961253e-17,5.870414804469137e-17
64.972,0.31558154589603726,0.0,0.5646382168414401,0.959291514284319,-0.2824177590416337,-1.7293100231635258e-17,5.873966412087544e-17
64.987,0.3154492325651469,0.0,0.5642026254208531,0.9605229806352611,-0.27820065361453394,-1.7034876998487025e-17,5.881506968712238e-17
64.999,0.3153460678917168,0.0,0.56385303753671,0.9614968173735134,-0.2748160660889472,-1.6827630784504833e-17,5.887469998934202e-17
65.01,0.31525360096730926,0.0,0.5635317205605535,0.9623805560528471,-0.2717051072972547,-1.6637139498178558e-17,5.892881337658846e-17
65.021,0.31516314618297225,0.0,0.5632095873836296,0.9632556599562391,-0.26858617529997764,-1.6446159993817376e-17,5.898239803629897e-17
65.032,0.3150747062016473,0.0,0.562886645553825,0.9641220534075446,-0.26545934930459614,-1.625469712148064e-17,5.903544933464615e-17
65.039,0.31501947644660566,0.0,0.5626807195417541,0.9646688251633441,-0.26346547735514336,-1.613260767644029e-17,5.906892944867635e-17
65.043,0.31498828365015247,0.0,0.562562902632673,0.9649796614244264,-0.2623247091625177,-1.6062755770656882e-17,5.908796268028602e-17
65.066,0.3148141124563351,0.0,0.561883430360262,0.9667441260679432,-0.2557455663606481,-1.5659899461984735e-17,5.91960049791806e-17
65.072,0.3147701317843689,0.0,0.5617056147817238,0.9671979679054004,-0.25402379982919726,-1.555447166840372e-17,5.922379477685865e-17
65.089,0.314648795716538,0.0,0.5612005583620717,0.968469188874982,-0.24913335826387137,-1.5255018487934045e-17,5.930163461142901e-17
65.094,0.31461403117319503,0.0,0.5610516648690219,0.9688389243411979,-0.24769162012751003,-1.5166737488238864e-17,5.932427437919064e-17
65.1,0.31457286780275934,0.0,0.5608727859519809,0.9692800986611246,-0.2459595298814022,-1.506067754945235e-17,5.935128851512885e-17
65.111,0.3144989727521439,0.0,0.560544259488232,0.9700817753850987,-0.24277839497305967,-1.4865889215294468e-17,5.940037705682713e-17
65.128,0.3143887753224037,0.0,0.5600350713901961,0.9713024075034827,-0.23784792027246815,-1.4563984712276648e-17,5.947511921766291e-17
65.139,0.3143200654230127,0.0,0.5597046600884571,0.9720802688747808,-0.23464856885208973,-1.436808093846095e-17,5.952274948958994e-17
65.151,0.31424743709677383,0.0,0.5593433826836143,0.972918034178557,-0.2311503812891773,-1.4153878728374063e-17,5.957404781947525e-17
65.157,0.31421203473976206,0.0,0.5591624227214075,0.9733326602324793,-0.22939819642875353,-1.404658834933244e-17,5.95994363429642e-17
65.179,0.3140874335444901,0.0,0.5584970942813852,0.9748284732267096,-0.2229561566462841,-1.3652127179353385e-17,5.969102847273956e-17
65.195,0.3140019615104202,0.0,0.55801145984269,0.9758919543748756,-0.21825419443022334,-1.3364215030472854e-17,5.975614791194231e-17
65.205,0.31395074580392357,0.0,0.5577071981205559,0.9765461029394612,-0.21530840400168144,-1.3183837389509217e-17,5.979620295923164e-17
65.21,0.3139257744102809,0.0,0.5575548559981991,0.9768701221468044,-0.21383349704124335,-1.3093525385102185e-17,5.98160434134884e-17
65.222,0.31386757563115975,0.0,0.5571886656290485,0.977639415413479,-0.21028831025520914,-1.287644530260737e-17,5.986314904032033e-17
65.239,0.3137893185634537,0.0,0.5566685365102917,0.9787089323344681,-0.20525307736724796,-1.2568126210647213e-17,5.99286380640165e-17
65.244,0.313767237850487,0.0,0.5565152576826705,0.9790189348497774,-0.20376929406956124,-1.2477270687340195e-17,5.994762024342155e-17
65.251,0.31373704025603233,0.0,0.5563004408589481,0.9794494368972275,-0.2016898623176283,-1.2349942215387695e-17,5.997398089114335e-17
65.273,0.31364757228754364,0.0,0.5556236034200378,0.9807756884248461,-0.19513853795385808,-1.1948789294774329e-17,6.005519037555148e-17
65.279,0.3136246054380207,0.0,0.555438569800291,0.9811303053076806,-0.1933476764971777,-1.183913065724233e-17,6.007690439707583e-17
65.29,0.3135840968221815,0.0,0.5550988571124875,0.9817724941672926,-0.19005991080849566,-1.1637813070892783e-17,6.011622712364441e-17
65.3,0.31354906578987735,0.0,0.5547894889996811,0.9823473432549862,-0.1870660236383678,-1.1454490353897512e-17,6.015142647840626e-17
65.321,0.313481070959219,0.0,0.5541381738058919,0.9835265637440608,-0.18076365345334186,-1.1068581480190825e-17,6.022363290827796e-17
65.337,0.31343433669771154,0.0,0.5536404677202612,0.9843994000216708,-0.17594834820757604,-1.0773729072383598e-17,6.027707871595571e-17
65.352,0.3133945116180493,0.0,0.5531727406538114,0.9851974017332304,-0.17142368453073115,-1.0496673327930278e-17,6.032594222804448e-17
65.354,0.31338949344541267,0.0,0.5531102957039398,0.9853023116624555,-0.170819655287737,-1.0459687203979068e-17,6.03323661084957e-17
65.364,0.3133654332221054,0.0,0.5527977870717479,0.9858215807322172,-0.16779693371046034,-1.0274598888762793e-17,6.036416216870469e-17
65.376,0.31333882955470305,0.0,0.5524221584409614,0.986433046515445,-0.16416407872082728,-1.0052150677021763e-17,6.040160364941559e-17
65.386,0.31331855163215283,0.0,0.5521086263278816,0.9869328434523275,-0.1611321275075324,-9.866497209595137e-18,6.043220738536443e-17
65.398,0.3132964899004858,0.0,0.5517317867871546,0.9875208357254475,-0.15748840912306478,-9.643383806768505e-18,6.046821152812443e-17
65.422,0.3132598082429408,0.0,0.5509761802423022,0.988658084125597,-0.15018386295838876,-9.196109352778777e-18,6.053784790877835e-17
65.437,0.31324192591777567,0.0,0.5505026507643377,0.9893424647661433,-0.1456073054844862,-8.915876029702343e-18,6.057975413682052e-17
65.443,0.31323586023873906,0.0,0.5503129699195518,0.989610499132054,-0.14377433709673937,-8.803639086252721e-18,6.059616650823422e-17
65.46,0.3132220503723565,0.0,0.5497747207525537,0.9903521053352461,-0.13857383395881653,-8.485200110162073e-18,6.064157679138258e-17
65.466,0.313218368509506,0.0,0.5495844650026978,0.9906075363941106,-0.13673590910653607,-8.372659670791141e-18,6.065721743281463e-17
65.473,0.31321485956686085,0.0,0.5493623144524777,0.9909013625675426,-0.13459008010172047,-8.241265539677892e-18,6.067520909695459e-17
65.483,0.31321131675031266,0.0,0.5490446138770924,0.9913132915634175,-0.1315217015161484,-8.053381539008236e-18,6.07004324732683e-17
65.502,0.3132093525118716,0.0,0.5484398920501566,0.9920705028069772,-0.12568260603723735,-7.695840059600026e-18,6.07467982895535e-17
65.509,0.3132102043304556,0.0,0.5482167460797571,0.992341035776504,-0.12352841257789716,-7.563933753363771e-18,6.076336365631324e-17
65.514,0.3132113324010745,0.0,0.5480572413542862,0.9925314824651194,-0.12198875487352276,-7.469656909391537e-18,6.077502515269429e-17
65.527,0.3132162926576515,0.0,0.5476420874232439,0.9930157312290199,-0.11798202206986849,-7.224315284239842e-18,6.080467683762938e-17
65.553,0.3132350032716578,0.0,0.5468099105544892,0.993936740028378,-0.10995343024099132,-6.73270581999509e-18,6.08610723615354e-17
65.565,0.3132475944809906,0.0,0.5464250117915163,0.9943403642203559,-0.10624142356976435,-6.505410965578504e-18,6.088578721527361e-17
65.577,0.3132626854366703,0.0,0.5460396114312784,0.9947303768516177,-0.1025254961882099,-6.277876036894271e-18,6.090966860129871e-17
65.59,0.3132818560450699,0.0,0.5456215404449687,0.9951374824137271,-0.09849563998101155,-6.031118511635793e-18,6.093459662747632e-17
65.607,0.3133113557606124,0.0,0.5450739845776513,0.9956455904158413,-0.09321940938179486,-5.708042565891092e-18,6.096570926939683e-17
65.61,0.3133170829960324,0.0,0.5449772593445754,0.9957323950067879,-0.09228758060565911,-5.6509845094886894e-18,6.097102451761954e-17
65.627,0.3133524929787143,0.0,0.5444286086010396,0.9962080277227251,-0.08700324994388481,-5.327412577959784e-18,6.100014862177665e-17
65.634,0.3133685343477633,0.0,0.5442024308083812,0.9963958266347872,-0.08482544821443133,-5.194060682102145e-18,6.101164798860366e-17
65.643,0.31339041141695884,0.0,0.5439114103505273,0.9966303667480558,-0.08202385065111119,-5.0225123076811926e-18,6.102600942855296e-17
65.661,0.31343839369859905,0.0,0.5433286421628766,0.997076054398925,-0.07641558574186261,-4.679105124187108e-18,6.105329992630578e-17
65.673,0.31347351472435847,0.0,0.5429396055233093,0.9973558091071768,-0.07267317276800801,-4.4499484207111805e-18,6.107042996170614e-17
65.678,0.31348888835520966,0.0,0.5427773860915333,0.9974682635940555,-0.07111303061085089,-4.354417265762315e-18,6.107731581307642e-17
65.684,0.31350791128074923,0.0,0.5425826304884547,0.9976000134828736,-0.06924025634679776,-4.2397429153624044e-18,6.108538316705788e-17
65.714,0.3136124300502602,0.0,0.5416073872325158,0.9982063568346106,-0.05986709592901777,-3.6658023701859574e-18,6.112251098930233e-17
65.729,0.31367056845558405,0.0,0.5411188847396977,0.9984766901191031,-0.05517516913250438,-3.3785047135267666e-18,6.113906412888017e-17
65.741,0.3137199017513353,0.0,0.5407276786711048,0.998677152409431,-0.051419308196339775,-3.1485245598509383e-18,6.115133890399016e-17
65.752,0.313767328246996,0.0,0.5403687673435759,0.9988485486043973,-0.047974753265534,-2.9376064013260123e-18,6.116183389406773e-17
65.757,0.313789582810136,0.0,0.5402055314220962,0.9989225430398889,-0.04640854454431002,-2.841703776463831e-18,6.11663647464967e-17
65.775,0.31387330679786185,0.0,0.5396174078432411,0.9991686482912792,-0.04076778472983345,-2.496306853885944e-18,6.118143434691513e-17
65.783,0.3139123300375208,0.0,0.5393557878647637,0.9992678312853279,-0.038259657059590446,-2.3427283277251437e-18,6.118750755372471e-17
65.804,0.31402007327434445,0.0,0.5386683860784971,0.9994982872607641,-0.031672918444613174,-1.9394069096425345e-18,6.120161891235782e-17
65.806,0.31403073541267224,0.0,0.5386028716452637,0.9995179750874987,-0.03104540991815414,-1.9009830942242478e-18,6.120282444405746e-17
65.817,0.31409062336799903,0.0,0.5382423992475469,0.9996192253220644,-0.027593556612294186,-1.689618039116868e-18,6.120902423284115e-17
65.827,0.31414689700437176,0.0,0.5379144919626184,0.999700937728866,-0.02445475626592528,-1.4974219492497036e-18,6.121402767471317e-17
65.838,0.31421081096771764,0.0,0.5375535758597555,0.9997794473550974,-0.0210013486789813,-1.2859617218745972e-18,6.121883500283648e-17
65.861,0.3143512631170776,0.0,0.5367982298485113,0.9999050707121331,-0.013778590790212028,-8.43695355399718e-19,6.122652721494108e-17
65.872,0.3144216943008731,0.0,0.5364366582164524,0.9999467112422494,-0.010323501141060837,-6.321321314197101e-19,6.122907696203717e-17
65.887,0.3145211340739773,0.0,0.5359432926168934,0.9999842553220917,-0.005611515652814338,-3.4360623412921745e-19,6.123137587389746e-17
65.892,0.3145551516448716,0.0,0.5357787602242763,0.9999918360648777,-0.004040767698680517,-2.474256614143556e-19,6.123184006051686e-17
65.905,0.31464563511146787,0.0,0.5353508032438474,0.9999999990636835,4.3273928093731645e-05,2.6497638763260593e-21,6.123233990003482e-17
65.911,0.31468838935547383,0.0,0.5351532032618037,0.9999981409697697,0.0019282263883374936,1.1806981372544864e-19,6.123222612459661e-17
65.933,0.31485051742768033,0.0,0.5344282560303275,0.9999609314612232,0.00883943161084666,5.412590814252647e-19,6.122994769931964e-17
65.935,0.314865674123308,0.0,0.5343623209479242,0.9999551805027327,0.009467681117738375,5.797282688093068e-19,6.122959555467427e-17
65.95,0.31498156820903833,0.0,0.5338676544063813,0.9998994701574844,0.014179195279772629,8.682253056929404e-19,6.122618427987488e-17
65.961,0.3150690453017839,0.0,0.5335047350338638,0.9998445125187327,0.017633796703426508,1.079758634483321e-18,6.122281909505558e-17
65.967,0.31511764722001745,0.0,0.5333067238841043,0.9998095076644352,0.019517899062132266,1.1951266306260703e-18,6.122067566591708e-17
65.984,0.3152587523816253,0.0,0.53274549452466,0.9996910631846713,0.024855144109449983,1.5219386337992057e-18,6.12134230332661e-17
65.996,0.3153613809115218,0.0,0.5323491690256146,0.999590320478146,0.028621516493669272,1.7525624280357626e-18,6.120725432161193e-17
66.001,0.31540488139645817,0.0,0.5321839963886814,0.9995441619980173,0.03019053188801669,1.848636912060787e-18,6.120442792986477e-17
66.015,0.31552899340282614,0.0,0.5317214055865963,0.9994018393692331,0.034582704714835336,2.1175799317440586e-18,6.119571318227543e-17
66.024,0.3156105772925987,0.0,0.5314239481020767,0.9993001756427691,0.03740533331399252,2.29041608570104e-18,6.118948807441525e-17
66.03,0.3156657478664817,0.0,0.5312256119980371,0.999227981386338,0.039286654408136716,2.4056137785066443e-18,6.118506745116249e-17
66.031,0.31567500371985446,0.0,0.5311925536748686,0.999215605517022,0.03960017286895456,2.424811247482353e-18,6.118430964772527e-17
66.048,0.3158350084506713,0.0,0.5306304688694298,0.9989902116024545,0.044928355439334676,2.7510683339867893e-18,6.117050825092415e-17
66.064,0.315990180771785,0.0,0.5301013051647532,0.9987522167545456,0.04994005934999677,3.0579466916101197e-18,6.115593526948888e-17
66.076,0.31610947262453304,0.0,0.5297043569778181,0.998557292072268,0.053696689370010146,3.2879739380896316e-18,6.114399957507758e-17
66.092,0.31627240956347014,0.0,0.5291750122661528,0.9982755271419813,0.05870240122345359,3.5944853880283056e-18,6.112674644907821e-17
66.116,0.3165251253769935,0.0,0.5283808736196283,0.9978061352875957,0.06620359795685113,4.053801216494799e-18,6.109800448747724e-17
66.128,0.31665521996889623,0.0,0.5279837724558529,0.9975504580845961,0.06995057952020427,4.283237665396028e-18,6.108234877406383e-17
66.129,0.31666617356448845,0.0,0.5279506802235774,0.9975285214963668,0.07026271273778363,4.3023503126868345e-18,6.108100554543587e-17
66.149,0.31688887418719225,0.0,0.5272888345383535,0.997069468569761,0.07650146956767821,4.684363991806288e-18,6.105289666057551e-17
66.16,0.31701430405906117,0.0,0.5269248296651778,0.9968005216976069,0.07992946855433622,4.8942683911308436e-18,6.103642841426931e-17
66.172,0.3171535180636298,0.0,0.5265277538050916,0.9964938317128268,0.08366626176833968,5.123080983561088e-18,6.101764906885973e-17
66.186,0.317319072942372,0.0,0.5260645391797328,0.9961185372316292,0.08802192785618417,5.3897886101927595e-18,6.099466890960292e-17
66.207,0.31757373691581203,0.0,0.5253698341977445,0.995520394727132,0.09454704481016472,5.78933678978048e-18,6.09580432444246e-17
66.218,0.31771016182196166,0.0,0.5250060135605167,0.9951902803573943,0.09796073643134263,5.998365115638064e-18,6.0937829569112e-17
66.22,0.31773518996153005,0.0,0.5249398706020091,0.995129021737744,0.0985810838613611,6.036350440364633e-18,6.093407856048825e-17
66.229,0.3178486676325505,0.0,0.524642253289086,0.9948486528580297,0.10137138603453914,6.2072071716164535e-18,6.091691091793212e-17
66.241,0.31800213640040687,0.0,0.5242455022639952,0.9944628733890384,0.1050885029430782,6.434814937821396e-18,6.089328873833827e-17
66.258,0.31822378280138874,0.0,0.5236835982681873,0.9938930399316603,0.1103477465805402,6.756850732149092e-18,6.085839650235702e-17
66.265,0.3183164900278944,0.0,0.5234522866686406,0.9936504831380645,0.11251096550777151,6.889309688903532e-18,6.084354418231259e-17
66.271,0.3183966219591431,0.0,0.5232540501036236,0.9934389102652552,0.11436403093185456,7.002777220914229e-18,6.083058908023897e-17
66.298,0.3187648456763011,0.0,0.5223623702493644,0.992445099225552,0.12268954732651068,7.51256807111245e-18,6.076973570480249e-17
66.318,0.3190456429867822,0.0,0.5217023228538824,0.9916651410488552,0.12884194980111952,7.889294070992249e-18,6.072197704057445e-17
66.32,0.31907409853858215,0.0,0.5216363416459335,0.9915851050607276,0.12945647693995754,7.926923005670608e-18,6.07170762497406e-17
66.342,0.31939161418409906,0.0,0.5209108541776469,0.9906803409010735,0.13620742326368573,8.340299245999074e-18,6.066167542313542e-17
66.345,0.31943555115677136,0.0,0.5208119695502291,0.9905535127451034,0.13712672382995364,8.39659017079579e-18,6.065390943837289e-17
66.356,0.3195979649507565,0.0,0.5204494915588442,0.9900814181097544,0.14049478820859415,8.602824633827006e-18,6.062500197916916e-17
66.375,0.31988334779418226,0.0,0.5198237784859544,0.9892399572983646,0.1463021082702842,8.958420430085652e-18,6.057347736470533e-17
66.38,0.31995946854615326,0.0,0.5196592024873367,0.98901306400071,0.1478281408796291,9.051862977607088e-18,6.055958415716929e-17
66.386,0.3200513739546654,0.0,0.5194617602146906,0.9887378019979369,0.14965814010700643,9.163918112419577e-18,6.054272922063815e-17
66.394,0.32017486511969595,0.0,0.5191985890146708,0.9883657238979036,0.1520960085727862,9.313194503087552e-18,6.051994600792622e-17
66.406,0.32036213730203955,0.0,0.5188040209739817,0.9877967948746114,0.15574816864234728,9.536824810045638e-18,6.048510915256037e-17
66.437,0.3208572109763215,0.0,0.5177858367990436,0.9862674074984622,0.16515629236048623,1.0112906239915697e-17,6.03914611848175e-17
66.448,0.3210367875253462,0.0,0.5174249576345326,0.985704196110232,0.1684851262595053,1.0316738528882041e-17,6.035697443362553e-17
66.457,0.3211852327720208,0.0,0.5171298625674681,0.9852354464584877,0.1712048919912761,1.048327614877423e-17,6.032827179559503e-17
66.467,0.3213517736849394,0.0,0.5168021639886059,0.9847062681215343,0.17422274685631914,1.0668066463812542e-17,6.029586896776862e-17
66.493,0.32179265858487227,0.0,0.5159511002587434,0.9832895650878014,0.1820484308898112,1.1147251408950271e-17,6.020912092598846e-17
66.499,0.32189601498279097,0.0,0.5157549043781458,0.9829543095754831,0.1838500075795081,1.1257566165273061e-17,6.018859244648559e-17
66.516,0.3221921386290121,0.0,0.5151994494313267,0.9819875968136739,0.1889453881525172,1.1569568240731722e-17,6.012939836201337e-17
66.522,0.32229780945820163,0.0,0.5150035634478721,0.981640494437943,0.19074050351100294,1.1679487354625211e-17,6.01081444713426e-17
66.531,0.3224574458155536,0.0,0.5147098922932187,0.9811140899032795,0.19342994233897615,1.1844167987234211e-17,6.007591148992099e-17
66.542,0.32265439677998375,0.0,0.5143512237498575,0.980461375223162,0.19671169689549683,1.2045117497895727e-17,6.003594424273286e-17
66.552,0.3228351973297068,0.0,0.5140254186063411,0.9798591363037955,0.19968994216529784,1.2227482424732605e-17,5.999906774448666e-17
66.566,0.32309112103760596,0.0,0.5135697145280052,0.9790019084911515,0.2038510808670949,1.2482278684330802e-17,5.994657767964194e-17
66.584,0.323424962867039,0.0,0.5129845585770839,0.9778757780309505,0.20918643058373368,1.2808974631971472e-17,5.987762207646655e-17
66.595,0.32363162942650675,0.0,0.5126273918021023,0.977174409945025,0.21243863242967906,1.3008114561012378e-17,5.983467566739393e-17
66.607,0.32385937461044434,0.0,0.5122381372513545,0.9763979670472278,0.21597918868733784,1.3224911105419526e-17,5.978713225191852e-17
66.618,0.3240702379082831,0.0,0.5118816791600116,0.9756759236247708,0.2192179099867308,1.3423225589051123e-17,5.974291984361066e-17
66.627,0.32424425225426473,0.0,0.5115902924165133,0.9750778753808808,0.22186287869471913,1.3585183212155264e-17,5.970629995022987e-17
66.645,0.32459629690901975,0.0,0.5110082412035378,0.9738622563369814,0.22713939702800026,1.3908276776530018e-17,5.963186475167517e-17
66.652,0.32473464709389827,0.0,0.5107821538730145,0.9733825342140763,0.2291864788485188,1.4033624386484555e-17,5.960249024356038e-17
66.668,0.32505390694438774,0.0,0.5102659568113299,0.9722714699570537,0.23385505918741648,1.431949248491422e-17,5.953445717925989e-17
66.673,0.32515453933992444,0.0,0.5101048118789071,0.9719201335403599,0.23531097300994896,1.440864149504416e-17,5.95129440283535e-17
66.68,0.32529611476681236,0.0,0.5098793445930151,0.9714249792927615,0.23734681292584894,1.453330073687333e-17,5.948262457513321e-17
66.703,0.325766950457136,0.0,0.5091396611078397,0.9697712803124819,0.24401570416899307,1.494165255261224e-17,5.938136471698558e-17
66.72,0.32612052440696415,0.0,0.5085940907970605,0.9685228816951374,0.24892454204627307,1.5242232182309453e-17,5.930492234844604e-17
66.732,0.3263729468904544,0.0,0.5082095896385207,0.9676284611767386,0.25237900293157667,1.5453756905607793e-17,5.92501548871986e-17
66.744,0.32662771574326943,0.0,0.5078256025354493,0.9667232234144723,0.2558245674502986,1.5664736883563217e-17,5.919472506079726e-17
66.75,0.3267559787536924,0.0,0.5076338048959045,0.9662665772551035,0.2575439800882698,1.5770020542738464e-17,5.916676354792656e-17
66.762,0.3270142593056607,0.0,0.5072506077143815,0.9653452893209342,0.2609759996357556,1.5980171130410443e-17,5.911035093194288e-17
66.77,0.3271877442839514,0.0,0.5069954418360992,0.9647252128500465,0.263258928987095,1.6119960236550313e-17,5.907238219867793e-17
66.781,0.32742797888169833,0.0,0.5066449854604874,0.9638649809800254,0.26639125068285446,1.6311759623480894e-17,5.901970818837063e-17
66.794,0.327714415292743,0.0,0.5062314115838182,0.9628370511955349,0.2700829740007446,1.6537812480710486e-17,5.89567656423544e-17
66.804,0.3279366074356676,0.0,0.5059137290255288,0.9620380853307222,0.2729152292804454,1.6711238098843175e-17,5.890784309290586e-17
66.81,0.3280706963941231,0.0,0.5057233104911388,0.9615552885115045,0.2746114111532099,1.6815099283905815e-17,5.887828031394118e-17
66.821,0.3283180310223519,0.0,0.5053745867450988,0.9606635527510009,0.27771485090975057,1.7005130162115523e-17,5.882367724670188e-17
66.845,0.3288644150189026,0.0,0.5046154609649014,0.9586885965225682,0.28445768560119516,1.741800970821839e-17,5.870274605552157e-17
66.85,0.32897940674038667,0.0,0.5044576132543914,0.9582721374011333,0.28585750065489557,1.7503723659464014e-17,5.867724528901952e-17
66.863,0.3292802556048045,0.0,0.5040477083655324,0.9571813556507741,0.2894889503842009,1.772608582382693e-17,5.861045417006224e-17
66.868,0.329396685152105,0.0,0.503890246595668,0.9567587724798031,0.2908825386353403,1.781141849338129e-17,5.858457841367709e-17
66.881,0.3297012666321119,0.0,0.5034813571842062,0.9556521943781408,0.2944976797535836,1.8032782043327422e-17,5.851682004716671e-17
66.894,0.3300085366903044,0.0,0.5030732161122695,0.9545343660070654,0.2981008958582473,1.8253415396788052e-17,5.844837280033504e-17
66.918,0.3305828473237418,0.0,0.5023217330398779,0.952441578336289,0.30472124943344336,1.865879513754243e-17,5.832022651421947e-17
66.935,0.3309951609215082,0.0,0.5017910443160285,0.9509367304968209,0.30938541431686223,1.894439286730115e-17,5.822808115972906e-17
66.941,0.3311417712473884,0.0,0.5016040676491383,0.9504012290192468,0.31102653243526523,1.90448823698374e-17,5.819529115120656e-17
66.958,0.331560241923812,0.0,0.5010752366351864,0.9488717329063973,0.31566189901730396,1.9328716712215817e-17,5.810163652526108e-17
66.96,0.33160977212927445,0.0,0.5010131131006137,0.9486906124869736,0.3162058218614749,1.936202238072067e-17,5.809054609816571e-17
66.97,0.33185836363823584,0.0,0.5007027888332127,0.9477813220387034,0.3189209394106441,1.9528275381515613e-17,5.803486811631724e-17
66.987,0.3322845599384684,0.0,0.5001763723057155,0.9462215628952391,0.32351932540744927,1.9809845316127187e-17,5.793936041419302e-17
66.992,0.3324107705571165,0.0,0.5000218191419,0.9457595012682245,0.32486761266842096,1.9892404100051193e-17,5.791106729956641e-17
66.998,0.33256273762842176,0.0,0.4998365222043956,0.9452030619510734,0.32648303428863706,1.9991320145874746e-17,5.787699521813297e-17
67.015,0.3329963524455967,0.0,0.49931251291569273,0.9436149598056696,0.3310450235707291,2.0270661424477675e-17,5.777975200767858e-17
67.028,0.3333309667289236,0.0,0.4989128091168179,0.9423891878874584,0.3345184876099026,2.0483349755354037e-17,5.770469512487248e-17
67.033,0.3334603613237772,0.0,0.49875931269577856,0.9419151547087263,0.3358509212880564,2.0564937787305394e-17,5.767566896412129e-17
67.057,0.3340868286640723,0.0,0.49802438049012493,0.9396201488895015,0.34221919262494765,2.0954881942746684e-17,5.753514038759438e-17
67.062,0.3342184595327918,0.0,0.4978716597061569,0.9391379846639651,0.3435401661542737,2.1035768242969058e-17,5.750561634382105e-17
67.079,0.3346688760213919,0.0,0.49735343103924945,0.9374884042113202,0.34801651105847303,2.1309865315909424e-17,5.740460867275766e-17
67.091,0.3349894826285374,0.0,0.49698858437508364,0.9363146168141803,0.3511622678194724,2.1502487363322123e-17,5.733273492381832e-17
67.102,0.33528530443051585,0.0,0.4966548501086211,0.935231942391726,0.3540356111045882,2.1678428896170553e-17,5.726644023551946e-17
67.115,0.335637288930833,0.0,0.4962613208743587,0.9339442807947933,0.35741863461590295,2.1885579341899148e-17,5.718759370286603e-17
67.121,0.33580060992155775,0.0,0.4960800181092132,0.9333470414898927,0.3589753475408369,2.1980900516934727e-17,5.715102334271245e-17
67.138,0.3362663172228763,0.0,0.495567458242665,0.9316449630097308,0.36336987065330206,2.2249987450107706e-17,5.704680109458105e-17
67.143,0.33640412223799165,0.0,0.49541702640313395,0.9311416021054766,0.3646578078533988,2.232885085858777e-17,5.701597912857051e-17
67.161,0.33690334336072386,0.0,0.4948766951261314,0.9293193472725929,0.3692770650674665,2.2611698786670087e-17,5.690439820115442e-17
67.178,0.3373793049075336,0.0,0.49436816191160515,0.9275840119691984,0.37361464202989414,2.28772987738247e-17,5.679813955991694e-17
67.18,0.33743558537221496,0.0,0.494308449398859,0.9273789570524532,0.3741233353004116,2.2908447253099052e-17,5.678558356754488e-17
67.187,0.33763303853462634,0.0,0.49409964760726705,0.9266597956860574,0.37590108148165036,2.3017302811626575e-17,5.674154763427352e-17
67.199,0.3379732334018314,0.0,0.4937424008368947,0.9254216873925493,0.3789389139472571,2.3203316401894136e-17,5.66657353663414e-17
67.212,0.338344200334954,0.0,0.4933563894099844,0.9240730288180937,0.38221595651013135,2.3403977386158815e-17,5.658315384602392e-17
67.222,0.3386312691631672,0.0,0.4930601765985058,0.9230304761817235,0.3847268382108801,2.3557724548051798e-17,5.651931590857024e-17
67.227,0.3387753598293344,0.0,0.4929123065367549,0.9225075544519995,0.3859790304912836,2.3634399211457457e-17,5.648729618744469e-17
67.256,0.33961837265999184,0.0,0.4920578058088699,0.9194534980504399,0.39319876007282856,2.407648014759488e-17,5.630028916761541e-17
67.268,0.3399708280221079,0.0,0.4917058089419921,0.9181794899101517,0.3961646429306048,2.4258088095015965e-17,5.622227866806085e-17
67.286,0.3405034675709369,0.0,0.491179586442026,0.9162576022594006,0.40058957338135265,2.4529036940663866e-17,5.610459699007018e-17
67.289,0.34059270114529583,0.0,0.4910920913438256,0.9159360441641294,0.40132426166501073,2.457402362341151e-17,5.608490723546449e-17
67.298,0.3408611889805614,0.0,0.49082996657511374,0.914969277748434,0.4035235070928448,2.4708688567098332e-17,5.602570986563927e-17
67.317,0.3414318636275051,0.0,0.49027838238536964,0.9129182227563086,0.4081425223613228,2.4991521680286052e-17,5.590011896909019e-17
67.336,0.34200776506830344,0.0,0.48972925745279217,0.9108538725611635,0.41272899442652655,2.5272362096987578e-17,5.577371397615e-17
67.336,0.34200776506830344,0.0,0.48972925745279217,0.9108538725611635,0.41272899442652655,2.5272362096987578e-17,5.577371397615e-17
67.338,0.3420686892637138,0.0,0.48967159934532506,0.9106358198358813,0.41320987842963325,2.5301807749745866e-17,5.57603620975469e-17
67.354,0.3425581536985434,0.0,0.48921133467301925,0.9088863683423062,0.4170438459461231,2.5536570552101076e-17,5.565323908895338e-17
67.377,0.3432681851186191,0.0,0.48855285105090196,0.9063563224480499,0.422514161606977,2.5871530780320596e-17,5.549831845864853e-17
67.394,0.3437978379689368,0.0,0.4880685640091059,0.9044752321043042,0.42652614751016715,2.61171940650489e-17,5.5383134895229777e-17
67.406,0.3441741792798438,0.0,0.487727967363598,0.9031419710851271,0.4293420315604698,2.6289617234497562e-17,5.530149620325161e-17
67.412,0.34436311359768745,0.0,0.48755806112929867,0.9024737018891213,0.43074495632397747,2.6375521600551275e-17,5.5260576516658755e-17
67.417,0.34452094692713664,0.0,0.48741667334900407,0.9019159922230369,0.43191149900452397,2.6446951738541276e-17,5.522642664878756e-17
67.43,0.34493296088563147,0.0,0.48704992396765545,0.9004625344763544,0.43493358573973145,2.6632001180892153e-17,5.513742802992903e-17
67.448,0.34550735649249126,0.0,0.4865441821110559,0.8984421691357313,0.439091868199221,2.6886622546090374e-17,5.5013716332553914e-17
67.453,0.3456677148442036,0.0,0.48640412732525007,0.897879383507996,0.4402415390115988,2.6957019580112955e-17,5.4979255651673304e-17
67.458,0.34582842182140333,0.0,0.4862642602638657,0.8973159315921043,0.4413888522731333,2.7027272255780832e-17,5.4944754172409795e-17
67.469,0.3461832018204232,0.0,0.48595721661277097,0.8960740386673156,0.44390462627285854,2.7181318984587914e-17,5.4868710162648484e-17
67.482,0.34660465206486585,0.0,0.4855955312844991,0.894602386296107,0.4468630331917276,2.7362469162776333e-17,5.477859744435557e-17
67.505,0.3473560130779211,0.0,0.4849588021758594,0.8919886745642308,0.4520577445959164,2.7680553497458038e-17,5.461855375903877e-17
67.509,0.34748742743141836,0.0,0.4848484844818457,0.8915328638630392,0.4529560162445882,2.7735556772423573e-17,5.4590643403227197e-17
67.522,0.3479160380618078,0.0,0.4844908142248235,0.8900490288959373,0.45586481127786016,2.791366909876718e-17,5.4499784716080985e-17
67.527,0.3480815034710966,0.0,0.48435360151281875,0.8894773504474113,0.45697925887402485,2.798190933284021e-17,5.446477950697454e-17
67.543,0.34861328136504044,0.0,0.4839158472231854,0.8876444930762106,0.46052931927454627,2.8199287838154126e-17,5.4352549361327815e-17
67.55,0.348847027618843,0.0,0.48372496897095363,0.8868410047156685,0.462074704301051,2.829391537946209e-17,5.430334988888331e-17
67.562,0.34924927826462704,0.0,0.4833986608915579,0.8854614129265828,0.4647129073073608,2.8455458722821e-17,5.421887425545162e-17
67.58,0.34985629390138195,0.0,0.482911374486152,0.8833871087383187,0.4686440185417434,2.869616986233495e-17,5.4091859756220846e-17
67.59,0.35019540399083243,0.0,0.4826417970297562,0.8822323107650465,0.47081434753219487,2.88290641848976e-17,5.4021148774139357e-17
67.612,0.35094614548149994,0.0,0.48205161425821785,0.8796861521428995,0.47555470108918024,2.9119327125417044e-17,5.386524152380267e-17
67.624,0.3513583511942242,0.0,0.48173138428650575,0.8782943197572509,0.47812036965825655,2.9276429015456656e-17,5.3780016370000965e-17
67.638,0.3518416630847982,0.0,0.48135930246725844,0.8766680448123266,0.48109576926526026,2.945861969570173e-17,5.368043574970921e-17
67.644,0.35204958684538923,0.0,0.4812003429184022,0.8759703043014688,0.4823650339545686,2.953633974265334e-17,5.363771146554634e-17
67.661,0.3526412678015107,0.0,0.4807516114620978,0.873991062746321,0.48594199472730937,2.975536542070397e-17,5.351651787378378e-17
67.672,0.35302613179560605,0.0,0.4804625669075438,0.8727086906534327,0.48824127361169617,2.989615564700954e-17,5.34379952298402e-17
67.684,0.3534477777461198,0.0,0.48014842911753863,0.8713083686414848,0.49073590324665933,3.004890765688533e-17,5.335225023635482e-17
67.698,0.3539420542693493,0.0,0.4797835064565853,0.8696730233338423,0.493628233071584,3.0226011779993947e-17,5.325211421652957e-17
67.711,0.3544032870242047,0.0,0.47944617565587766,0.8681530846237207,0.49629650578894763,3.038939636212253e-17,5.3159044812717035e-17
67.716,0.3545812619620076,0.0,0.4793168265432929,0.8675681694698137,0.49731827969902387,3.045196196954389e-17,5.3123229089166795e-17
67.723,0.3548309644749429,0.0,0.479136106677433,0.866749013141393,0.4987445721192576,3.0539297191898253e-17,5.3073070230386705e-17
67.75,0.35579995034975365,0.0,0.47844310332808626,0.8635868579034236,0.5042000980330051,3.087335180929507e-17,5.2879444065857396e-17
67.753,0.3559081861646696,0.0,0.4783665034472967,0.863235299324763,0.5048017610901203,3.091019304614814e-17,5.2857917311453914e-17
67.768,0.356451067937346,0.0,0.47798471478232907,0.8614770363363148,0.5077965299853866,3.1093569753236835e-17,5.27502547544108e-17
67.779,0.35685097834448515,0.0,0.4777060252070416,0.8601872504434531,0.5099783271615884,3.122716629964805e-17,5.2671278146146876e-17
67.786,0.35710625525160344,0.0,0.47752924822351134,0.859366356997796,0.5113604056439419,3.131179419912728e-17,5.2621012919613624e-17
67.796,0.35747199659561324,0.0,0.47727748356056254,0.8581935494442113,0.5133262429414124,3.1432167016826866e-17,5.254919916878796e-17
67.808,0.3579125263362265,0.0,0.47697657350795114,0.8567861175372067,0.5156719391197468,3.157579948265534e-17,5.2463018819791404e-17
67.82,0.3583548375189316,0.0,0.4766769880947022,0.8553787403921523,0.5180030989146057,3.1718541851709083e-17,5.237684182399721e-17
67.832,0.3587989218599109,0.0,0.4763787350375603,0.8539715483878467,0.5203197041666437,3.18603930120489e-17,5.2290676164804276e-17
67.844,0.35924477103644104,0.0,0.4760818220179937,0.852564671690144,0.5226217375749662,3.200135190430052e-17,5.220452981257245e-17
67.863,0.35995428779397953,0.0,0.47561446896498993,0.8503380791005585,0.5262367824768356,3.222270956269293e-17,5.206819033818039e-17
67.87,0.3602167920589837,0.0,0.475443143930054,0.8495181393159212,0.5275594098992218,3.230369713465742e-17,5.201798350654291e-17
67.875,0.36040465733420435,0.0,0.4753210530113811,0.8489326177891985,0.5285010978735794,3.2361358892837046e-17,5.198213065336627e-17
67.887,0.36085676157018276,0.0,0.47502900432815637,0.8475279362797337,0.5307507863634454,3.249911258324671e-17,5.189611871764689e-17
67.91,0.361728112359449,0.0,0.47447309346508953,0.8448382803566435,0.5350217566081116,3.276063408521591e-17,5.1731424791795886e-17
67.922,0.3621852274436387,0.0,0.47418507545961913,0.8434366092738091,0.5372287093377455,3.289577096502669e-17,5.164559719154336e-17
67.938,0.36279735903014876,0.0,0.47380322507055883,0.8415697332559793,0.5401484833519946,3.307455556006588e-17,5.1531284004561346e-17
67.95,0.36325843010987724,0.0,0.4735184770438273,0.8401712560100839,0.5423211784306768,3.320759476374745e-17,5.1445651970418036e-17
67.962,0.36372118215121624,0.0,0.4732351426723712,0.8387743601992954,0.5444791756093731,3.333973398062042e-17,5.136011677124681e-17
67.969,0.3639918936483445,0.0,0.47307052002255373,0.8379602851848214,0.545731216307967,3.341639936231718e-17,5.1310269053209736e-17
67.981,0.3644572893386142,0.0,0.4727894388284105,0.8365661531215018,0.5478659247037472,3.354711255251744e-17,5.122490308476309e-17
67.99,0.36480742486607093,0.0,0.47257956755514463,0.8355217999943457,0.549457297461967,3.3644556030247655e-17,5.116095489904553e-17
68.007,0.3654713238753933,0.0,0.47218535311315035,0.8335522511369083,0.5524406254291881,3.3827232182540855e-17,5.1040354813844274e-17
68.03,0.36637477162843635,0.0,0.47165663329565227,0.8308946042389607,0.5564298308381578,3.4071500564302656e-17,5.08776208755025e-17
68.043,0.3668880558883118,0.0,0.47136016345229587,0.8293963351234938,0.5586606476956446,3.420809870050292e-17,5.07858783516766e-17
68.053,0.3672841781614894,0.0,0.4711332825395286,0.8282458540436667,0.5603648858194785,3.431245318866982e-17,5.071543170308212e-17
68.062,0.3676416412230388,0.0,0.4709299653734822,0.8272119985698495,0.5618899442258024,3.440583608346069e-17,5.0652126313242554e-17
68.084,0.36851921633868523,0.0,0.4704364789985883,0.8246914214577681,0.5655829376616359,3.4631966712983974e-17,5.049778547862683e-17
68.09,0.3687594798494769,0.0,0.4703027608682159,0.8240056972441375,0.5665815130316225,3.4693111819512045e-17,5.04557969804608e-17
68.102,0.36924118835854625,0.0,0.4700364477063044,0.8226365444674474,0.5685675999445075,3.4814724568546695e-17,5.037196055218494e-17
68.108,0.36948263106965595,0.0,0.46990385438510807,0.821953146496311,0.5695551114377027,3.487519220800983e-17,5.033011449529014e-17
68.132,0.3704522981739293,0.0,0.4693772560046674,0.819227766257137,0.5734682789774355,3.5114804613112885e-17,5.0163233085971946e-17
68.149,0.37114288835418796,0.0,0.4690079244741208,0.8173056211913974,0.5762044095361855,3.528234428965401e-17,5.00455356458592e-17
68.159,0.3715505553725962,0.0,0.46879210339460714,0.8161783357904611,0.5778000728507339,3.538005048818794e-17,4.997650932296009e-17
68.165,0.3717956638516135,0.0,0.4686631222080845,0.8155032059353206,0.578752556028234,3.54383732619163e-17,4.9935169542154756e-17
68.172,0.3720821036553233,0.0,0.4685131303172558,0.8147167553303793,0.579859128223346,3.550613126675476e-17,4.988701333135332e-17
68.197,0.3731092944923533,0.0,0.4679817382372174,0.8119189098909041,0.5837702319933468,3.5745617302407996e-17,4.97156947082552e-17
68.202,0.3733155135432089,0.0,0.46787626831039963,0.811361449351261,0.5845447788720904,3.579304462020015e-17,4.9681560094978955e-17
68.208,0.3735633178328288,0.0,0.46775006162604965,0.8106934515556155,0.5854708597401266,3.584975071873975e-17,4.964065702686522e-17
68.229,0.37443354946495855,0.0,0.4673114184561766,0.8083638680533859,0.5886831548683622,3.604644706607527e-17,4.949801117789762e-17
68.253,0.3754336048819887,0.0,0.4668160131638341,0.8057181247266975,0.5922991672177954,3.6267863963545804e-17,4.9336006123077897e-17
68.263,0.37585201047511596,0.0,0.4666114635536283,0.8046211790657299,0.5937884793416546,3.635905802981658e-17,4.9268837573450774e-17
68.285,0.3767760190852695,0.0,0.4661653488342239,0.8022196161772235,0.5970290507341064,3.655748579897531e-17,4.912178425823275e-17
68.287,0.37686025809975243,0.0,0.4661250594631298,0.8020021092329349,0.5973212006834544,3.6575374823992315e-17,4.9108465799076984e-17
68.302,0.3774933070435009,0.0,0.4658243109808907,0.8003752565020954,0.5994993317587644,3.67087468864674e-17,4.9008849799601644e-17
68.313,0.37795894451127127,0.0,0.4656053615015282,0.7991873089235658,0.6010820619977849,3.680566116252391e-17,4.893610898962159e-17
68.322,0.37834079682453925,0.0,0.46542723136393577,0.7982186161569959,0.6023678617094462,3.688439368758544e-17,4.887679366482474e-17
68.335,0.3788937445889288,0.0,0.46517154314578013,0.7968246820794237,0.6042105808648384,3.6997227693354366e-17,4.879143981950868e-17
68.354,0.37970481623285435,0.0,0.4648012840163386,0.7947989052496874,0.6068728863723427,3.7160246889260246e-17,4.866739676399251e-17
68.365,0.38017595394770193,0.0,0.4645887982577408,0.7936324867313588,0.6083974654817355,3.725360043557848e-17,4.859597422874564e-17
68.374,0.3805622799102991,0.0,0.46441597291577347,0.7926817095771718,0.609635716884938,3.732942146645207e-17,4.853775591881676e-17
68.387,0.38112164730381215,0.0,0.46416797290688305,0.7913141292025384,0.6114098044065276,3.7438052996688166e-17,4.845401577239819e-17
68.408,0.38202855923818,0.0,0.4637714606203374,0.7891196734968802,0.6142394817171697,3.761132075974305e-17,4.831964411460794e-17
68.413,0.3822450899873354,0.0,0.46367780284155036,0.7885999156079598,0.6149066377126845,3.7652172282465013e-17,4.828781812285804e-17
68.429,0.3829395238545452,0.0,0.4633800440211505,0.7869438963167625,0.6170245570881214,3.778185744166406e-17,4.818641618664349e-17
68.43,0.38298300329777635,0.0,0.463361532763398,0.7868407635427177,0.6171560684523105,3.7789910190224345e-17,4.818010112556243e-17
68.434,0.3831570116371288,0.0,0.46328760404401914,0.7864286701979682,0.6176811043658816,3.7822059367773957e-17,4.8154867685782563e-17
68.452,0.38394183355548983,0.0,0.4629572327559104,0.7845830104285529,0.6200237896620332,3.7965507470241035e-17,4.804185361933609e-17
68.475,0.384948869533288,0.0,0.4625406106410259,0.7822459579836845,0.6229697113168406,3.814589314649598e-17,4.7898750429533705e-17
68.482,0.38525628600991413,0.0,0.4624150470698294,0.7815395237342339,0.6238557307913962,3.8200146192170815e-17,4.785549380741382e-17
68.487,0.3854761320881408,0.0,0.4623257126287595,0.7810363323813906,0.6244855863030195,3.8238713718982553e-17,4.782468222343291e-17
68.506,0.3863135312193764,0.0,0.4619889382883858,0.7791350196205805,0.6268561407538715,3.8383868315004576e-17,4.770826039409771e-17
68.522,0.38702112394907234,0.0,0.46170866212708084,0.7775474150617228,0.62882431356527,3.8504384141686976e-17,4.7611047652031863e-17
68.53,0.38737574000994174,0.0,0.4615696677526696,0.7767583222087513,0.6297987844378915,3.856405327343789e-17,4.756272965020079e-17
68.539,0.3877753312829759,0.0,0.46141421307553315,0.7758743944352172,0.6308874099708957,3.8630712362161064e-17,4.750860468427399e-17
68.551,0.3883091800366852,0.0,0.46120844931318633,0.7747021558995487,0.6323263157931918,3.871881993263854e-17,4.7436825775746806e-17
68.569,0.38911220450989975,0.0,0.460903048227013,0.772957567181784,0.6344577206846946,3.884933084154184e-17,4.733000052629485e-17
68.574,0.38933574230835527,0.0,0.46081890758870475,0.7724759296318404,0.6350440442515967,3.88852328055154e-17,4.730050873210047e-17
68.587,0.38991789960179696,0.0,0.4606015562310796,0.7712297953396717,0.6365568338964935,3.897786445533571e-17,4.722420501348986e-17
68.597,0.39036664908419616,0.0,0.4604357561922837,0.7702773092253652,0.6377090770034022,3.904841899697147e-17,4.7165882059933974e-17
68.609,0.39090621376939794,0.0,0.4602383999667019,0.7691413888055614,0.6390786524569979,3.9132281306743316e-17,4.709632699462403e-17
68.616,0.39122149264832456,0.0,0.4601240853676406,0.7684823622491209,0.6398709705182841,3.918079679562635e-17,4.705597325647914e-17
68.64,0.3923053971154067,0.0,0.45973669541885065,0.7662432372456381,0.642550621644182,3.9344878104334475e-17,4.6918866393058835e-17
68.652,0.3928490425029255,0.0,0.4595456488256368,0.7651356844584298,0.6438690739337696,3.942561002314807e-17,4.6851048344271767e-17
68.664,0.3933938026546561,0.0,0.45935637435359883,0.7640362617121267,0.645173302910899,3.950547101525791e-17,4.678372811691327e-17
68.676,0.39393966703605976,0.0,0.4591688768459714,0.7629450606757181,0.6464633279549002,3.958446226730571e-17,4.671691132409007e-17
68.682,0.3942130100141978,0.0,0.459075795954807,0.7624025717240813,0.6471030201046098,3.962363211448479e-17,4.6683693456180327e-17
68.693,0.3947148445462821,0.0,0.4589063065379684,0.7614134434800103,0.6482665872061533,3.9694880050809705e-17,4.662312681927794e-17
68.706,0.3953090896429303,0.0,0.45870793866650467,0.7602536223260993,0.649626377035327,3.9778143163900245e-17,4.655210825609191e-17
68.723,0.39608806706934263,0.0,0.4584517115252938,0.7587520665309132,0.6513795372400554,3.98854932655559e-17,4.646016448117612e-17
68.735,0.39663920654672014,0.0,0.4582730196658714,0.7577025949379232,0.6526000135031698,3.996022588300882e-17,4.639590287981856e-17
68.747,0.39719138743519455,0.0,0.45809613248610626,0.7566618707076639,0.6538064036220345,4.0034095972888346e-17,4.633217689994945e-17
68.748,0.3972374491822002,0.0,0.45808147349118145,0.7565755412357303,0.6539063009360452,4.004021291918068e-17,4.6326890744375675e-17
68.77,0.3982526059693464,0.0,0.4577621595263395,0.7546919123952991,0.6560793529483504,4.0173273978743196e-17,4.621155174286489e-17
68.778,0.3986225991623734,0.0,0.4576475587102367,0.7540144256314227,0.6568578582461473,4.0220943679796507e-17,4.617006764302259e-17
68.794,0.39936391965472484,0.0,0.457420785942221,0.752671545486399,0.6583961912216045,4.0315139407517335e-17,4.60878399494605e-17
68.807,0.3999675378328923,0.0,0.4572389235010335,0.7515924395759291,0.6596277774414169,4.039055231361569e-17,4.602176376950061e-17
68.814,0.4002930387590236,0.0,0.45714188735595773,0.7510158727404272,0.6602841501141266,4.043074354824978e-17,4.598645923302101e-17
68.824,0.4007586124579132,0.0,0.457004346838156,0.7501976981030785,0.6612135916334768,4.048765542733312e-17,4.593636048548237e-17
68.849,0.40192545430269394,0.0,0.4566660823695803,0.7481808145016412,0.6634948898157851,4.062734465317635e-17,4.581286198314473e-17
68.858,0.40234652007769683,0.0,0.45654626634554896,0.74746482462664,0.6643013893902875,4.0676728509297756e-17,4.5769020247712616e-17
68.863,0.4025806720184576,0.0,0.45648015114778406,0.7470693808531186,0.6647460719641284,4.0703957463832296e-17,4.574480630013833e-17
68.882,0.40347190910028324,0.0,0.4562318458772423,0.7455819743429738,0.6664139250757243,4.080608401256049e-17,4.5653728919054347e-17
68.888,0.4037538278104709,0.0,0.45615440005788066,0.7451173264964827,0.6669334072864652,4.0837893123890386e-17,4.562527744415754e-17
68.907,0.40464805381140445,0.0,0.4559122231198038,0.7436621157500977,0.6685556503374184,4.0937226861879825e-17,4.553617148502528e-17
68.918,0.4051667816092774,0.0,0.45577415145391464,0.7428309475466542,0.6694790387808567,4.099376809696114e-17,4.548527711103028e-17
68.93,0.40573350560976224,0.0,0.4556253186322343,0.7419337705150707,0.6704731763234757,4.1054641464935174e-17,4.543034086203041e-17
68.937,0.4060644947339995,0.0,0.455539363916179,0.7414150481808722,0.6710467393043162,4.108976206836496e-17,4.5398578279719295e-17
68.947,0.4065378425309093,0.0,0.45541767816656537,0.7406799697769678,0.6718580075962406,4.113943792421271e-17,4.53535677089961e-17
68.959,0.40710663781353273,0.0,0.4552733766616742,0.7398071737720995,0.6728189545749574,4.11982789562945e-17,4.530012436731257e-17
68.972,0.40772377823831685,0.0,0.4551191732146411,0.7388731686135538,0.67384452264819,4.12610768892041e-17,4.524293304592256e-17
68.99,0.4085798781232954,0.0,0.4549093144948587,0.7375998771016556,0.6752380478761713,4.1346405699703016e-17,4.5164966427201187e-17
69.007,0.409390090009373,0.0,0.45471502044716056,0.7364187813412247,0.6765259629074891,4.142526775073688e-17,4.5092645170076274e-17
69.01,0.4095332348472583,0.0,0.454681127903805,0.7362125312638372,0.6767504036275808,4.1439010781209806e-17,4.5080015995221446e-17
69.032,0.41058446295896783,0.0,0.45443620783854866,0.7347201486888798,0.6783703288842978,4.153820259523463e-17,4.49886339180452e-17
69.043,0.4111110524774372,0.0,0.4543161447639906,0.7339873175101985,0.679163174601055,4.158675039369685e-17,4.494376095018083e-17
69.055,0.41168624204620835,0.0,0.45418699336511503,0.733198100468545,0.6800151067949279,4.16389161954127e-17,4.489543534398616e-17
69.063,0.4120701185881492,0.0,0.45410195285316163,0.7326779194811133,0.680575540483808,4.1673232861573766e-17,4.4863583444924376e-17
69.075,0.4126465503356624,0.0,0.45397598512968634,0.731906639839352,0.6814049240789717,4.17240179598279e-17,4.481635618769785e-17
69.087,0.41322371241997785,0.0,0.4538519319158704,0.7311462051841223,0.6822208049047297,4.177397625191541e-17,4.476979299437347e-17
69.093,0.4135125638242043,0.0,0.4537906242421284,0.7307700737549637,0.6826236879160911,4.1798645721430135e-17,4.4746761586834575e-17
69.104,0.4140425869697704,0.0,0.45367947329824854,0.7300876055590604,0.6833535601787978,4.1843337507945644e-17,4.4704972462252934e-17
69.115,0.4145732009385369,0.0,0.45356993743818236,0.7294143722485378,0.6840721259905796,4.188733697401441e-17,4.466374881131239e-17
69.126,0.4151043970383913,0.0,0.45346201901248706,0.7287504189290519,0.684779400179891,4.19306450276174e-17,4.4623093395937805e-17
69.144,0.4159748599324037,0.0,0.45328892011128047,0.7276840829595156,0.685912440044186,4.2000023709773154e-17,4.455779914934239e-17
69.156,0.4165560027016898,0.0,0.4531759353039337,0.7269871577100253,0.6866510558680434,4.204525088499749e-17,4.451512478554073e-17
69.168,0.41713779958737707,0.0,0.4530648854378091,0.7263014695376161,0.6873762982148128,4.208965917092635e-17,4.447313849426302e-17
69.176,0.4175260219716996,0.0,0.45299192856338516,0.7258506138363606,0.6878523725287123,4.211881031516002e-17,4.444553154469203e-17
69.181,0.41776880453528437,0.0,0.45294676823112656,0.7255713845396522,0.6881469072350845,4.2136845364429845e-17,4.442843368146992e-17
69.208,0.4190817008854373,0.0,0.4527087298285425,0.7240976909575839,0.689697422026424,4.223178701324207e-17,4.433819597505973e-17
69.224,0.41986116673453944,0.0,0.4525723189320355,0.7232517448557343,0.6905844724312412,4.2286103185189155e-17,4.428639671576566e-17
69.236,0.4204464554901991,0.0,0.4524722858347868,0.7226307340820902,0.691234274439556,4.2325892082667266e-17,4.4248370772956695e-17
69.245,0.42088580212128607,0.0,0.45239854246897515,0.722172574142529,0.6917129268391284,4.2355201089119295e-17,4.4220316567782637e-17
69.25,0.42113002234013797,0.0,0.4523580489880594,0.7219208634601566,0.6919756259442539,4.2371286770030835e-17,4.420490373370871e-17
69.262,0.4217165493879948,0.0,0.4522622503493191,0.7213250080946605,0.6925967316535921,4.24093185259745e-17,4.416841811540323e-17
69.269,0.42205894646060854,0.0,0.4522072719944423,0.7209828191087867,0.6929529381927365,4.243112988587442e-17,4.414746508309054e-17
69.298,0.4234794050087873,0.0,0.451986613574312,0.7196077363297139,0.6943808074928519,4.251856166427378e-17,4.406326554689283e-17
69.314,0.42426441404355175,0.0,0.4518697821731652,0.7188785809567918,0.6951356600272708,4.256478305127899e-17,4.4018617657216325e-17
69.324,0.42475550108047083,0.0,0.4517985391396165,0.7184335754203659,0.6955955705068206,4.2592944446112747e-17,4.399136892692698e-17
69.338,0.42544359780265634,0.0,0.45170109762766003,0.7178244712097299,0.6962241223431371,4.263143214583491e-17,4.3954072050831856e-17
69.351,0.42608313085535066,0.0,0.4516130202470349,0.7172734499392964,0.6967917895700118,4.266619173845355e-17,4.392033172907693e-17
69.358,0.4264277232811604,0.0,0.45156655379088234,0.7169825781485969,0.6970910863232946,4.26845183789987e-17,4.390252096870481e-17
69.373,0.42716666130584874,0.0,0.45146924752213635,0.7163730717439446,0.697717437133504,4.272287130474201e-17,4.386519946532895e-17
69.392,0.42810364901013626,0.0,0.4513504312968204,0.7156281228079544,0.6984814885495272,4.2769655960792853e-17,4.3819584498829515e-17
69.405,0.4287453677100337,0.0,0.45127199775312815,0.7151359370011888,0.6989854015710426,4.280051173423523e-17,4.378944681018746e-17
69.417,0.42933815713833884,0.0,0.4512016636958712,0.7146942888605047,0.6994369689044021,4.2828162258705145e-17,4.376240366109554e-17
69.425,0.4297335754974014,0.0,0.45115587718077654,0.7144066355812839,0.6997307761113774,4.2846152761484573e-17,4.3744789977712446e-17
69.438,0.43037650485249873,0.0,0.4510833573644337,0.7139507946267147,0.7001958746321507,4.287463183222224e-17,4.3716877769415776e-17
69.456,0.43126745586890963,0.0,0.4509867981967455,0.7133433997087475,0.7008146645811331,4.291252178874053e-17,4.367968555731043e-17
69.461,0.43151509036789415,0.0,0.4509607709185056,0.7131795903071831,0.7009813634964046,4.292272915339096e-17,4.3669655124345627e-17
69.469,0.4319114358907286,0.0,0.4509198464690266,0.7129219464835576,0.7012433944231456,4.2938773920176513e-17,4.365387899014947e-17
69.485,0.43270459564134717,0.0,0.45084065473175905,0.7124231262265999,0.7017501615372228,4.2969804456384897e-17,4.362333505859781e-17
69.492,0.43305179394455806,0.0,0.45080712314713733,0.712211810703531,0.7019646263839779,4.2982936640790315e-17,4.3610395714650995e-17
69.504,0.4336472524339757,0.0,0.45075122028637354,0.7118593746990526,0.7023220277430247,4.3004821162308684e-17,4.3588815233411555e-17
69.521,0.4344913638978948,0.0,0.45067544308197893,0.7113813687978295,0.7028061952824025,4.3034467873676197e-17,4.3559545813566236e-17
69.535,0.43518697354434505,0.0,0.4506160501807733,0.7110064959932901,0.7031854397350271,4.305768989892625e-17,4.353659147455791e-17
69.55,0.43593270716343335,0.0,0.4505554362354628,0.7106237172467276,0.7035722652908107,4.308137613286219e-17,4.351315303621993e-17
69.56,0.4364301034073083,0.0,0.45051676448876316,0.7103793990968501,0.7038189464193175,4.309648099558399e-17,4.349819286420888e-17
69.579,0.43737565901115616,0.0,0.45044712048914787,0.7099392000505866,0.7042629709359517,4.3123669655735934e-17,4.347123844655917e-17
69.592,0.4380229779750467,0.0,0.4504023645833684,0.7096561713956948,0.7045481661320284,4.3141132824936315e-17,4.345390793974516e-17
69.599,0.4383716492905628,0.0,0.450379240174874,0.7095098937531481,0.7046954737093154,4.3150152812587045e-17,4.3444951017408577e-17
69.616,0.43921874044719417,0.0,0.45032592357453255,0.709172518689797,0.7050349911424039,4.317094225947137e-17,4.342429275283632e-17
69.621,0.4394679670286671,0.0,0.450311008925688,0.7090781144907401,0.7051299366430679,4.317675599464545e-17,4.341851216282626e-17
69.628,0.43981694420436285,0.0,0.45029071411757216,0.7089496363872715,0.705259110587276,4.3184665617510836e-17,4.3410645147917595e-17
69.652,0.4410139382070499,0.0,0.45022632178968913,0.7085418462890949,0.7056687977069983,4.320975171850183e-17,4.33856752059948e-17
69.664,0.44161270501801336,0.0,0.4501971405614539,0.7083569700979148,0.7058543779801199,4.3221115232874986e-17,4.337435480420644e-17
69.677,0.44226155403978185,0.0,0.4501677969064608,0.708171018072178,0.7060409401462602,4.323253887085527e-17,4.336296852655076e-17
69.688,0.4428107196433384,0.0,0.45014481169847786,0.7080253270429328,0.7061870405676871,4.3241484941528e-17,4.3354047523919276e-17
69.693,0.4430603800227206,0.0,0.4501349228212743,0.7079626378483472,0.7062498873704759,4.3245333198321604e-17,4.335020891784476e-17
69.715,0.44415915455295807,0.0,0.450095563217736,0.7077130702127049,0.7064999718684403,4.3260646457319025e-17,4.3334927307536755e-17
69.721,0.44445889010005507,0.0,0.4500860032218977,0.7076524403695063,0.7065607006047551,4.3264365019946233e-17,4.3331214800366456e-17
69.733,0.4450584411117164,0.0,0.4500683936417878,0.7075407467485763,0.7066725491275765,4.327121376671936e-17,4.33243755385986e-17
69.745,0.4456580888960189,0.0,0.4500527983127528,0.7074418149809172,0.7067715885747712,4.327727818381918e-17,4.3318317714968715e-17
69.755,0.4461578608348194,0.0,0.4500413411577928,0.7073691260309103,0.7068443389730628,4.32817328609394e-17,4.3313866800470747e-17
69.762,0.4465077326864371,0.0,0.45003415370127253,0.7073235221760706,0.7068899737416267,4.328452718460198e-17,4.331107436972784e-17
69.786,0.44770745566889636,0.0,0.4500147170725696,0.7072001841980246,0.707013365835668,4.329208277125237e-17,4.330352209672647e-17
69.799,0.44835738659687796,0.0,0.4500075551499084,0.7071547319868218,0.7070588271343808,4.329486647295006e-17,4.3300738951478285e-17
69.81,0.4489073582377234,0.0,0.4500033428736622,0.7071279980203575,0.7070855637161045,4.329650361641146e-17,4.329910196815534e-17
69.817,0.4492573501238977,0.0,0.4500015442911631,0.7071165827000757,0.7070969795371544,4.329720263384689e-17,4.329840298138312e-17
69.834,0.45010734639899164,0.0,0.45000003226510277,0.7071069859723402,0.7071065764006955,4.329779027225776e-17,4.329781535128794e-17
69.842,0.45050734522618135,0.0,0.4500007207199685,0.707111355564497,0.7071022067790056,4.3297522710096954e-17,4.329808291164036e-17
69.851,0.45095733845495783,0.0,0.4500025662201297,0.7071230687441015,0.7070904932538159,4.329680546354044e-17,4.3298800137035884e-17
69.865,0.45165730513551156,0.0,0.4500076909072041,0.7071555935787895,0.7070579654244975,4.329481370843754e-17,4.330079170877056e-17
69.875,0.4521572553767311,0.0,0.45001303124376835,0.7071894855557164,0.7070240671430085,4.3292738037341434e-17,4.330286699382357e-17
69.883,0.45255719477234824,0.0,0.4500183113507016,0.7072229937656487,0.7069905495048383,4.329068567392643e-17,4.330491877992551e-17
69.894,0.4531070743883274,0.0,0.45002703414341566,0.707278346362475,0.7069351743736924,4.328729492507092e-17,4.3308308148951904e-17
69.901,0.45345697173025257,0.0,0.45003346672153877,0.7073191631957371,0.7068943353685063,4.3284794257221844e-17,4.3310807459162185e-17
69.918,0.4543066218868281,0.0,0.45005194336175913,0.7074363910632747,0.7067770175942123,4.3277610615383234e-17,4.331798559579973e-17
69.931,0.4549562419176188,0.0,0.4500688008089257,0.7075433295090894,0.7066699631845067,4.32710554233742e-17,4.3324533687068366e-17
69.954,0.45610528124042726,0.0,0.45010441610409563,0.7077692111052727,0.7064437301097802,4.325720264283295e-17,4.3338364945755974e-17
69.966,0.4567046108889418,0.0,0.4501259343288313,0.7079056519007969,0.7063070069076958,4.3248830761242855e-17,4.334671953493157e-17
69.981,0.4574535869393284,0.0,0.4501556625169835,0.708094108205866,0.7061180736421773,4.323726193529937e-17,4.335825915547067e-17
69.99,0.4579028645646907,0.0,0.45017500852779174,0.7082167227798183,0.7059950945828264,4.3229731639729564e-17,4.3365767132746644e-17
70.002,0.4585017651296284,0.0,0.4502025632501467,0.7083913287775224,0.7058198958040331,4.3219003808546375e-17,4.337645866655666e-17
70.022,0.45949955698292616,0.0,0.4502529559247478,0.708710544987299,0.7054993716679028,4.31993773656783e-17,4.33960050220336e-17
70.027,0.45974892632771797,0.0,0.45026642643573483,0.7087958515101703,0.7054136664978731,4.319412943757094e-17,4.340122854004264e-17
70.034,0.46009798754073217,0.0,0.4502858711549464,0.7089189742577672,0.7052899318275536,4.3186552874173426e-17,4.3408767633979975e-17
70.046,0.46069622036274205,0.0,0.4503207950883795,0.7091400586423853,0.7050676401797734,4.3172941436426864e-17,4.3422305148178174e-17
70.07,0.46189204595814687,0.0,0.4503966654499435,0.7096201232039614,0.7045844738170113,4.3143356029446247e-17,4.3451700624614085e-17
70.089,0.4628380852661629,0.0,0.4504624201415936,0.7100359273283776,0.7041654506598083,4.3117698261034386e-17,4.3477161284116015e-17
70.093,0.4630371726926196,0.0,0.4504769036097988,0.7101274827520002,0.7040731199529688,4.311204463580469e-17,4.3482767436940216e-17
70.103,0.46353476622187856,0.0,0.45051408627466577,0.7103624758016133,0.7038360270496263,4.309752688254574e-17,4.349715661124174e-17
70.12,0.4643802492425154,0.0,0.4505804885337342,0.7107819475732969,0.7034124131716123,4.3071588013556523e-17,4.3522841849367995e-17
70.139,0.46532453061885604,0.0,0.4506594554668807,0.7112804780531747,0.7029083023698377,4.304072012956608e-17,4.3553368037190984e-17
70.144,0.4655729025938118,0.0,0.4506810694381125,0.7114168709056189,0.7027702581860291,4.3032267361173976e-17,4.35617196906996e-17
70.158,0.4662680598261514,0.0,0.4507434341976637,0.7118102742129311,0.7023717915213508,4.3007868314900714e-17,4.358580869575329e-17
70.171,0.46691317519666486,0.0,0.45080377825710455,0.712190727876978,0.7019860163322773,4.298424639737625e-17,4.360910476384824e-17
70.193,0.468004015833935,0.0,0.45091123315109954,0.7128677087972211,0.7012985311222322,4.2942150069279104e-17,4.3650557889701215e-17
70.205,0.46859852507899363,0.0,0.4509726685690282,0.7132544758615633,0.7009051666691055,4.291806344335811e-17,4.367424054206933e-17
70.21,0.468846130474612,0.0,0.4509988544263721,0.7134192660964301,0.7007374335387193,4.290779275129619e-17,4.368433103375235e-17
70.222,0.4694401204959487,0.0,0.45106311020866996,0.7138234745589304,0.7003256722187301,4.2882579642169314e-17,4.370908166374181e-17
70.243,0.4704786803489628,0.0,0.45118034253783634,0.7145603532723115,0.6995737999177424,4.2836540741830704e-17,4.375420247162691e-17
70.26,0.4713185230154313,0.0,0.45127969976361587,0.7151842836300051,0.6989359344379401,4.2797482745924383e-17,4.3792407187398924e-17
70.267,0.47166409904556517,0.0,0.45132176880874075,0.7154482994041808,0.6986656789049149,4.278093436725083e-17,4.380857349103736e-17
70.28,0.472305498543689,0.0,0.4514016863080769,0.7159495748097381,0.6981519937160928,4.274948022113781e-17,4.383926775708271e-17
70.286,0.47260135715818774,0.0,0.4514393552971304,0.7161857280571208,0.6979097383811834,4.273464636011415e-17,4.385372797300849e-17
70.308,0.4736852149154238,0.0,0.45158170651051227,0.717077444601045,0.6969934995711475,4.26785429138159e-17,4.3908329863571665e-17
70.319,0.474226563973388,0.0,0.4516553730179313,0.7175384668295167,0.6965188788682949,4.2649480777588017e-17,4.3936559333393345e-17
70.324,0.4744725005573851,0.0,0.45168940615673303,0.7177513528438222,0.6962995012858066,4.2636047774878075e-17,4.394959484219347e-17
70.331,0.4748166718971361,0.0,0.4517376279442193,0.7180528827884944,0.6959885469741098,4.2617007314753044e-17,4.3968058226272965e-17
70.361,0.47628979171742725,0.0,0.4519518865524861,0.7193910808874358,0.6946052639734361,4.253230565979854e-17,4.404999922719764e-17
70.374,0.47692715565371435,0.0,0.45204855030295343,0.7199939819915773,0.6939803065620178,4.24940380551237e-17,4.408691627256711e-17
70.382,0.4773190731861142,0.0,0.4521091813800352,0.7203718791705083,0.6935880302458735,4.2470018058376327e-17,4.411005580109634e-17
70.398,0.47810219210764676,0.0,0.4522330590736318,0.7211433405595589,0.6927858849360314,4.242090082406887e-17,4.4157294187134673e-17
70.404,0.4783956111472713,0.0,0.45228041139538916,0.7214380067276579,0.6924790267212603,4.240211117754329e-17,4.4175337286113646e-17
70.422,0.47927502916480813,0.0,0.4524254038479674,0.7223394962110729,0.691538612236174,4.2344527398091657e-17,4.42305375966301e-17
70.435,0.47990936516495686,0.0,0.4525328554891453,0.7230068203674642,0.6908408917414554,4.230180433956382e-17,4.4271399416236025e-17
70.442,0.4802506471862681,0.0,0.45259166285063707,0.7233717685183875,0.690458749318582,4.227840486481431e-17,4.4293746045480166e-17
70.446,0.4804455752152179,0.0,0.4526255649857413,0.7235820715106259,0.6902383543301484,4.226490956395764e-17,4.4306623389794965e-17
70.475,0.4818567979510294,0.0,0.45287782573982804,0.7251448883278813,0.6885963192843428,4.2164363915810964e-17,4.4402318320440233e-17
70.489,0.4825367852561072,0.0,0.45300366961292615,0.725923190801644,0.6877757781838205,4.211412026419479e-17,4.4449975602103335e-17
70.501,0.48311894274897904,0.0,0.45311363690796885,0.7266025754098905,0.687058001487294,4.2070169117499603e-17,4.4491575911397286e-17
70.512,0.483652018341544,0.0,0.45321614152069656,0.7272352442587937,0.6863883008238505,4.2029161778805955e-17,4.4530315705433766e-17
70.516,0.48384572735115244,0.0,0.45325381894108496,0.727467644853732,0.6861419865384747,4.201407937874747e-17,4.4544546137669325e-17
70.525,0.4842813030649482,0.0,0.4533393782365469,0.7279950926259917,0.6855823401404632,4.197981092024851e-17,4.457684299897008e-17
70.538,0.48490980094399144,0.0,0.4534648809219521,0.7287680348993631,0.6847606525706049,4.1929497067632206e-17,4.4624172063020583e-17
70.548,0.4853927163886047,0.0,0.4535629610210195,0.7293714706306433,0.6841178683751014,4.189013788725391e-17,4.466112184486075e-17
70.569,0.4864052665481537,0.0,0.4537732785602441,0.7306636169689331,0.6827376354339024,4.180562299457806e-17,4.4740242988721586e-17
70.577,0.4867904297796246,0.0,0.45385494684291405,0.7311646967194187,0.6822009867122741,4.1772762737617626e-17,4.477092527434907e-17
70.59,0.4874156366508742,0.0,0.45398947511459936,0.7319892797313575,0.6813161486111777,4.171858203020406e-17,4.4821416421659176e-17
70.6,0.48789598153840463,0.0,0.4540944872869925,0.7326322340895371,0.6806247200719158,4.1676244242831746e-17,4.4860786021496304e-17
70.613,0.4885196597147132,0.0,0.4542329873219615,0.733479268324559,0.6797118234502543,4.1620345446548235e-17,4.491265190973069e-17
70.633,0.48947743385385106,0.0,0.4544504351957068,0.7348069342093714,0.6782763223331805,4.1532446354138394e-17,4.499394799853932e-17
70.644,0.4900032992125809,0.0,0.4545722850029835,0.735549735135137,0.6774707278861796,4.1483117921091866e-17,4.5039431437346445e-17
70.656,0.49057622084519936,0.0,0.45470703211614016,0.7363701749522429,0.6765788686035082,4.1428507290301204e-17,4.508966888714204e-17
70.663,0.4909100595848096,0.0,0.45478651032902795,0.7368536120805653,0.676052331083788,4.139626616589339e-17,4.511927087373149e-17
70.674,0.49143411273932674,0.0,0.4549127063885817,0.7376204769904097,0.6752155447888033,4.134502778300721e-17,4.516622780659245e-17
70.689,0.4921476323944872,0.0,0.45508735155211394,0.7386802565313871,0.6740559907090242,4.127402557339523e-17,4.523112058772545e-17
70.699,0.4926225984945963,0.0,0.45520541935032716,0.7393957263094699,0.6732710894693841,4.1225964233856624e-17,4.527493047640624e-17
70.718,0.4935234352297863,0.0,0.455433349159424,0.7407746826570357,0.6717535779840462,4.113304345469721e-17,4.5359367200266754e-17
70.73,0.49409128902318167,0.0,0.4555797305742403,0.7416587070592157,0.670777431226821,4.107327170461051e-17,4.5413498082991647e-17
70.735,0.49432764114275063,0.0,0.4556412760004439,0.7420300238506868,0.6703666487110983,4.1048118529959234e-17,4.543623467899889e-17
70.754,0.4952244011006313,0.0,0.45587811022682373,0.7434568639793029,0.6687838899091847,4.095120250492995e-17,4.552360343881912e-17
70.773,0.49611894612055296,0.0,0.45611962217540003,0.7449085586547141,0.6671665753340439,4.085217054904692e-17,4.56124941006982e-17
70.774,0.4961659652552261,0.0,0.4561324626154388,0.7449856465497997,0.6670804947191733,4.084689963157342e-17,4.561721437289668e-17
70.79,0.496917415377537,0.0,0.45633966421330846,0.7462282694719018,0.6656901455188974,4.076176529668267e-17,4.569330308210165e-17
70.796,0.49719879054043026,0.0,0.4564182151242355,0.7466987035880658,0.6651624208115653,4.072945147799941e-17,4.5722108863830154e-17
70.813,0.4979947640515753,0.0,0.4566432888571748,0.7480446704364149,0.6636483790620418,4.063674315888294e-17,4.580452556345961e-17
70.831,0.4988355084417486,0.0,0.4568856408609221,0.7494906775240129,0.6620148973434028,4.053672125097309e-17,4.5893067961028174e-17
70.844,0.4994413803718101,0.0,0.4570632486117526,0.7505482165456604,0.6608156888574366,4.046329090928065e-17,4.5957823549919874e-17
70.857,0.500046119273783,0.0,0.4572430106621035,0.7516167125128277,0.6596001193688562,4.0388858745114095e-17,4.602325005822454e-17
70.871,0.5006960936445123,0.0,0.4574390036200602,0.7527795361683526,0.6582727169845033,4.0307578791055175e-17,4.609445247161011e-17
70.89,0.501576043666175,0.0,0.4577089681211599,0.7543775559150372,0.6564407841775639,4.0195405258641606e-17,4.619230295999769e-17
70.894,0.5017609761105999,0.0,0.4577663844400633,0.7547168741528404,0.656050638189588,4.017151570687286e-17,4.621308020968859e-17
70.904,0.5022228151789443,0.0,0.45791080845437104,0.7555695349045787,0.655068452853653,4.011137420048175e-17,4.626529062270733e-17
70.926,0.5032363606187892,0.0,0.4582329717287187,0.757467132199315,0.6528732983035418,3.997695975081038e-17,4.638148494536081e-17
70.936,0.5036959126093701,0.0,0.4583814175922825,0.7583394491489456,0.6518598621363904,3.991490468289827e-17,4.643489895337116e-17
70.956,0.5046128272890182,0.0,0.4586820606356169,0.7601021465525498,0.6498036063351804,3.978899532863927e-17,4.654283304003062e-17
70.973,0.5053898792827982,0.0,0.45894152667589694,0.7616191258108553,0.6480249279148979,3.9680082686933696e-17,4.6635721229683465e-17
70.98,0.5057092131794793,0.0,0.45904940915119746,0.7622486921073133,0.647284274010029,3.963473071524001e-17,4.667427104717388e-17
70.992,0.50625578110758,0.0,0.4592357629977358,0.7633345653772317,0.6460033601308532,3.955629736113422e-17,4.674076160838814e-17
70.997,0.50648319444959,0.0,0.45931393607113713,0.7637894615801768,0.6454654587033017,3.952336039805883e-17,4.676861596733219e-17
71.017,0.5073909272536612,0.0,0.4596297117698107,0.7656232898553214,0.6432891869378147,3.9390102185474905e-17,4.688090556369928e-17
71.023,0.5076626429667096,0.0,0.4597254042399951,0.7661778394923647,0.6426286005701989,3.934965293644185e-17,4.6914861935597953e-17
71.028,0.5078888580048291,0.0,0.4598054855392152,0.7666415006878597,0.6420753923201435,3.9315778700807243e-17,4.694325299554554e-17
71.036,0.5082503940447967,0.0,0.4599342530020746,0.7673862462489017,0.6411851129494665,3.926126481172491e-17,4.6988855508921007e-17
71.053,0.5090169778554231,0.0,0.46021048246252383,0.7689805159176704,0.6392722159917429,3.9144133654906166e-17,4.7086476371262766e-17
71.065,0.509556707010522,0.0,0.4604075895580493,0.7701153338508198,0.6379046735742264,3.906039583269068e-17,4.7155963928735085e-17
71.079,0.5101849226029889,0.0,0.46063975936261164,0.7714490300993997,0.6362911235894271,3.896159439148324e-17,4.7237629270827996e-17
71.099,0.5110795988916705,0.0,0.4609755465437077,0.7733722196133223,0.6339522142325581,3.881837749861397e-17,4.735539066494695e-17
71.127,0.512326578665098,0.0,0.46145374225440267,0.7760992992924436,0.6306107179851752,3.8613769864427954e-17,4.752237613494974e-17
71.137,0.5127703326502638,0.0,0.4616268036871284,0.7770828336939519,0.629398339351303,3.853953308376164e-17,4.758260024778266e-17
71.147,0.5132132371563103,0.0,0.461801058764109,0.778071316605812,0.6281759516849544,3.8464683426616094e-17,4.764312736948372e-17
71.166,0.5140523941842755,0.0,0.46213542078427094,0.7799628587075148,0.6258258056654434,3.832077848659994e-17,4.7758950918498864e-17
71.177,0.5145367945908834,0.0,0.4623309547645369,0.7810658730484566,0.624448638367522,3.8236451310435445e-17,4.7826491067601266e-17
71.202,0.5156337632783512,0.0,0.4627806585229425,0.7835938104504314,0.6212734826336734,3.8042029095122846e-17,4.798128258998993e-17
71.214,0.5161583430303651,0.0,0.46299912374426133,0.7848174105751032,0.6197270625510797,3.7947338174908565e-17,4.805620648879571e-17
71.223,0.516550932829517,0.0,0.4631640778932912,0.7857393609498328,0.6185577229767231,3.7875736776565957e-17,4.8112659667564976e-17
71.233,0.5169862885125333,0.0,0.4633484681616949,0.7867679633244378,0.617248873539933,3.7795592862899415e-17,4.817564339784774e-17
71.252,0.517810963945514,0.0,0.4637020110576113,0.7887343120380013,0.6147342393375701,3.764161592655191e-17,4.8296047530751394e-17
71.269,0.5185460270986088,0.0,0.46402187916257603,0.7905067203517574,0.6124533656358732,3.750195269264978e-17,4.8404576239162577e-17
71.278,0.5189340958051337,0.0,0.4641925688578461,0.7914499323745983,0.6112340014628145,3.742728817107322e-17,4.8462331318397047e-17
71.286,0.519278412261461,0.0,0.46434507374543355,0.7922911300270453,0.6101432334136532,3.736049789107234e-17,4.851383981902302e-17
71.311,0.520350525139302,0.0,0.4648263678243736,0.79493641472779,0.6066927529975343,3.714921690121631e-17,4.8675816791103045e-17
71.313,0.5204360386643505,0.0,0.4648651789756904,0.7951491002799095,0.6064139743805799,3.713214663417011e-17,4.868884002513445e-17
71.333,0.521289072391783,0.0,0.46525578516372623,0.7972843953949849,0.6036038376780365,3.69600753882733e-17,4.881958914153005e-17
71.343,0.5217141473199681,0.0,0.4654527836019867,0.7983576943535556,0.6021835200887472,3.6873106018798505e-17,4.888530974823714e-17
71.36,0.522434548199234,0.0,0.46579026221621045,0.800190716711138,0.5997456268196671,3.672382810936642e-17,4.899754999638608e-17
71.373,0.5229835365443171,0.0,0.46605051813696885,0.8015994196284982,0.5978614977160301,3.660845847556895e-17,4.908380817232082e-17
71.383,0.5234047023472322,0.0,0.46625199756026825,0.8026870532019926,0.5964004482073277,3.651899499535754e-17,4.9150406521042076e-17
71.39,0.5236989289135038,0.0,0.4663936946090037,0.8034504353410918,0.5953716469149417,3.645599908487358e-17,4.919715019570078e-17
71.413,0.5246622296030758,0.0,0.46686308932152,0.8059702069580792,0.5919561009871855,3.6246857215485207e-17,4.9351441707967075e-17
71.426,0.525204349510031,0.0,0.46713097724310476,0.8074020131558338,0.5900016857195466,3.612718379539927e-17,4.943911455182105e-17
71.438,0.5257032453700834,0.0,0.46737990208108404,0.8087283833782072,0.5881822863011701,3.6015777711695e-17,4.952033130418675e-17
71.45,0.5262006698236269,0.0,0.4676303982873611,0.8100591487195213,0.5863481692440119,3.590347043252949e-17,4.960181717996958e-17
71.463,0.5267378748631774,0.0,0.46790353496610687,0.8115056351526778,0.5843445936392746,3.5780786809969924e-17,4.9690388928988334e-17
71.47,0.5270264150161164,0.0,0.4680513664154958,0.8122865396750765,0.5832585854170433,3.571428798530976e-17,4.97382055401781e-17
71.492,0.5279299313107705,0.0,0.46851941635591443,0.8147497438289345,0.5798127757566969,3.5503292996759045e-17,4.988903329431153e-17
71.494,0.5280118177116885,0.0,0.46856222397958314,0.8149743265038931,0.5794970639610919,3.548396122476201e-17,4.9902785017013134e-17
71.499,0.5282163494519161,0.0,0.46866943024915486,0.8155362491541144,0.5787059929840352,3.543552209776447e-17,4.993719285576123e-17
71.516,0.5289097803112047,0.0,0.46903592631281316,0.8174516617689587,0.575997205436943,3.526965669780863e-17,5.0054478052152e-17
71.529,0.5294379770687365,0.0,0.4693182593384686,0.8189213152687054,0.5739058105635224,3.514159569593425e-17,5.014446837486803e-17
71.548,0.530206697134986,0.0,0.46973410982955177,0.8210766037758304,0.5708180189271779,3.495252298874008e-17,5.027644173344251e-17
71.561,0.530730416430627,0.0,0.4700208231914801,0.8225560736026072,0.5686840122418267,3.482185276591137e-17,5.0367033132832375e-17
71.569,0.531051791799865,0.0,0.47019813981485403,0.8234683756218981,0.5673621721181564,3.4740913402089495e-17,5.042289552022139e-17
71.586,0.5317323894456326,0.0,0.4705771471901121,0.8254115298590772,0.5645314928112494,3.456758428445868e-17,5.054187940106194e-17
71.592,0.5319718416699322,0.0,0.4707116291177283,0.8260987635811975,0.5635253612834268,3.450597649670522e-17,5.058396032996498e-17
71.603,0.5324098037329617,0.0,0.47095914344358214,0.8273605334271755,0.5616712096298861,3.43924424523231e-17,5.066122145012186e-17
71.617,0.532965265819462,0.0,0.47127595892133856,0.8289697393983733,0.5592934571061896,3.424684710145763e-17,5.0759756897211665e-17
71.634,0.5336368088640204,0.0,0.47166335465875253,0.8309285050702059,0.5563792047352173,3.406840060955669e-17,5.0879696702726145e-17
71.64,0.5338730480270408,0.0,0.4718007838319239,0.8316210114112979,0.5553435813793566,3.4004986968162833e-17,5.092210048642652e-17
71.653,0.5343835028922097,0.0,0.47209979614805186,0.8331234418976396,0.5530870912981339,3.386681680039898e-17,5.1014097820728513e-17
71.658,0.534579320925977,0.0,0.47221525454738683,0.8337020024678539,0.5522146060012272,3.381339248409098e-17,5.10495244382498e-17
71.663,0.5347748542170851,0.0,0.4723309641918868,0.834280939508286,0.5513395632214069,3.375981156711979e-17,5.108497410792345e-17
71.695,0.5360194821008524,0.0,0.47307742105516754,0.8379944476148411,0.5456787569318576,3.34131871519653e-17,5.131236089873848e-17
71.714,0.5367528807276695,0.0,0.47352543310803696,0.8402054835986634,0.5422681489177988,3.320434764258713e-17,5.144774780575786e-17
71.716,0.5368298360123746,0.0,0.47357279890611664,0.8404384631602244,0.5419069935338352,3.3182233253338834e-17,5.146201368947448e-17
71.726,0.5372139105347266,0.0,0.47381021566067416,0.8416039979735213,0.5400950940297321,3.307128640693501e-17,5.1533382113394416e-17
71.743,0.5378641413069272,0.0,0.474216062917028,0.8435876799042052,0.5369914583248417,3.288124353034934e-17,5.165484759974135e-17
71.748,0.5380547366336873,0.0,0.47433596378131737,0.8441716170403263,0.536073018331944,3.282500530047378e-17,5.1690603436974043e-17
71.779,0.5392297939887373,0.0,0.4750847247559068,0.8477963814503625,0.530321879239082,3.2472849596397547e-17,5.191255624359475e-17
71.794,0.539794239640946,0.0,0.4754503267435101,0.8495525551791326,0.5275039867039935,3.2300303442725677e-17,5.2020090870379e-17
71.8,0.5400192582633219,0.0,0.47559716508910266,0.8502553550309179,0.5263704315795557,3.223089320998569e-17,5.20631249498255e-17
71.813,0.5405053026307375,0.0,0.47591648010396614,0.8517786308868904,0.523901864822463,3.2079737091107933e-17,5.2156398694887263e-17
71.822,0.5408405911748957,0.0,0.47613847438581386,0.8528335723486423,0.5221828203561021,3.197447597594189e-17,5.2220995229108374e-17
71.831,0.5411748908008396,0.0,0.47636122591982144,0.8538887503051603,0.5204555716891611,3.186871249837685e-17,5.2285606244457405e-17
71.85,0.5418773710426866,0.0,0.47683395140226037,0.8561168780340127,0.5167822473201797,3.16437862518417e-17,5.242203971901893e-17
71.857,0.5421350580132649,0.0,0.4770089544662126,0.8569378684535642,0.5154197217901754,3.156035562538788e-17,5.247231088349065e-17
71.867,0.5425021297782432,0.0,0.47725973987624076,0.858110729514724,0.5134646783291994,3.1440643739553966e-17,5.254412791071035e-17
71.892,0.5434143628524848,0.0,0.47789069589752875,0.8610425096626719,0.5085329847254823,3.1138664600245586e-17,5.272364766940976e-17
71.907,0.5439579443894412,0.0,0.47827198463192166,0.8628009436412556,0.5055437979559821,3.095562969977949e-17,5.283132069657898e-17
71.919,0.5443907669197038,0.0,0.4785784690259177,0.8642071353880706,0.5031361914475493,3.080820631957156e-17,5.29174251076652e-17
71.93,0.5447859183435751,0.0,0.4788605406442099,0.8654955890303132,0.500916545313759,3.067229219292225e-17,5.2996320139106304e-17
71.941,0.5451795305028182,0.0,0.47914368453267714,0.8667834070650193,0.4986847954738112,3.053563692802277e-17,5.307517625081066e-17
71.96,0.5458557624915952,0.0,0.4796352588811277,0.8690060263979801,0.494801501699412,3.029785376347443e-17,5.3211272433402333e-17
71.986,0.5467736035376635,0.0,0.4803130361550184,0.8720429914952056,0.48942928088140875,2.9968900112020403e-17,5.3397232912674305e-17
71.997,0.5471592845017292,0.0,0.4806015432690634,0.8733260012897978,0.4871362185992457,2.982849054281558e-17,5.34757946045854e-17
72.015,0.5477869958282209,0.0,0.4810758744796558,0.875422720891227,0.483358107149762,2.959714793814397e-17,5.3604181652015397e-17
72.017,0.5478564798374083,0.0,0.4811287477509689,0.875655463146237,0.4829363414179442,2.9571322235470935e-17,5.361843300489661e-17
72.034,0.5484449718311616,0.0,0.481579532284559,0.8776317904050817,0.47933541541426994,2.9350829110252626e-17,5.37394481474772e-17
72.039,0.5486173330620208,0.0,0.4817125776255082,0.8782123545484322,0.4782709068284406,2.9285646758637585e-17,5.3774997448469895e-17
72.058,0.5492692879353313,0.0,0.48222004882486635,0.8804153227530434,0.4742033946121164,2.903658346782688e-17,5.390989034648992e-17
72.063,0.549440058292751,0.0,0.48235409081169756,0.8809941712300742,0.47312711849843764,2.8970680562946106e-17,5.394533459321928e-17
72.083,0.5501198040136264,0.0,0.4828923116930482,0.8833056182675713,0.46879759463647386,2.8705573685976805e-17,5.4086869904012746e-17
72.092,0.550423941907762,0.0,0.4831355755815888,0.8843435961660258,0.4668365923105656,2.85854969248996e-17,5.415042771955915e-17
72.105,0.5508613284470244,0.0,0.4834881135085929,0.8858403632255358,0.4639901409302258,2.8411202046306515e-17,5.424207826898406e-17
72.125,0.5515297715264815,0.0,0.48403312649102725,0.8881368806016022,0.4595790261916392,2.8141099169042425e-17,5.438269940167336e-17
72.139,0.551994449667799,0.0,0.4844165263529923,0.889739685953227,0.4564682806503131,2.795062094053508e-17,5.448084292384954e-17
72.156,0.5525551044158112,0.0,0.4848841546761,0.8916803417159646,0.45266562515536873,2.7717775446527896e-17,5.459967381725371e-17
72.16,0.5526864477373431,0.0,0.48499451261020593,0.8921360354351798,0.45176685832185554,2.766274185023581e-17,5.462757700998513e-17
72.165,0.5528503177998125,0.0,0.48513263463815537,0.8927051389084949,0.4506412486295111,2.7593818134894866e-17,5.466242454733408e-17
72.184,0.5534698830697933,0.0,0.4856592571641024,0.8948623651060452,0.4463421865752945,2.7330576505693257e-17,5.479451655522742e-17
72.193,0.5537616198133684,0.0,0.4859096750193084,0.8958811378588506,0.4442938068764081,2.7205149423609277e-17,5.48568983947665e-17
72.205,0.5541488536727349,0.0,0.48624452218235936,0.8972363028499423,0.44155069567170513,2.7037182305782038e-17,5.4939878318199353e-17
72.23,0.5549491439205732,0.0,0.48694559651445646,0.9000472850740564,0.4357922493927815,2.6684579165604747e-17,5.5112001337360423e-17
72.244,0.5553934821926677,0.0,0.4873402265802459,0.9016138369108354,0.43254189287388284,2.64855522302569e-17,5.5207924971990913e-17
72.257,0.5558036113285635,0.0,0.4877079573854082,0.9030633782087758,0.4295073165129478,2.6299738018897535e-17,5.5296683777528644e-17
72.275,0.5563675380091199,0.0,0.4882191503788287,0.9050619906774978,0.42527966449253696,2.6040868993162283e-17,5.5419063495656464e-17
72.287,0.5567409341377209,0.0,0.48856124044867955,0.906388757165535,0.422444577292592,2.5867269969926472e-17,5.5500304512296005e-17
72.289,0.5568029675176034,0.0,0.4886183553977554,0.9066094349194267,0.42197077210996237,2.583825776991013e-17,5.551381712754332e-17
72.305,0.5572971789098417,0.0,0.48907629552156984,0.9083701208129089,0.4181671001099217,2.560535003291732e-17,5.562162804473117e-17
72.319,0.5577266073719096,0.0,0.4894784698655018,0.9099036470341401,0.4148196633646615,2.5400378648145762e-17,5.571552944364314e-17
72.324,0.5578792924985558,0.0,0.4896224347217217,0.9104496936574832,0.4136198197850232,2.5326909418181687e-17,5.574896515611626e-17
72.343,0.5584562104520427,0.0,0.4901710757881787,0.9125165781259036,0.40903972257641635,2.504645934886648e-17,5.587552532853917e-17
72.355,0.5588178909018952,0.0,0.49051885888586194,0.913815211657849,0.40613022411871863,2.4868303950199297e-17,5.595504369844729e-17
72.367,0.5591774819207118,0.0,0.49086761673241625,0.9151084536920933,0.40320778511986344,2.468935617191673e-17,5.603423193433529e-17
72.38,0.5595646734887574,0.0,0.491246527224365,0.9165032342678981,0.4000272760406247,2.4494606158739287e-17,5.611963761271891e-17
72.386,0.5597425453993623,0.0,0.4914217880602909,0.917144750062005,0.39855427162897455,2.4404410651846422e-17,5.615891912591169e-17
72.397,0.5600672758537169,0.0,0.4917437164841092,0.9183171374386656,0.3958454686951146,2.4238544309722796e-17,5.62307071483211e-17
72.416,0.5606239913728509,0.0,0.49230163699569085,0.9203305667059746,0.391141467996759,2.3950507339801388e-17,5.635399413369707e-17
72.422,0.5607986923237593,0.0,0.49247830774701273,0.9209632674737697,0.38964940647207175,2.385914492128443e-17,5.639273588220199e-17
72.441,0.561348403565455,0.0,0.4930392835154953,0.9229566907472299,0.3849038152641803,2.356856126714413e-17,5.651479785376144e-17
72.453,0.5616928337308552,0.0,0.4933947609306999,0.9242075967244093,0.3818904530842472,2.338404604972779e-17,5.659139375381078e-17
72.458,0.5618357147795898,0.0,0.4935431427217401,0.9247269204892982,0.380631215906393,2.3306940010766465e-17,5.662319316313039e-17
72.465,0.5620351229690346,0.0,0.49375113850190144,0.9254520848302218,0.3788646706719907,2.3198770312423477e-17,5.666759667257879e-17
72.483,0.5625445292733816,0.0,0.49428737240782755,0.9273065132397894,0.3743028593306018,2.2919439929546177e-17,5.678114766338004e-17
72.49,0.5627413227283651,0.0,0.49449644242995505,0.9280236156871899,0.3725213668058181,2.2810354973637112e-17,5.682505752422353e-17
72.514,0.5634104570170869,0.0,0.4952154940707547,0.9304645439395095,0.3663819488886434,2.2434424048592315e-17,5.69745212727811e-17
72.526,0.563741769998864,0.0,0.4955763038787231,0.9316745075921935,0.3632941121224561,2.2245348577992276e-17,5.704861017849831e-17
72.538,0.5640709057199249,0.0,0.4959379571864703,0.9328773095519581,0.36019428829882927,2.205553911181601e-17,5.712226055700001e-17
72.55,0.5643978583755054,0.0,0.49630044459535816,0.9340728295039687,0.35708255233552044,2.186500023745312e-17,5.719546504112734e-17
72.557,0.5645875703148054,0.0,0.4965122770305269,0.9347668056363619,0.3552619020953301,2.1753517563002318e-17,5.723795882358834e-17
72.575,0.565071973048553,0.0,0.4970582644503782,0.9365395850129344,0.3505618429090658,2.1465721941089232e-17,5.734651025304403e-17
72.582,0.5652590157289876,0.0,0.497271083785266,0.9372243732260231,0.3487269336186811,2.1353366151629466e-17,5.738844143770668e-17
72.599,0.5657101377871248,0.0,0.49778905954393265,0.938876450202797,0.34425428284132487,2.1079495278719805e-17,5.748960197678423e-17
72.607,0.5659208954882806,0.0,0.4980333603054106,0.9396484433901823,0.34214149534133875,2.0950124356262978e-17,5.753687292607899e-17
72.608,0.565947170999521,0.0,0.4980639223214262,0.9397446944358737,0.3418770382456626,2.09339310294764e-17,5.754276660283001e-17
72.624,0.5663654841555948,0.0,0.4985536463683362,0.941277136715829,0.3376349387964026,2.0674177353866348e-17,5.763660162948127e-17
72.642,0.5668313613912755,0.0,0.4991062126868117,0.9429838528948253,0.3328384791150663,2.0380478904066958e-17,5.774110785476432e-17
72.657,0.5672157580439239,0.0,0.4995679779531097,0.9443918700055489,0.32882213408987904,2.0134548700098607e-17,5.782732403715393e-17
72.674,0.5676471796504131,0.0,0.500092708049296,0.9459716672803823,0.32424929406673136,1.985454300523057e-17,5.792405872095026e-17
72.692,0.5680990666859016,0.0,0.5006498921467627,0.9476255730811338,0.31938342668750486,1.9556594559678307e-17,5.802533124319933e-17
72.694,0.5681489637198224,0.0,0.5007119009056297,0.9478081294308802,0.3188412611076802,1.95233964925813e-17,5.803650959566838e-17
72.714,0.5686444863090303,0.0,0.5013330655971416,0.9496201836958446,0.3134031057878503,1.919040551729651e-17,5.814746591844188e-17
72.72,0.5687919185508995,0.0,0.501519792793459,0.9501589638339032,0.31176584714507044,1.9090152339483677e-17,5.818045668701777e-17
72.732,0.569085083515749,0.0,0.5018937625736829,0.95122974105308,0.3084833540664559,1.8889157607386243e-17,5.8246022881721e-17
72.75,0.5695205727789704,0.0,0.5024559874213006,0.9528187452906238,0.3035398468451897,1.8586455092631968e-17,5.834332132938799e-17
72.768,0.5699509373698677,0.0,0.5030197071484137,0.954386832096623,0.2985728968285171,1.8282317120659822e-17,5.843933895377559e-17
72.772,0.570045876340034,0.0,0.5031451778804354,0.9547324188894755,0.29746597842686334,1.821453791678469e-17,5.846050004176031e-17
72.781,0.5702585598293932,0.0,0.5034277490784065,0.9555061270476022,0.29497125482746883,1.8061780153246897e-17,5.850787600272651e-17
72.803,0.5707730254494823,0.0,0.5041199835307604,0.9573746591424614,0.2888490298267518,1.76869019907075e-17,5.862229059518018e-17
72.81,0.5709351000507689,0.0,0.5043406805411838,0.9579623414962667,0.28689397392589144,1.756718934315036e-17,5.865827576085534e-17
72.818,0.5711193691069623,0.0,0.504593161917167,0.9586298845598897,0.28465548374955385,1.7430121351681626e-17,5.869915098466328e-17
72.83,0.5713938516674327,0.0,0.5049723902408415,0.9596229472501289,0.2812895289749981,1.7224016064644903e-17,5.875995853691098e-17
72.856,0.5719806355384293,0.0,0.5057960922608985,0.9617401677833666,0.27396322686087254,1.6775409442962388e-17,5.888960090436691e-17
72.869,0.5722699476846944,0.0,0.5062089656727218,0.9627808673042789,0.2702831876991621,1.6550072033956106e-17,5.895332537122488e-17
72.889,0.5727097155936902,0.0,0.5068454490668557,0.9643582561569799,0.26459998824994063,1.6202076433235852e-17,5.904991258169844e-17
72.891,0.5727533365523814,0.0,0.5069091821589559,0.9645144013757125,0.2640302436063923,1.6167189635533215e-17,5.905947371881459e-17
72.9,0.5729488289581308,0.0,0.5071961688076884,0.965213440460353,0.26146321797661853,1.601000464949163e-17,5.910227751768879e-17
72.914,0.5732503166929133,0.0,0.507643195319703,0.9662890042459138,0.2574598226392625,1.5764867385210903e-17,5.916813680505207e-17
72.925,0.5734849657008319,0.0,0.5079949362399858,0.9671239007682182,0.2543056439854719,1.5571729645595727e-17,5.921925947273505e-17
72.944,0.5738856274558353,0.0,0.5086035128375738,0.9685446478202662,0.24883983840759205,1.523704558031011e-17,5.930625513921947e-17
72.957,0.5741563701295417,0.0,0.5090206374040005,0.9695009984083246,0.24508736010912874,1.500727255345596e-17,5.936481472354589e-17
72.971,0.5744448480610491,0.0,0.5094704949341109,0.9705164592595567,0.24103485703585154,1.4759128307594772e-17,5.942699376760194e-17
72.98,0.5746286025232971,0.0,0.5097600358154034,0.9711612747280018,0.23842352750658355,1.4599230490117924e-17,5.946647732757554e-17
72.999,0.5750121622028184,0.0,0.5103721581632206,0.9725018489740151,0.23289515611562597,1.4260715373696224e-17,5.954856382554551e-17
73.004,0.57511211256247,0.0,0.5105334352222677,0.9728499282647051,0.23143685332150163,1.4171420081245624e-17,5.956987753500516e-17
73.017,0.5753700567957054,0.0,0.51095312195436,0.973745690226407,0.2276385968272917,1.393884394834688e-17,5.962472713596497e-17
73.037,0.5757614505952575,0.0,0.511599802645014,0.975097505228254,0.22177658870501887,1.357989947417102e-17,5.970750193171754e-17
73.051,0.5760314922683107,0.0,0.5120531847245151,0.97602464007712,0.2176600605584968,1.3327834823259108e-17,5.976427256796963e-17
73.063,0.5762603728840592,0.0,0.5124422463162949,0.9768066696071981,0.21412316598372577,1.3111262492263359e-17,5.981215806601206e-17
73.076,0.5765056311334228,0.0,0.5128641842884053,0.9776405837515254,0.2102828785278933,1.287611270523381e-17,5.986322058039278e-17
73.083,0.5766365304795238,0.0,0.513091573060131,0.9780838571532917,0.20821135506052313,1.2749268476050136e-17,5.989036324802379e-17
73.094,0.5768405828528064,0.0,0.5134491629110011,0.9787722402270904,0.2049509740421907,1.2549627717145055e-17,5.993251455441953e-17
73.113,0.5771882896908078,0.0,0.5140675590989335,0.9799375311200811,0.19930487977538358,1.2203904153568578e-17,6.000386804252836e-17
73.127,0.5774406402611543,0.0,0.5145237999215415,0.980776778561158,0.19513305879629253,1.1948453793135597e-17,6.005525712714873e-17
73.135,0.5775833698836009,0.0,0.5147847229447217,0.9812489101005245,0.1927448479895969,1.180221805713015e-17,6.008416684607181e-17
73.152,0.5778831136552923,0.0,0.5153396846369557,0.982234109194248,0.18765967796887525,1.1490841197680308e-17,6.014449289190438e-17
73.164,0.5780917811861557,0.0,0.5157318191395158,0.9829146488886655,0.1840619270790982,1.1270542492115556e-17,6.018616392982744e-17
73.178,0.5783321714477782,0.0,0.5161897089049594,0.983692924336168,0.17985613865241867,1.1013012225384354e-17,6.023381955660939e-17
73.189,0.578518738268181,0.0,0.5165497711300817,0.9842925059782427,0.17654535585812237,1.0810285247799e-17,6.02705333435491e-17
73.202,0.5787366006138048,0.0,0.5169756183340511,0.9849874996364586,0.1726256804763346,1.0570274352298845e-17,6.031308943149718e-17
73.207,0.5788196356461212,0.0,0.5171394951691068,0.9852508640073485,0.17111614468767483,1.0477841943709817e-17,6.032921584818818e-17
73.228,0.5791637770855506,0.0,0.5178282992586971,0.9863329504879086,0.16476440993678482,1.0088910362124294e-17,6.039547453542911e-17
73.244,0.5794209794040804,0.0,0.5183536428138265,0.987131172707967,0.15991262573103388,9.791824262237966e-18,6.044435154976925e-17
73.256,0.5796110384028097,0.0,0.5187479407308926,0.9877148547814878,0.15626696913930488,9.568592178445397e-18,6.048009176892209e-17
73.264,0.5797363891716341,0.0,0.5190109384498242,0.9880968064058476,0.1538333551950451,9.419576302085492e-18,6.050347956063216e-17
73.281,0.5799991555970464,0.0,0.5195701446204912,0.9888893176886584,0.14865368263605053,9.102412831085288e-18,6.055200688092128e-17
73.295,0.5802118668484345,0.0,0.520030993483918,0.9895223369884805,0.14437986217217477,8.840716803524493e-18,6.059076813388757e-17
73.301,0.5803020089020853,0.0,0.5202285858524603,0.9897881767580041,0.14254601064241,8.728425783222596e-18,6.060704612502922e-17
73.307,0.5803915385453979,0.0,0.5204262277657135,0.9900507338373882,0.1407108539809534,8.61605484665326e-18,6.062312310937228e-17
73.327,0.58068554368725,0.0,0.5210853752158271,0.9909021275596683,0.13458444783006226,8.240920662504985e-18,6.06752559392125e-17
73.332,0.5807579798642052,0.0,0.5212502401639246,0.9911092355159447,0.13305067934813336,8.147004429403619e-18,6.06879376439991e-17
73.354,0.5810716311399993,0.0,0.5219759888546553,0.9919930906873367,0.12629215347196138,7.73316407534319e-18,6.074205816432685e-17
73.371,0.581308334837225,0.0,0.522537147978016,0.9926453224581816,0.12105892698141911,7.412721371800404e-18,6.078199584185022e-17
73.384,0.5814860077906595,0.0,0.5229664570133833,0.993125905662801,0.11705099530307786,7.167306336746309e-18,6.081142307601328e-17
73.392,0.5815939066877622,0.0,0.5232307214422319,0.9934137877739923,0.11458205034179401,7.016127059540947e-18,6.082905077131338e-17
73.407,0.5817932608751986,0.0,0.5237263571683375,0.9939373681548203,0.10994775207101487,6.732358132360757e-18,6.086111082318725e-17
73.411,0.5818457703433042,0.0,0.5238585554421167,0.9940734124141599,0.10871085838713421,6.656620237818255e-18,6.086944113152439e-17
73.423,0.582001651290643,0.0,0.5242552168607645,0.9944724832731809,0.10499752383972161,6.429244074435649e-18,6.089387717403104e-17
73.449,0.582330907783996,0.0,0.5251149505911582,0.9952903392422421,0.0969388498542387,5.9357926093509644e-18,6.094395640876475e-17
73.457,0.5824298790181439,0.0,0.5253795541347038,0.9955290553098162,0.09445580995335848,5.783750266012558e-18,6.095857355216773e-17
73.468,0.5825641659275854,0.0,0.5257434283214335,0.9958473184198302,0.09103910366448716,5.574537344997913e-18,6.0978061547116e-17
73.487,0.5827912071553294,0.0,0.5263720371522509,0.9963697744835129,0.08513091386607724,5.212765058729026e-18,6.101005275442021e-17
73.504,0.5829890738534147,0.0,0.5269345535782274,0.996807858050709,0.079837924123548,4.888662911423616e-18,6.10368776363365e-17
73.512,0.5830804621559051,0.0,0.5271992833948058,0.9970043865368472,0.07734502715937819,4.73601699703488e-18,6.104891153541102e-17
73.52,0.5831707455139163,0.0,0.5274640192884426,0.9971947399386991,0.07485085596431186,4.5832930585067046e-18,6.106056731962526e-17
73.53,0.5832820451690551,0.0,0.5277949429424645,0.9974239843311105,0.07173141209437278,4.392282210984668e-18,6.10746044901947e-17
73.539,0.583380737356358,0.0,0.5280927731326474,0.9976220288056329,0.06892233050131892,4.22027557191081e-18,6.108673121678535e-17
73.57,0.5837099542244545,0.0,0.5291185616240445,0.998244008933667,0.059235957222289505,3.627156270335319e-18,6.112481651543187e-17
73.586,0.5838733639950524,0.0,0.5296479148869145,0.9985284359249884,0.054230643083005764,3.320669173365278e-18,6.114223264565751e-17
73.591,0.5839235200631003,0.0,0.529813320219325,0.9986121973275122,0.0526657322052764,3.224846018497171e-18,6.114736155233214e-17
73.604,0.5840518980191568,0.0,0.5302433268403801,0.9988185456993721,0.04859539861953193,2.9756099686349743e-18,6.115999674598752e-17
73.617,0.5841773456793192,0.0,0.5306732545453734,0.9990083620280719,0.04452294462396769,2.7262440811178445e-18,6.117161964395592e-17
73.624,0.5842436801679681,0.0,0.5309047166837318,0.9991037148480887,0.04232926855910673,2.5919201625579378e-18,6.117745832024708e-17
73.641,0.5844012379211212,0.0,0.5314667146535005,0.9993152806059336,0.03699959388269331,2.2655717109096176e-18,6.119041298665478e-17
73.648,0.5844646563439874,0.0,0.5316980690637297,0.9993941504359031,0.03480419621970082,2.1311423748676513e-18,6.119524237089586e-17
73.658,0.5845537778662927,0.0,0.5320285122801215,0.9994984698436834,0.03166715617379393,1.939054072316804e-18,6.120163009233721e-17
73.665,0.5846151293082626,0.0,0.5322597754609268,0.9995656435183096,0.02947073629599011,1.8045621436700005e-18,6.120574329361811e-17
73.678,0.5847268086670062,0.0,0.53268915342855,0.9996776041698334,0.025390701472424768,1.554732064315549e-18,6.121259890629407e-17
73.697,0.5848847476926065,0.0,0.5333164225693422,0.9998113047004813,0.0194256272259416,1.1894766101839528e-18,6.122078570263918e-17
73.708,0.5849733166477605,0.0,0.5336794101668736,0.9998724506765335,0.015971298572849048,9.779599837733138e-19,6.122452981383183e-17
73.734,0.5851742928113364,0.0,0.5345368355250437,0.9999695426298292,0.007804730148460867,4.779018897260723e-19,6.123047498132315e-17
73.751,0.5852993386943965,0.0,0.5350970051636673,0.999996963795921,0.0024642238006070756,1.5089018948980905e-19,6.123215404348731e-17
73.762,0.5853775694024711,0.0,0.5354592593559976,0.9999995084427783,-0.0009915211554522105,-6.071316046557174e-20,6.123230985816875e-17
73.77,0.5854331409382805,0.0,0.5357226084678476,0.9999938582505908,-0.0035047768969298583,-2.146056904275372e-19,6.12319638836799e-17
73.779,0.5854943264945447,0.0,0.5360187626550492,0.9999799519387504,-0.0063321181743852505,-3.8773041270418394e-19,6.123111236766574e-17
73.784,0.5855277088030442,0.0,0.5361832392320104,0.9999687723111317,-0.007902809789447372,-4.839075356458546e-19,6.123042781290679e-17
73.796,0.5856060494031312,0.0,0.536577821617486,0.9999318770652166,-0.011672241808350164,-7.147186784734971e-19,6.122816863066611e-17
73.826,0.585790923858194,0.0,0.5375632203554416,0.9997775049977436,-0.02109361278886594,-1.2916112692169173e-18,6.121871606775068e-17
73.837,0.5858547814874638,0.0,0.5379241304539222,0.9996986769648246,-0.024547001339862755,-1.5030703309764356e-18,6.121388924284082e-17
73.849,0.5859220392469342,0.0,0.5383175891771442,0.9995990937789119,-0.028313454688152637,-1.7336990828324874e-18,6.120779153134697e-17
73.859,0.5859761701875066,0.0,0.5386452557050768,0.9995052833975883,-0.031451366588857596,-1.925840771092723e-18,6.120204730218623e-17
73.876,0.5860641927348482,0.0,0.5392018204673423,0.9993232430664244,-0.036783907720688694,-2.252364742513651e-18,6.119090054674246e-17
73.883,0.5860989732414847,0.0,0.5394308169640741,0.9992400345209606,-0.03897888416244878,-2.386768286193918e-18,6.118580549279926e-17
73.905,0.586202723595236,0.0,0.5401498173412531,0.9989472320630657,-0.04587404008303268,-2.8089748175821677e-18,6.116787651315709e-17
73.915,0.5862470943787309,0.0,0.5404762704554654,0.9987984665957804,-0.04900635801523872,-3.000773974061567e-18,6.115876725549035e-17
73.929,0.5863062858604882,0.0,0.5409329056073761,0.9985737657371394,-0.05338945946110092,-3.269161531862231e-18,6.114500829612533e-17
73.952,0.5863961151426906,0.0,0.541682040217489,0.9981630839558013,-0.06058430347741855,-3.709718666609624e-18,6.111986128967615e-17
73.957,0.5864144237576614,0.0,0.5418447165792198,0.9980669857989125,-0.06214733991309109,-3.805427045004477e-18,6.111397697466425e-17
73.964,0.5864393242317045,0.0,0.5420723531096888,0.9979283634790448,-0.0643349155904901,-3.939377422565442e-18,6.110548880564844e-17
73.986,0.5865120272115465,0.0,0.5427869218779576,0.9974617214327496,-0.07120473492974978,-4.36003253579269e-18,6.107691522123128e-17
73.993,0.5865333926139886,0.0,0.5430140035203121,0.9973034087691985,-0.07338876519833913,-4.493765819676134e-18,6.106722136639717e-17
74.017,0.5866001701027785,0.0,0.5437914988004167,0.9967246843740281,-0.0808696702076503,-4.9518391383950505e-18,6.103178471749047e-17
74.028,0.5866274266267206,0.0,0.544147280561313,0.9964408867527106,-0.08429447910433889,-5.161548201046104e-18,6.101440712506287e-17
74.043,0.5866612025855876,0.0,0.5446318401394893,0.996035161399748,-0.08896042522030775,-5.447254999841868e-18,6.098956361232094e-17
74.066,0.5867053939632256,0.0,0.5453734495077897,0.9953712215738244,-0.09610479313037751,-5.884721364491767e-18,6.094890902318875e-17
74.076,0.5867217399184166,0.0,0.54569535057196,0.9950668149020159,-0.0992070253598875,-6.074678302995826e-18,6.093026949037527e-17
74.089,0.5867403925672366,0.0,0.5461133208123715,0.9946568783211379,-0.10323611000250406,-6.321388583549532e-18,6.0905168114294e-17
74.101,0.5867550056043415,0.0,0.5464986260968048,0.9942642605402328,-0.10695129832023627,-6.548878257626552e-18,6.08811272088603e-17
74.111,0.5867652737148217,0.0,0.546819329588207,0.9939266856827198,-0.1100442796685221,-6.738268743026587e-18,6.086045671042401e-17
74.127,0.5867780938002121,0.0,0.5473317126975721,0.9933669785290026,-0.11498715566601396,-7.040932606472121e-18,6.082618453171103e-17
74.134,0.5867823064573076,0.0,0.5475555876141652,0.9931145486662895,-0.11714731421314023,-7.173204168991571e-18,6.081072766054198e-17
74.14,0.586785241176667,0.0,0.5477473363255416,0.9928945285006147,-0.11899771121135959,-7.28650830704263e-18,6.079725531095991e-17
74.165,0.5867907547311961,0.0,0.5485448282267842,0.9919416284191181,-0.126695721353281,-7.757875481048028e-18,6.073890700922431e-17
74.172,0.5867903588921293,0.0,0.5487676951294782,0.9916644077613694,-0.12884759361079468,-7.889639654664933e-18,6.072193213966584e-17
74.19,0.5867854473612392,0.0,0.5493398934071343,0.9909307529185427,-0.13437352016037235,-8.228005067728117e-18,6.067700873691851e-17
74.207,0.5867756638429467,0.0,0.5498791037021298,0.9902104773225464,-0.13958227179930394,-8.546949118836672e-18,6.063290457676146e-17
74.21,0.586773418855481,0.0,0.5499741352547171,0.9900806206224853,-0.14050040806984995,-8.603168751081935e-18,6.062495314715757e-17
74.222,0.5867628843028875,0.0,0.5503538860983389,0.9895529764502922,-0.14416971526075625,-8.827849016403524e-18,6.059264425982932e-17
74.24,0.5867424213911898,0.0,0.550922368491567,0.9887369544189942,-0.1496637396507642,-9.16426098558656e-18,6.054267732139619e-17
74.245,0.5867357452430528,0.0,0.5510800326542344,0.9885050743391615,-0.15118769131688223,-9.257576112084895e-18,6.052847876151853e-17
74.252,0.5867256744470247,0.0,0.5513005791078904,0.9881766528103252,-0.15331961009793232,-9.388118487647652e-18,6.05083687428155e-17
74.265,0.5867047310837604,0.0,0.5517095913278707,0.9875550352707442,-0.1572738131775258,-9.63024359487779e-18,6.047030564630842e-17
74.284,0.586668886383075,0.0,0.5523060124633482,0.9866193152816214,-0.16304087436353046,-9.983374245974166e-18,6.041300932182955e-17
74.299,0.5866362008259909,0.0,0.5527757016851877,0.9858579152984903,-0.1675833250753627,-1.0261519132200665e-17,6.036638701921893e-17
74.312,0.5866047452831249,0.0,0.5531819139753305,0.9851819578962833,-0.17151241889625946,-1.0502106740766207e-17,6.032499656577028e-17
74.323,0.5865758623000885,0.0,0.5535250041624946,0.9845983983698187,-0.17483132993713663,-1.070533142990946e-17,6.028926385046045e-17
74.338,0.5865331307655889,0.0,0.5539919118042418,0.9837856036735819,-0.17934850432776425,-1.0981928587843086e-17,6.023949452930494e-17
74.356,0.5864767624994341,0.0,0.5545507395182683,0.9827844818680896,-0.18475568245461507,-1.1313022757116458e-17,6.01781934985723e-17
74.362,0.5864567401941473,0.0,0.5547366555978239,0.9824445655379285,-0.18655475240526806,-1.1423184019941926e-17,6.015737962628681e-17
74.374,0.5864148479058293,0.0,0.5551079403692761,0.9817554725829445,-0.19014781632571898,-1.1643195731407528e-17,6.011518485220501e-17
74.396,0.5863316534595339,0.0,0.5557867041466692,0.980460276871186,-0.1967171712832342,-1.204545270746672e-17,6.003587698807128e-17
74.416,0.5862488542312887,0.0,0.5564015559197756,0.9792473734172363,-0.20266864990778374,-1.2409875669854144e-17,5.996160807144357e-17
74.417,0.5862445352798769,0.0,0.5564322424693209,0.9791858485018451,-0.20296569683993806,-1.242806454858711e-17,5.995784075690849e-17
74.426,0.5862048982534596,0.0,0.5567081786086847,0.9786283739469193,-0.20563682964393482,-1.2591624260512716e-17,5.992370528544368e-17
74.446,0.5861118807321035,0.0,0.5573197882958295,0.9773655039471563,-0.2115577266235419,-1.2954174637220568e-17,5.984637680029624e-17
74.453,0.5860777180578921,0.0,0.5575333296270549,0.9769157183349669,-0.21362509045071337,-1.3080764161901498e-17,5.981883537478273e-17
74.476,0.5859596127803842,0.0,0.5582330259325512,0.9754097118142749,-0.22039939677411352,-1.349557078967128e-17,5.97266190715297e-17
74.484,0.5859164301657196,0.0,0.5584756923141246,0.9748758439638826,-0.22274893682284475,-1.363943862467864e-17,5.969392909382216e-17
74.498,0.5858382530381225,0.0,0.5588994679327455,0.9739292179363508,-0.22685210699900504,-1.389068533580822e-17,5.963596496709185e-17
74.509,0.5857745024173856,0.0,0.5592316305757965,0.9731744809713446,-0.2300683150417591,-1.4087621280055756e-17,5.95897506566722e-17
74.522,0.5856965253632882,0.0,0.55962326289496,0.9722701830117373,-0.23386040970271746,-1.4319820109486078e-17,5.953437837658677e-17
74.529,0.5856533563689785,0.0,0.5598337232443961,0.9717777541604842,-0.23589827578599565,-1.4444603418284957e-17,5.950422580576202e-17
74.547,0.5855385580294828,0.0,0.5603735450606211,0.9704939772792082,-0.24112536172037946,-1.4764670121205522e-17,5.942561714333832e-17
74.552,0.5855057014369747,0.0,0.560523144196889,0.9701329218937925,-0.24257393482773992,-1.485336964216852e-17,5.940350887723511e-17
74.562,0.5854387268725686,0.0,0.5608218794106896,0.9694050486479696,-0.2454665998783291,-1.503049429192899e-17,5.935893949520101e-17
74.589,0.5852495072665993,0.0,0.5616253403233455,0.9674017808556137,-0.2532465091514339,-1.550687634137722e-17,5.923627472071382e-17
74.602,0.5851540431546114,0.0,0.5620105408269687,0.9664176906238028,-0.2569763554285797,-1.5735263556608136e-17,5.917601657309086e-17
74.609,0.5851014680306001,0.0,0.56221750569355,0.9658825906527425,-0.2589803488181036,-1.585797276110778e-17,5.914325114975172e-17
74.628,0.5849546369520366,0.0,0.5627776585018482,0.9644119856098174,-0.264404088493596,-1.619008103275779e-17,5.905320256182031e-17
74.642,0.5848425917570094,0.0,0.5631888803831736,0.9633115404108349,-0.26838568536958984,-1.643388352624184e-17,5.898581972729176e-17
74.654,0.5847439549974924,0.0,0.5635403149369952,0.962357059580582,-0.2717883181364055,-1.6642234692569577e-17,5.892737463261093e-17
74.659,0.5847021494295166,0.0,0.5636864598100225,0.9619563214049065,-0.2732032864171663,-1.6728876511366013e-17,5.890283649640407e-17
74.672,0.5845915112140808,0.0,0.5640656419872475,0.9609061061726707,-0.2768744392681926,-1.6953669790775514e-17,5.88385293602754e-17
74.679,0.5845307750624338,0.0,0.5642693383700977,0.9603356759094894,-0.2788465340926153,-1.707442577149273e-17,5.880360058047831e-17
74.692,0.5844158248145166,0.0,0.5646467346855282,0.9592672332798552,-0.2825002215142706,-1.7298149601793488e-17,5.87381773381556e-17
74.709,0.5842612856508407,0.0,0.5651384757937695,0.9578524282965405,-0.28726072757413373,-1.7589646527220136e-17,5.865154551844389e-17
74.729,0.58407336545665,0.0,0.5657143814850695,0.956162764790315,-0.29283573420697934,-1.7931017228627116e-17,5.854808346821714e-17
74.742,0.5839476832863932,0.0,0.5660871851690488,0.9550500963791214,-0.296444452480108,-1.8151987492737693e-17,5.847995217780311e-17
74.751,0.5838590445159819,0.0,0.5663445638132849,0.954273231324616,-0.2989357790182967,-1.830453724626888e-17,5.843238291268463e-17
74.762,0.583748902021365,0.0,0.5666583351732128,0.953316519039248,-0.30197287051470556,-1.8490505465258617e-17,5.83738011807856e-17
74.772,0.5836470507415197,0.0,0.5669428099627629,0.9524399625381699,-0.30472629975157955,-1.865910438033944e-17,5.832012757511974e-17
74.785,0.5835121965327343,0.0,0.5673115187412631,0.9512908366821861,-0.30829489785675407,-1.8877617992686704e-17,5.824976391005234e-17
74.792,0.5834384383422383,0.0,0.5675095313525939,0.9506676242550455,-0.3102113282800414,-1.8994965511870075e-17,5.8211603154848e-17
74.822,0.5831132802346648,0.0,0.5683539599892189,0.9479619968058054,-0.31838349927713006,-1.9495366664553547e-17,5.804593125507815e-17
74.83,0.5830240978605397,0.0,0.5685779789914978,0.9472311332283295,-0.3205513691172987,-1.962811040759008e-17,5.800117876803969e-17
74.843,0.5828769608162254,0.0,0.5689409536439088,0.9460352207901722,-0.3240638224555312,-1.9843186144481123e-17,5.79279502510672e-17
74.85,0.5827965985332877,0.0,0.5691358563001857,0.9453870748025562,-0.32594981024118735,-1.9958669589727862e-17,5.788826275561149e-17
74.86,0.5826804195987118,0.0,0.5694136219497684,0.9444561156420772,-0.3286375596706489,-2.0123246776512872e-17,5.783125794781061e-17
74.881,0.5824311861691989,0.0,0.5699943541989291,0.9424820855985755,-0.3342566653423075,-2.0467317765256247e-17,5.771038346910087e-17
74.886,0.5823707969367935,0.0,0.5701321052065267,0.9420083325654797,-0.3355894834127028,-2.0548929334444012e-17,5.768137446232251e-17
74.894,0.5822733373234577,0.0,0.5703520887592485,0.9412473700987233,-0.33771791229106735,-2.067925801509911e-17,5.763477894986327e-17
74.907,0.5821127718074519,0.0,0.57070845822096,0.940003121294558,-0.3411658423061847,-2.0890382837933986e-17,5.755859068409509e-17
74.927,0.5818604564265993,0.0,0.5712540260170372,0.9380706164108009,-0.346444106064254,-2.121358327875274e-17,5.74402588880836e-17
74.945,0.5816279040770457,0.0,0.5717422148942773,0.9363128144547174,-0.3511670734677243,-2.15027816244096e-17,5.733262456113096e-17
74.957,0.5814699990847132,0.0,0.5720661727146625,0.9351313888797986,-0.3543011226791963,-2.169468679116957e-17,5.726028310869321e-17
74.965,0.5813634562530695,0.0,0.5722814718735156,0.9343395934569838,-0.3563839560062129,-2.182222354952399e-17,5.721179962218672e-17
74.975,0.5812288482487413,0.0,0.5725498342110173,0.9333452105173292,-0.35898010809007563,-2.19811920165041e-17,5.715091122797798e-17
74.995,0.5809548779250753,0.0,0.5730839999764721,0.931341245637524,-0.36414761316579464,-2.2297610444031948e-17,5.702820376919513e-17
75.003,0.580843518834573,0.0,0.5732967034331038,0.9305340841210847,-0.36620529527702633,-2.242360713459108e-17,5.697877938082002e-17
75.013,0.580702900110365,0.0,0.5735618030071045,0.92952073157912,-0.36876985989179983,-2.258064142692553e-17,5.691672943347377e-17
75.025,0.5805320789596778,0.0,0.5738787719078536,0.9282983470015991,-0.37183622598410004,-2.2768402197923e-17,5.684187996546437e-17
75.046,0.5802276997801256,0.0,0.5744304210864118,0.9261428256412731,-0.37717299282053357,-2.3095184919124704e-17,5.670989234874352e-17
75.066,0.5799313965693419,0.0,0.5749521586478775,0.9240711181180394,-0.3822205759245261,-2.340426024371144e-17,5.658303684938864e-17
75.071,0.5798563452108442,0.0,0.5750820327629922,0.9235503891975048,-0.383477090075975,-2.3481199545394203e-17,5.655115139910083e-17
75.084,0.5796593898805782,0.0,0.5754186489242131,0.9221913548735714,-0.38673389429483246,-2.368062128849787e-17,5.646793454736401e-17
75.092,0.5795368808440545,0.0,0.5756250350182048,0.92135138883185,-0.38873077868573913,-2.3802895192377428e-17,5.641650146114467e-17
75.109,0.5792732540936266,0.0,0.5760616630872066,0.9195574540826614,-0.39295558100250205,-2.406158972409013e-17,5.630665463872103e-17
75.117,0.5791476472174578,0.0,0.576266215390339,0.9187090906726032,-0.39493493985151334,-2.4182790498030414e-17,5.625470736198895e-17
75.122,0.5790686410766345,0.0,0.5763937599973528,0.9181775355442938,-0.3961691724778786,-2.4258365449794486e-17,5.622215899766623e-17
75.134,0.5788774539747508,0.0,0.576698919331132,0.9168976973284477,-0.39912230285188305,-2.4439192532793955e-17,5.61437915089431e-17
75.159,0.5784720383037276,0.0,0.5773303375934324,0.9142132238271257,-0.40523348995315506,-2.4813394818922124e-17,5.597941491490361e-17
75.172,0.5782574385390589,0.0,0.5776563414982148,0.9128079099680999,-0.40838917652120665,-2.5006624891655957e-17,5.589336425894094e-17
75.18,0.5781240945458527,0.0,0.5778561591467384,0.9119400037678684,-0.4103235668687093,-2.512507213902449e-17,5.584022033143727e-17
75.192,0.5779222505526331,0.0,0.5781547358995247,0.9106338168002059,-0.4132142927100768,-2.5302078046466652e-17,5.576023944698547e-17
75.203,0.5777353041439919,0.0,0.5784272126806894,0.9094320135329168,-0.4158526334670308,-2.5463629824619838e-17,5.568665022076095e-17
75.211,0.5775981905342813,0.0,0.5786246415620965,0.9085553504561799,-0.4177644972438996,-2.5580697717357244e-17,5.563297008921812e-17
75.228,0.5773036098815378,0.0,0.5790421071446493,0.906685293476063,-0.4218077507517205,-2.5828275590681954e-17,5.551846212447195e-17
75.249,0.576933701422932,0.0,0.5795538812339093,0.9043622585222855,-0.42676563282493923,-2.6131858311257822e-17,5.53762172584494e-17
75.254,0.5768446512855052,0.0,0.5796750892009963,0.903807112659275,-0.4279400695266855,-2.620377181863756e-17,5.534222437823962e-17
75.267,0.5766113680588858,0.0,0.5799890649866202,0.9023601713718521,-0.4309827387747237,-2.6390081576411263e-17,5.525362477742979e-17
75.271,0.5765390800789673,0.0,0.5800853331660595,0.9019139422818765,-0.43191577965798383,-2.644721385296917e-17,5.522630112609354e-17
75.282,0.5763390568669117,0.0,0.580349242471205,0.9006844039946328,-0.43447393984085303,-2.660385598695202e-17,5.515101361969843e-17
75.32,0.5756342302275546,0.0,0.5812515027653712,0.8964109715535187,-0.44322383744387756,-2.7139632691572572e-17,5.488934135167929e-17
75.333,0.5753882023860104,0.0,0.5815567809903677,0.8949402905432501,-0.44618592129555495,-2.7321008016960713e-17,5.479928811208968e-17
75.352,0.575024152299276,0.0,0.5819998140051432,0.8927833770938439,-0.45048622796364296,-2.758432585678201e-17,5.4667215254497016e-17
75.358,0.5749080895113641,0.0,0.5821389392289922,0.8921004790504564,-0.4518370671801353,-2.7667040902914012e-17,5.462539980934809e-17
75.368,0.5747134820096406,0.0,0.5823699782010157,0.8909605012851382,-0.45408081345696094,-2.780443073771468e-17,5.455559630327829e-17
75.391,0.5742603548947196,0.0,0.5828973766620942,0.8883303210581814,-0.4592050094333339,-2.8118197247748123e-17,5.439454421347213e-17
75.403,0.5740208923608081,0.0,0.5831703175821324,0.8869537381849514,-0.46185827514481187,-2.8280662915790573e-17,5.431025282299901e-17
75.411,0.5738600936414272,0.0,0.583351425735864,0.8860344599182841,-0.46361938682211573,-2.838849990471813e-17,5.4253963263659026e-17
75.43,0.5734744994521933,0.0,0.5837788087406485,0.88384643844423,-0.4677771619579667,-2.864309020530285e-17,5.4119985588925725e-17
75.435,0.5733721648611639,0.0,0.5838906319495119,0.8832695844417064,-0.46886548305476194,-2.870973065268459e-17,5.408466346853743e-17
75.448,0.5731044186494612,0.0,0.584180105861105,0.8817678094376007,-0.4716837184381236,-2.888229779975847e-17,5.399270627094655e-17
75.463,0.5727924808411993,0.0,0.5845118304206133,0.8800316603686993,-0.4749150205549518,-2.908015798948106e-17,5.388639780094291e-17
75.482,0.5723927650018446,0.0,0.5849284787895881,0.8778278003738328,-0.4789763594279351,-2.9328843272033645e-17,5.37514502965188e-17
75.494,0.5721376781384853,0.0,0.5851895757726813,0.876433378483489,-0.48152313867561686,-2.948478852472406e-17,5.366606658128528e-17
75.502,0.5719664910643547,0.0,0.5853627542303207,0.8755027636693775,-0.48321311117071536,-2.9588269495062535e-17,5.360908285861824e-17
75.52,0.5715780290034226,0.0,0.585749800151343,0.8734061811842181,-0.4869924462136973,-2.9819687023227196e-17,5.34807042071383e-17
75.527,0.5714257335710107,0.0,0.5858993393307927,0.872589907783367,-0.48845353190924434,-2.990915271924378e-17,5.343072187675923e-17
75.533,0.5712946494060569,0.0,0.5860270777406421,0.8718898585623456,-0.48970202627325643,-2.998560095057583e-17,5.338785622487075e-17
75.551,0.5708983861490801,0.0,0.586407856933856,0.8697877417510552,-0.4934260677138974,-3.021363272208448e-17,5.3259138693651724e-17
75.563,0.5706317103683727,0.0,0.5866596700362732,0.8683848544035407,-0.49589085960777846,-3.036455769725477e-17,5.317323661866683e-17
75.585,0.5701376360284377,0.0,0.587117060522794,0.8658103214445694,-0.5003723486365443,-3.063896975697938e-17,5.3015591941291644e-17
75.598,0.5698425534836606,0.0,0.5873847254758666,0.8642877129643817,-0.502997762637965,-3.07997299996432e-17,5.292235906121082e-17
75.608,0.5696139920491945,0.0,0.5875892940415874,0.8631159530382211,-0.5050057936409477,-3.0922686436662765e-17,5.2850609459063736e-17
75.627,0.5691759684922603,0.0,0.587974777116833,0.8608886502000291,-0.5087934079336837,-3.115461092266296e-17,5.2714226494487557e-17
75.64,0.5688734439403318,0.0,0.5882361021892977,0.8593642031108896,-0.5113640253396651,-3.131201584156634e-17,5.262088103207834e-17
75.646,0.5687330463076226,0.0,0.5883560456846499,0.8586605290155803,-0.5125447257661362,-3.138431289146783e-17,5.2577793420655175e-17
75.667,0.5682378362670613,0.0,0.5887725088771661,0.8561975422349355,-0.516648593021268,-3.163560228637397e-17,5.2426978976792226e-17
75.682,0.5678804943778096,0.0,0.5890667864005045,0.8544384301269125,-0.5195526625109886,-3.1813425256628365e-17,5.2319264426170636e-17
75.696,0.5675442677270538,0.0,0.5893390279975307,0.8527969706956426,-0.5222425937936653,-3.197813604339118e-17,5.2218754024248896e-17
75.712,0.5671568231631705,0.0,0.5896472880329972,0.8509217354076837,-0.525292490152654,-3.216488833407951e-17,5.210392897959654e-17
75.721,0.566937398717161,0.0,0.5898193313513141,0.8498673620798395,-0.5269966478749699,-3.2269237899073337e-17,5.2039367233544006e-17
75.732,0.5666677651999855,0.0,0.5900282781290895,0.8485792190680219,-0.5290683405439284,-3.2396092488866185e-17,5.196049122273068e-17
75.74,0.5664706707094761,0.0,0.5901793186831162,0.8476428108179126,-0.53056730512604,-3.2487877597742096e-17,5.1903152754421104e-17
75.765,0.5658493636247995,0.0,0.5906462980313911,0.8447192825062705,-0.5352096166569613,-3.277213719559148e-17,5.172413827496765e-17
75.778,0.5655230751715946,0.0,0.5908861044308957,0.8432009747804174,-0.5375984711002755,-3.291841234297316e-17,5.1631168740138314e-17
75.787,0.5652959039720673,0.0,0.5910509063378737,0.8421507261368525,-0.5392422039002251,-3.301906194857876e-17,5.156685955815578e-17
75.8,0.5649659275526192,0.0,0.5912871875897268,0.8406351056748327,-0.5416019009448387,-3.316355172021093e-17,5.147405457077904e-17
75.813,0.5646337851865504,0.0,0.5915213738845931,0.8391212916128807,-0.5439443518981797,-3.3306985473319365e-17,5.138136019350536e-17
75.83,0.5641961935829911,0.0,0.5918244418635815,0.8371446832383397,-0.5469815164388829,-3.3492958164982164e-17,5.126032783755288e-17
75.835,0.5640667917685059,0.0,0.5919128920132356,0.8365640208303334,-0.5478691806007939,-3.3547311918712275e-17,5.122477251958538e-17
75.848,0.5637288676031499,0.0,0.5921413945281417,0.835055872664306,-0.5501651475046871,-3.3687899344702325e-17,5.113242507837711e-17
75.86,0.5634150477688589,0.0,0.5923504321441467,0.833665863435554,-0.5522691627659942,-3.3816733122458176e-17,5.1047311560738285e-17
75.875,0.5630202341586144,0.0,0.5926091701102597,0.8319314205671892,-0.5548784654976786,-3.3976506834376356e-17,5.094110756538594e-17
75.894,0.5625161103352568,0.0,0.5929328038120718,0.8297397133596184,-0.5581505245665351,-3.417686266764117e-17,5.080690420456495e-17
75.904,0.5622489843308409,0.0,0.5931012881191224,0.8285886953430331,-0.5598578158333866,-3.428140410689926e-17,5.073642467807635e-17
75.929,0.5615757822804419,0.0,0.5935168892843553,0.8257192959124258,-0.5640812391472418,-3.454001419903712e-17,5.056072463666792e-17
75.934,0.561440223100051,0.0,0.5935990440833185,0.8251468839865278,-0.5649182417370886,-3.459126582616381e-17,5.0525674515025683e-17
75.959,0.5607578660049822,0.0,0.5940049650864607,0.8222926538074755,-0.5690648394464898,-3.484517170677231e-17,5.035090332238538e-17
75.972,0.560400052931002,0.0,0.5942128343270299,0.8208138619343406,-0.5711957668404356,-3.497565337738287e-17,5.026035343568338e-17
75.985,0.5600402096575421,0.0,0.5944184968570196,0.8193389727796124,-0.5733093821702638,-3.510507498979801e-17,5.0170042521561635e-17
75.993,0.5598177631466639,0.0,0.5945439580988124,0.8184333553156177,-0.5746014644140929,-3.518419220900503e-17,5.011458944513498e-17
76.01,0.5593425362289823,0.0,0.5948077699080273,0.8165141826097072,-0.5773253758472787,-3.5350983679895625e-17,4.999707400956977e-17
76.018,0.559117715703042,0.0,0.5949305981566972,0.8156135964466077,-0.5785969765660983,-3.542884676740042e-17,4.994192901146996e-17
76.036,0.5586091145920388,0.0,0.5952038644216547,0.8135934861876939,-0.5814341228659999,-3.5602571874144783e-17,4.981823293334478e-17
76.048,0.5582679392121507,0.0,0.5953836512770314,0.8122516790629023,-0.5833071316720686,-3.5717260586101125e-17,4.9736070943322324e-17
76.068,0.5576955924042685,0.0,0.595679027146875,0.8100244694385915,-0.586396076820717,-3.590640392555283e-17,4.9599693686450204e-17
76.082,0.5572922001281099,0.0,0.5958826025007233,0.8084724660053956,-0.588534002170779,-3.60373140973913e-17,4.950466088461375e-17
76.096,0.5568865591905108,0.0,0.5960835417691077,0.8069264754087825,-0.5906518968769672,-3.616699774603452e-17,4.9409996262831043e-17
76.105,0.5566246089815116,0.0,0.5962113206094808,0.8059358854458333,-0.5920028281610153,-3.62497184296784e-17,4.934934012146138e-17
76.116,0.5563031986793743,0.0,0.5963660063919521,0.8047287138850632,-0.5936427351942346,-3.6350133774634963e-17,4.927542218206544e-17
76.129,0.5559215875859586,0.0,0.5965467002878736,0.8033072048864084,-0.5955648869582439,-3.6467831624898435e-17,4.9188379859807356e-17
76.145,0.5554493068355955,0.0,0.5967659346461005,0.8015655170390376,-0.5979069508660527,-3.661124167830326e-17,4.908173223743753e-17
76.155,0.555152679953164,0.0,0.5969011808395108,0.8004814789113989,-0.5993574909182496,-3.6700061639901163e-17,4.9015354046279206e-17
76.178,0.5544662327967194,0.0,0.5972070441507829,0.7980017829328199,-0.6026550874555368,-3.6901981192114564e-17,4.886351645912794e-17
76.189,0.5541358738755385,0.0,0.597350753864992,0.7968227172476975,-0.6042131720493984,-3.6997386357648236e-17,4.879131950826446e-17
76.214,0.5533801511569362,0.0,0.5976711471347398,0.7941601400663781,-0.6077085419259389,-3.721141603420531e-17,4.862828367713518e-17
76.221,0.553167335826263,0.0,0.5977593040944582,0.7934189816458664,-0.6086758739789481,-3.727064803932682e-17,4.858290081276814e-17
76.238,0.552648306612747,0.0,0.5979705600501342,0.7916271845640787,-0.6110044195086891,-3.741323033081014e-17,4.8473184884721496e-17
76.243,0.5524950627662033,0.0,0.5980319269296315,0.7911024187493114,-0.6116837116100028,-3.745482497568813e-17,4.844105224595366e-17
76.265,0.5518176364446231,0.0,0.598297784631288,0.7888057824180561,-0.6146425283234461,-3.7636000246557236e-17,4.8300423829359796e-17
76.278,0.5514149395735586,0.0,0.5984516891173437,0.7874583152181676,-0.6163679110675417,-3.7741649469300275e-17,4.821791525969482e-17
76.285,0.5511973696694092,0.0,0.5985335752326222,0.7867357815553768,-0.6172898913966196,-3.779810448224437e-17,4.8173672832824175e-17
76.304,0.5506042529375755,0.0,0.5987523503271716,0.7847854918836663,-0.6197674819873272,-3.794981315156976e-17,4.805425203263065e-17
76.32,0.5501018939105137,0.0,0.5989326171381899,0.7831557072834501,-0.6218256493176838,-3.80758395532313e-17,4.795445650793293e-17
76.332,0.5497234033293771,0.0,0.5990654305432543,0.7819410667065542,-0.6233523627915564,-3.816932379168096e-17,4.788008122320243e-17
76.343,0.549375166350163,0.0,0.5991853742163256,0.7808335410883014,-0.6247391304468642,-3.825423882019265e-17,4.781226483803408e-17
76.361,0.5488026872673932,0.0,0.5993779174907573,0.7790336011490256,-0.6269821754091426,-3.839158571186254e-17,4.77020503037695e-17
76.375,0.5483551801550798,0.0,0.5995244644915388,0.7776444576486735,-0.6287043005167855,-3.849703546190285e-17,4.7616989796706376e-17
76.385,0.5480343383285836,0.0,0.5996274171105982,0.7766581015335462,-0.6299223708698619,-3.857162075985442e-17,4.755659290374587e-17
76.403,0.5474543350824673,0.0,0.5998091019301872,0.7748952324364761,-0.6320896920115212,-3.8704330904797286e-17,4.744864830389374e-17
76.408,0.5472926588345002,0.0,0.5998587399287878,0.7744084515608837,-0.6326859806816288,-3.8740843055358045e-17,4.7418841571834715e-17
76.419,0.5469361130244902,0.0,0.5999666705084908,0.7733420365108542,-0.633989033473959,-3.8820632026920403e-17,4.735354248295566e-17
76.448,0.5459905210074121,0.0,0.6002428007793136,0.7705607487671561,-0.6373665605123944,-3.902744591075308e-17,4.718323772631428e-17
76.461,0.5455640220867792,0.0,0.6003626099896813,0.7693284355562359,-0.6388534716541772,-3.911849295927312e-17,4.710778030484925e-17
76.476,0.5450699201610576,0.0,0.6004977844237575,0.7679178881796205,-0.6405482940526436,-3.922227090054338e-17,4.7021409188358366e-17
76.485,0.5447724441192213,0.0,0.600577308314352,0.767077471113728,-0.6415544819497153,-3.928388213991786e-17,4.6969948484873666e-17
76.503,0.544175227510284,0.0,0.6007327905952862,0.7654101220516888,-0.6435428074812264,-3.940563196480926e-17,4.6867852800279284e-17
76.514,0.5438087867177125,0.0,0.6008254620809224,0.7644001463702479,-0.644742131575984,-3.947906938549852e-17,4.680600962600462e-17
76.531,0.5432402885303391,0.0,0.6009651726557426,0.7628528385518837,-0.6465721512045919,-3.95911257695261e-17,4.671126434765185e-17
76.541,0.5429046505596512,0.0,0.6010453607049143,0.7619504412004245,-0.6476353334666649,-3.965622690723399e-17,4.6656008446250674e-17
76.553,0.5425006946773383,0.0,0.6011396318358181,0.7608752646283884,-0.6488981674166447,-3.973355318496886e-17,4.659017286887756e-17
76.573,0.5418245746122766,0.0,0.60129200129509,0.75910220200417,-0.6509714639770474,-3.986050598478788e-17,4.648160409550572e-17
76.587,0.5413491839638593,0.0,0.601395119065881,0.7578752999825709,-0.6523994402789814,-3.994794431515897e-17,4.6406478013824777e-17
76.594,0.5411108437891752,0.0,0.6014455820858344,0.7572662978949202,-0.6531062349055643,-3.9991223004013937e-17,4.6369187390959e-17
76.601,0.5408720763239511,0.0,0.6014953134637688,0.7566602846252585,-0.6538082392191328,-4.00342083707939e-17,4.63320797804124e-17
76.627,0.5399815174972832,0.0,0.6016736112694,0.7544358285076727,-0.6563738116835113,-4.019130437611798e-17,4.619587112720014e-17
76.646,0.5393270717592191,0.0,0.6017974927551895,0.7528369842909947,-0.658207015371031,-4.030355572752329e-17,4.609797015458564e-17
76.649,0.5392234592934607,0.0,0.6018165567685602,0.7525866232905509,-0.658493260743135,-4.032108320145918e-17,4.608263996469441e-17
76.659,0.5388775390047829,0.0,0.601879124551603,0.7517562325910179,-0.6594411018131638,-4.0379121728084745e-17,4.603179319908316e-17
76.686,0.5379394015572767,0.0,0.602040520483985,0.7495463514815376,-0.6619518615282498,-4.053286142051016e-17,4.58964770077221e-17
76.688,0.5378696709847627,0.0,0.6020520373444042,0.7493845421190897,-0.6621350376116358,-4.054407772072011e-17,4.5886569041832405e-17
76.699,0.5374855693408733,0.0,0.6021142972005149,0.7484992834196994,-0.6631355990445668,-4.0605344438529565e-17,4.583236258020112e-17
76.714,0.536960213626892,0.0,0.6021962399303413,0.7473049938995525,-0.6644811856574946,-4.0687737855454446e-17,4.5759233438295966e-17
76.72,0.5367495645608525,0.0,0.6022280602795703,0.7468314701555046,-0.6650133496294399,-4.0720323500697665e-17,4.5730238471422535e-17
76.745,0.5358687777815447,0.0,0.6023547483382637,0.7448845040188463,-0.6671934319765126,-4.0853815044108675e-17,4.5611021179057194e-17
76.758,0.5354088251662038,0.0,0.6024168602485879,0.7438888453258804,-0.6683033636004897,-4.0921778754637474e-17,4.5550054667487996e-17
76.766,0.5351251240317819,0.0,0.6024537997420153,0.7432818892092826,-0.6689783503025188,-4.096310976984282e-17,4.551288932421728e-17
76.776,0.5347698030544152,0.0,0.6024985974438145,0.7425294020099326,-0.6698134719089874,-4.101424621995585e-17,4.546681277221311e-17
76.789,0.534306741165388,0.0,0.6025545447371645,0.7415615461407922,-0.6708848435352208,-4.107984881159405e-17,4.540754869260417e-17
76.798,0.5339854081286501,0.0,0.6025917592356019,0.7408984083782462,-0.6716171144801043,-4.112468747503206e-17,4.5366943215689385e-17
76.829,0.5328739514906882,0.0,0.6027104142560443,0.7386580329125526,-0.6740803441829158,-4.12755167935877e-17,4.522975978354189e-17
76.845,0.5322975225275999,0.0,0.6027658645700515,0.7375285359287954,-0.6753159695214733,-4.135117702437819e-17,4.516059804025165e-17
76.85,0.5321170065845447,0.0,0.6027823826159946,0.7371793499717952,-0.6756971259189737,-4.137451612248686e-17,4.5139216567024275e-17
76.864,0.531610603757243,0.0,0.6028265780378252,0.7362112706190925,-0.6767517750352942,-4.1439094755713133e-17,4.507993880299388e-17
76.877,0.5311391193944238,0.0,0.6028649016779201,0.7353251341619764,-0.6777145026260478,-4.14980448188365e-17,4.5025678594203123e-17
76.893,0.5305571942867021,0.0,0.6029084747183527,0.7342515444654928,-0.6788775069554436,-4.156925829530595e-17,4.495994018493331e-17
76.906,0.5300830662114902,0.0,0.6029409529928147,0.733393196366985,-0.6798046921893207,-4.162603201675017e-17,4.490738152236372e-17
76.923,0.5294612986683279,0.0,0.6029794617336096,0.7322897474352645,-0.6809931907157344,-4.169880656255836e-17,4.483981476225102e-17
76.935,0.5290212218527367,0.0,0.6030039365397187,0.7315238992301928,-0.6818157997986368,-4.174917684157466e-17,4.4792920084602325e-17
76.947,0.5285801786662845,0.0,0.6030261673965385,0.7307689266083904,-0.6826249159704184,-4.1798720918070194e-17,4.474669134436562e-17
76.961,0.5280644208648894,0.0,0.6030492638773428,0.7299019511506233,-0.6835518573645406,-4.185547970863564e-17,4.469360440840093e-17
76.97,0.5277321829707065,0.0,0.6030624950792319,0.7293525138126733,-0.684138078603387,-4.1891375406822915e-17,4.4659961074538305e-17
76.985,0.5271772856025345,0.0,0.603081732473278,0.7284506080837713,-0.685098322565735,-4.195017339156741e-17,4.460473527633668e-17
77.008,0.5263236501343078,0.0,0.6031043870864503,0.7271014721374236,-0.6865300060562476,-4.203783872176983e-17,4.452212452542121e-17
77.031,0.5254666995282993,0.0,0.6031187439747469,0.7257935827067475,-0.6879125491671915,-4.2122495071544866e-17,4.4442039395175405e-17
77.033,0.5253920278610141,0.0,0.6031195997369102,0.7256818150942719,-0.688030452263185,-4.212971455400077e-17,4.4435195602732074e-17
77.042,0.5250557034337048,0.0,0.60312267248336,0.7251827627628882,-0.6885564323943134,-4.216192154820084e-17,4.440463746072027e-17
77.064,0.5242315201546661,0.0,0.603124818201468,0.72398985064055,-0.6898106234101314,-4.223871859885289e-17,4.4331592660105996e-17
77.07,0.5240062425776246,0.0,0.6031240804540258,0.7236711913420633,-0.6901449172612655,-4.2259188193591184e-17,4.431208040561048e-17
77.083,0.5235174159592789,0.0,0.6031205349734561,0.7229906340171247,-0.6908578313397887,-4.230284159080771e-17,4.427040828812936e-17
77.09,0.5232537943194915,0.0,0.6031175215942873,0.722629792488207,-0.691235258800107,-4.232595235736717e-17,4.424831311695994e-17
77.116,0.5222721726148873,0.0,0.6030995540890222,0.7213241050806806,-0.6925976721225355,-4.240937611308856e-17,4.4168362821744227e-17
77.128,0.5218178325014986,0.0,0.6030876570320904,0.7207399528242758,-0.6932055397952765,-4.244659727307493e-17,4.4132593812193187e-17
77.137,0.5214765544207107,0.0,0.6030772387799005,0.7203095348145954,-0.6936527762902569,-4.2473982610176906e-17,4.410623831030066e-17
77.149,0.5210208282447603,0.0,0.6030613524346761,0.7197459419641641,-0.694237552301889,-4.250978981372008e-17,4.407172820128551e-17
77.16,0.5206023961570453,0.0,0.6030447853690656,0.7192396884836149,-0.6947620243723692,-4.254190446583787e-17,4.404072911605992e-17
77.18,0.5198399641742912,0.0,0.6030097468071547,0.7183447596171316,-0.695687290620294,-4.2598560683281874e-17,4.3985930527469755e-17
77.189,0.5194961875414708,0.0,0.6029919081226633,0.7179528323022432,-0.6960917544326948,-4.2623326948943256e-17,4.396193190088593e-17
77.194,0.5193050200178592,0.0,0.6029814418612784,0.7177379984422713,-0.6963132668505478,-4.263689067261801e-17,4.3948777120937774e-17
77.22,0.5183089040248096,0.0,0.6029206121687918,0.7166544192758649,-0.6974284503319125,-4.270517596666377e-17,4.388242703304966e-17
77.233,0.5178095829608643,0.0,0.6028861652564762,0.7161338220872625,-0.6979629996372939,-4.273790767145486e-17,4.385054964901631e-17
77.242,0.517463415783522,0.0,0.6028607415028695,0.7157817197828441,-0.6983240863844766,-4.2760017857912455e-17,4.382898960101239e-17
77.258,0.5168470468391805,0.0,0.6028123582220547,0.7151726040822048,-0.698947885303531,-4.279821452538903e-17,4.379169202135747e-17
77.275,0.5161908321726524,0.0,0.6027564805525436,0.7145491231315493,-0.6995852704509536,-4.283724310941979e-17,4.375351482382999e-17
77.284,0.5158428829886361,0.0,0.6027250324795582,0.7142289651510132,-0.6999121268697326,-4.285725729277171e-17,4.3733910801525737e-17
77.298,0.515300897159348,0.0,0.6026735444462716,0.713744633952094,-0.7004060233211815,-4.2887499728190566e-17,4.3704254068901555e-17
77.31,0.5148356404990178,0.0,0.6026269217115547,0.7133427940908017,-0.7008152810254126,-4.291255953506622e-17,4.367964847390649e-17
77.323,0.5143308993126756,0.0,0.602573818642834,0.7129213613055088,-0.7012439893462904,-4.293881034871276e-17,4.365384315832825e-17
77.338,0.5137476016858938,0.0,0.6025091906801561,0.7124530967319379,-0.7017197339088248,-4.296794130149874e-17,4.362517022276937e-17
77.356,0.513046394814583,0.0,0.6024268896289682,0.7119167187397998,-0.7022639002389036,-4.300126187921547e-17,4.359232654320912e-17
77.357,0.5130073995827733,0.0,0.6024221654413189,0.7118877386350961,-0.7022932774710356,-4.300306071588039e-17,4.3590552023585904e-17
77.397,0.5114443005011019,0.0,0.602220079065622,0.7107994472544675,-0.7033947297092461,-4.30705052137773e-17,4.3523913395794576e-17
77.41,0.5109349504162785,0.0,0.6021488871012838,0.710475634830147,-0.7037218003676592,-4.3090532515523326e-17,4.3504085603346165e-17
77.421,0.5105034651746873,0.0,0.6020865340633957,0.7102131283304992,-0.7039867273940652,-4.310675461726811e-17,4.348801171611871e-17
77.429,0.5101893768827699,0.0,0.6020399691914953,0.7100288396606479,-0.7041725973439708,-4.311813586922859e-17,4.3476727289636087e-17
77.437,0.5098750557452572,0.0,0.6019923791474131,0.7098501372382462,-0.7043527402252675,-4.312916643937705e-17,4.346578492215638e-17
77.45,0.5093637956563165,0.0,0.60191285850447,0.7095716760315879,-0.7046332638853514,-4.3146343559497396e-17,4.344873409088534e-17
77.464,0.5088125458470072,0.0,0.6018241925061825,0.7092883388087845,-0.704918472186589,-4.3163807531157436e-17,4.3431384689736064e-17
77.479,0.508221178552596,0.0,0.6017257076178874,0.7090038351577284,-0.7052046240146421,-4.318132927717221e-17,4.341396386545548e-17
77.497,0.5075105534958043,0.0,0.6016027654204316,0.7086885211493168,-0.7055214950596433,-4.320073203272237e-17,4.339465645089911e-17
77.502,0.5073129717175756,0.0,0.6015676931149956,0.7086059920454963,-0.7056043849333832,-4.320580757365023e-17,4.33896030007576e-17
77.513,0.5068780136029388,0.0,0.6014891233677929,0.7084321780826865,-0.7057788953043445,-4.321649325201102e-17,4.337895996509749e-17
77.531,0.5061654576807022,0.0,0.6013563706137595,0.7081707659149823,-0.7060411930641067,-4.3232554357606835e-17,4.336295308637563e-17
77.544,0.5056502294650835,0.0,0.6012572633382802,0.707999755158177,-0.7062126780906453,-4.3243054787049445e-17,4.3352481697578565e-17
77.566,0.5047771931786309,0.0,0.6010833714778325,0.7077443850601293,-0.7064686018612997,-4.3258725598377326e-17,4.333684478891996e-17
77.571,0.5045785866897444,0.0,0.6010427685758123,0.7076923188788875,-0.7065207582228727,-4.3261919254440106e-17,4.333365665480988e-17
77.583,0.504101653752068,0.0,0.6009436866751167,0.7075763926998598,-0.7066368575823467,-4.326902828988825e-17,4.33265582236057e-17
77.596,0.5035845449000367,0.0,0.6008337434777113,0.7074652045477071,-0.7067481760530203,-4.327584458032807e-17,4.331974991287385e-17
77.6,0.5034253462995976,0.0,0.6007993699147047,0.7074340069682783,-0.7067794039053529,-4.3277756734798236e-17,4.331783961208442e-17
77.635,0.5020306639655819,0.0,0.6004876656738719,0.7072215794385267,-0.7069919642941324,-4.3290772304785454e-17,4.330483217736637e-17
77.648,0.5015118990036858,0.0,0.6003668919459924,0.7071703754251691,-0.7070431812280105,-4.329390843749225e-17,4.330169683581327e-17
77.656,0.5011924697974172,0.0,0.6002912244944598,0.7071463261419363,-0.7070672340194829,-4.3295381246196614e-17,4.330022424192663e-17
77.674,0.5004732464025434,0.0,0.6001172264672057,0.7071130038609706,-0.7071005584573632,-4.3297421779505785e-17,4.3298183840690386e-17
77.688,0.4999133835531435,0.0,0.5999783095503898,0.7071069894910305,-0.7071065728820033,-4.32977900568e-17,4.329781556674558e-17
77.694,0.4996733221394881,0.0,0.5999178137182318,0.707109743337949,-0.7071038190227373,-4.329762143155323e-17,4.3297984191236283e-17
77.706,0.4991929903389084,0.0,0.5997950945092764,0.7071248473566062,-0.7070887145548969,-4.3296696549643545e-17,4.329890904564143e-17
77.719,0.49867232720947063,0.0,0.5996595501248003,0.7071556476829803,-0.707057911312832,-4.3294810395053646e-17,4.3300795021696763e-17
77.74,0.49783062388514815,0.0,0.599434887537279,0.7072371128873893,-0.7069764254589471,-4.328982082554685e-17,4.330578332678783e-17
77.758,0.49710858135435837,0.0,0.5992367123677619,0.7073381050431372,-0.7068753816295937,-4.328363367543729e-17,4.331196731280162e-17
77.766,0.4967875113913857,0.0,0.5991469740125548,0.7073922198140581,-0.7068212272891493,-4.328031767845303e-17,4.331528088685136e-17
77.771,0.4965867941363046,0.0,0.5990903688306455,0.7074289245552405,-0.7067844909890255,-4.327806822883507e-17,4.331752840404149e-17
77.793,0.4957032169272962,0.0,0.598836567969689,0.7076167574434278,-0.706596436861416,-4.3266553234562903e-17,4.332902985130614e-17
77.801,0.4953817548712832,0.0,0.5987423632867723,0.7076956930422708,-0.7065173784482729,-4.326171230293283e-17,4.3333863262729235e-17
77.811,0.49497981404488306,0.0,0.5986231731496299,0.7078023308972656,-0.7064105466203048,-4.325517074012442e-17,4.33403929481186e-17
77.82,0.49461796463405133,0.0,0.5985145400017069,0.7079058704858688,-0.7063067878278138,-4.324881734646904e-17,4.3346732919407004e-17
77.837,0.49393422290629735,0.0,0.5983058254533014,0.7081209839612966,-0.7060911216505169,-4.3235611601783494e-17,4.335990482086381e-17
77.858,0.49308919232126625,0.0,0.5980416538386868,0.7084219446975786,-0.7057891670115807,-4.321712221268045e-17,4.3378333350981643e-17
77.872,0.49252561497169595,0.0,0.5978616451270955,0.7086441864898109,-0.7055660259353438,-4.3203458762441857e-17,4.339194173595635e-17
77.88,0.49220349851932477,0.0,0.597757385308325,0.7087789300562066,-0.7054306686757947,-4.3195170520709456e-17,4.340019239982096e-17
77.898,0.4914785643325019,0.0,0.5975190868828848,0.7091026779693279,-0.7051052347676392,-4.317524344101162e-17,4.342001624209769e-17
77.906,0.49115630237873104,0.0,0.5974115269624708,0.7092556989129075,-0.7049513129000917,-4.316581844489108e-17,4.3429386072535555e-17
77.924,0.4904310797155728,0.0,0.5971658090144019,0.7096205098937135,-0.7045840843633825,-4.3143332182289254e-17,4.3451724302532445e-17
77.937,0.48990720977618873,0.0,0.5969851555320692,0.7099016204455076,-0.7043008514043145,-4.312598916545247e-17,4.3468937359405506e-17
77.95,0.489383273466356,0.0,0.5968018286622807,0.7101974937027448,-0.7040024999517684,-4.3107720407883394e-17,4.3487054371276946e-17
77.963,0.48885928481748087,0.0,0.5966158307292926,0.7105081027053249,-0.7036890193758031,-4.308852525868585e-17,4.3506073687316757e-17
77.972,0.4884965001589552,0.0,0.5964854994809965,0.7107317570585665,-0.7034631259052906,-4.3074693272905283e-17,4.351976856670739e-17
77.981,0.4881337017899125,0.0,0.5963538899819316,0.7109624507882014,-0.703229972035631,-4.306041671589591e-17,4.3533894483586423e-17
78.002,0.48728714506692417,0.0,0.5960418348822085,0.7115280542713865,-0.7026576890526245,-4.302537448972864e-17,4.3568527708349886e-17
78.008,0.48704527092270405,0.0,0.5959514003867192,0.7116966658205065,-0.7024869079633971,-4.3014917164014776e-17,4.3578852188046336e-17
78.02,0.48656153052357887,0.0,0.5957688318981389,0.7120432151545013,-0.7021356419898085,-4.2993408326504546e-17,4.360007221467751e-17
78.028,0.4862390471853516,0.0,0.5956458615437196,0.7122811455273865,-0.7018942724700025,-4.2978628706012436e-17,4.36146412481562e-17
78.041,0.485715038831177,0.0,0.5954438901023877,0.7126795270493117,-0.7014897659444287,-4.295385982492353e-17,4.363903508093945e-17
78.054,0.48519107618458684,0.0,0.5952392658973198,0.7130924177207405,-0.7010700419995058,-4.2928159145639765e-17,4.366431734289761e-17
78.055,0.4851507736596947,0.0,0.5952234157788475,0.7131247784381648,-0.7010371248211598,-4.292614354978484e-17,4.36662988653482e-17
78.08,0.48414334391525615,0.0,0.5948220708822458,0.7139615740880628,-0.7001848832456293,-4.287395880390616e-17,4.37175378210576e-17
78.107,0.4830556866895558,0.0,0.594377637034963,0.7149250845628367,-0.6992010608278715,-4.281371705516433e-17,4.3776535822001434e-17
78.12,0.48253217152930356,0.0,0.5941595912540266,0.7154110262360075,-0.6987038453736623,-4.2783271389440137e-17,4.380629116773249e-17
78.128,0.48221007233479285,0.0,0.5940240998128548,0.7157171574207113,-0.6983902566428148,-4.2764069617666086e-17,4.382503629650582e-17
78.141,0.48168677491613915,0.0,0.593801800752807,0.7162261099379801,-0.697868296631326,-4.273210878479845e-17,4.385620065006538e-17
78.152,0.48124410373087284,0.0,0.5936116483225065,0.7166678426282292,-0.6974146566732016,-4.270433134866433e-17,4.3883248976325e-17
78.161,0.4808820055754296,0.0,0.5934546706875232,0.7170367936339559,-0.6970353194603095,-4.2681103643486043e-17,4.3905840709735264e-17
78.176,0.4802786966498384,0.0,0.5931902479051423,0.7176667317285731,-0.6963867188351802,-4.264138830951156e-17,4.3944413293296965e-17
78.203,0.4791933936809839,0.0,0.592705503498532,0.7188477100488037,-0.6951675839375647,-4.2566737827006883e-17,4.4016727359283604e-17
78.216,0.47867116996207765,0.0,0.5924680883784506,0.7194378088537897,-0.6945568653405263,-4.2529342098254735e-17,4.4052860489918945e-17
78.229,0.47814917927877487,0.0,0.5922280656110308,0.7200417959098812,-0.6939306969308052,-4.2491000341320133e-17,4.408984403066739e-17
78.234,0.4779484786102961,0.0,0.5921350556346182,0.7202777849186822,-0.6936857448100231,-4.247600134978712e-17,4.4104294189880496e-17
78.247,0.4774268334241858,0.0,0.5918914286808902,0.7209009095152313,-0.6930381509412827,-4.243634766186211e-17,4.4142449567012187e-17
78.268,0.4765847436963443,0.0,0.5914923904702067,0.7219365222939694,-0.6919592891045606,-4.237028642710891e-17,4.420586256074407e-17
78.273,0.4763843548443157,0.0,0.5913963839003317,0.7221883590332591,-0.691696446482739,-4.235419195833424e-17,4.422128311357801e-17
78.29,0.4757033622888944,0.0,0.5910670969457188,0.7230596692233289,-0.6907855779781815,-4.229841734840672e-17,4.4274635475344686e-17
78.308,0.47498289277082206,0.0,0.5907136227918787,0.7240074915970663,-0.6897921078928955,-4.2237584850407007e-17,4.4332672857152575e-17
78.322,0.47442296394151495,0.0,0.5904352798899886,0.7247625428112686,-0.6889987347867513,-4.218900475865856e-17,4.4378906409785834e-17
78.33,0.47410318336754276,0.0,0.590274886125804,0.725200980863834,-0.6885372447109401,-4.216074664144954e-17,4.440575299767076e-17
78.357,0.4730249318950355,0.0,0.5897263742815596,0.7267179544333258,-0.6869359611377487,-4.206269630132773e-17,4.449864083898422e-17
78.362,0.47282543300531193,0.0,0.5896235840596245,0.7270051485402422,-0.6866320076984326,-4.204408452100031e-17,4.451622640617269e-17
78.371,0.47246647999467273,0.0,0.589437607469699,0.7275270108775654,-0.6860790395016851,-4.201022498439146e-17,4.4548181258222604e-17
78.377,0.47222728341799586,0.0,0.5893129421472035,0.7278784187451289,-0.6857062107966434,-4.198739581037848e-17,4.4569698784232947e-17
78.389,0.47174914933712786,0.0,0.589061979349845,0.7285896021537104,-0.6849505030536864,-4.1941122056953324e-17,4.461324620847925e-17
78.415,0.4707144221372623,0.0,0.5885107767591873,0.7301685349749034,-0.6832670857963254,-4.1838042479160495e-17,4.4709927959756386e-17
78.428,0.47019771641092295,0.0,0.5882313620098928,0.7309773746829686,-0.6824016981965936,-4.178505277145882e-17,4.475945510773165e-17
78.441,0.46968146738681854,0.0,0.5879494115313237,0.7317990293239766,-0.6815204917539059,-4.1731094438987555e-17,4.4809766944037396e-17
78.454,0.46916568863101066,0.0,0.5876649303405113,0.7326334218437339,-0.6806234415574749,-4.167616595640086e-17,4.486085875046507e-17
78.463,0.4688088936359053,0.0,0.5874665020068067,0.7332184989078635,-0.6799931123616616,-4.1637569424797766e-17,4.489668438815711e-17
78.481,0.46809601726274813,0.0,0.5870660206589475,0.734406750195271,-0.6787096030465612,-4.1558977146077096e-17,4.4969443794942424e-17
78.489,0.46777949619619774,0.0,0.5868864805257101,0.7349425625895976,-0.6781293605900245,-4.152344754272074e-17,4.50022528416252e-17
78.494,0.46758177036630494,0.0,0.5867737848656331,0.735279839321078,-0.677763644560528,-4.150105389447475e-17,4.5022905085106915e-17
78.512,0.46687060637985645,0.0,0.5863650088548571,0.7365092027012642,-0.676427523343298,-4.1419240065877076e-17,4.5098181881533614e-17
78.532,0.4660816489279317,0.0,0.5859051879291347,0.7379027965309977,-0.6749070031283815,-4.1326135055165256e-17,4.518351489267835e-17
78.554,0.46521534124208963,0.0,0.5853925687383301,0.739468987082953,-0.6731906246692028,-4.122103718585732e-17,4.5279416404993696e-17
78.555,0.4651760030959085,0.0,0.5853690986171319,0.7395409983590088,-0.6731115150895582,-4.121619312118264e-17,4.52838258239299e-17
78.565,0.46478281411576045,0.0,0.5851335895064331,0.7402650123127612,-0.672315187650545,-4.11674321287196e-17,4.532815889247995e-17
78.58,0.4641936967121792,0.0,0.5847775758567648,0.7413642664991006,-0.6711028418642336,-4.1093197359386305e-17,4.5395468798517446e-17
78.591,0.4637621956892999,0.0,0.584514406350086,0.7421804081312424,-0.6702001505417188,-4.1037923457449505e-17,4.5445443060390115e-17
78.599,0.46344865750257086,0.0,0.5843219003484139,0.742779256122062,-0.669536389358156,-4.099727980700709e-17,4.5482111924146765e-17
78.604,0.4632528177630298,0.0,0.5842011101209255,0.7431557875347506,-0.6691184315602169,-4.0971687273035844e-17,4.5505167823613146e-17
78.63,0.4622359909615838,0.0,0.5835671377545981,0.7451414451896369,-0.6669064602031528,-4.0836243090924136e-17,4.562675428817609e-17
78.643,0.46172856860504286,0.0,0.5832464735783993,0.7461515340997112,-0.6657761546951403,-4.076703183980183e-17,4.5688604395704925e-17
78.656,0.46122182458275457,0.0,0.5829233654934766,0.7471730014680408,-0.664629600512375,-4.0696825644303204e-17,4.5751151232857837e-17
78.678,0.4603658400841867,0.0,0.5823710169855767,0.7489272853241392,-0.6626521872724902,-4.057574400456238e-17,4.585857013831618e-17
78.686,0.46005507648790295,0.0,0.5821684379269461,0.7495731228411434,-0.6619215463438066,-4.053100515083046e-17,4.5898116280714605e-17
78.701,0.45947313398921213,0.0,0.5817861298536122,0.750795329155976,-0.660534914836127,-4.0446098458956625e-17,4.597295483328248e-17
78.711,0.4590857162119494,0.0,0.5815294702473396,0.7516182297555415,-0.6595983904613063,-4.038875288005924e-17,4.602334296254619e-17
78.719,0.4587760999880113,0.0,0.5813231152477348,0.752281176706292,-0.658842189885709,-4.0342448949338306e-17,4.6063936755608247e-17
78.724,0.45858273487085965,0.0,0.581193680389513,0.752697595133854,-0.6583664103519504,-4.031331585518245e-17,4.6089435030329234e-17
78.759,0.45723236908449966,0.0,0.5802776978427221,0.7556567154681172,-0.6549678834629504,-4.010521610136095e-17,4.6270628892611595e-17
78.772,0.45673225912241294,0.0,0.5799330626437075,0.7567752472317034,-0.6536751679369457,-4.0026060104804456e-17,4.633911920981262e-17
78.779,0.4564633030449278,0.0,0.5797465036418243,0.7573818299419566,-0.6529722533720504,-3.9983019001205807e-17,4.637626168853911e-17
78.794,0.45588776698174965,0.0,0.5793444156875394,0.7586916814850329,-0.6514498694799267,-3.988979987317766e-17,4.6456466963518436e-17
78.812,0.45519858406727554,0.0,0.5788577489181017,0.760281360914756,-0.6495939133378689,-3.9776155335741215e-17,4.655380675478248e-17
78.82,0.4548928002538566,0.0,0.5786399999267586,0.760994066143112,-0.6487588390881259,-3.972502178539131e-17,4.659744736361457e-17
78.825,0.4547018497426685,0.0,0.578503453921542,0.7614414212899293,-0.6482337247814035,-3.969286780764561e-17,4.662483996604616e-17
78.838,0.45420597607388546,0.0,0.5781468071677652,0.7626113840752682,-0.6468569214894463,-3.9608562920418056e-17,4.66964795250555e-17
78.864,0.45321686191182164,0.0,0.577426486758405,0.7649805592658496,-0.6440533704168528,-3.943689492805317e-17,4.6841549665743745e-17
78.881,0.4525720713271624,0.0,0.5769504645770467,0.7665503617287924,-0.6421841970443195,-3.9322441068666955e-17,4.693767234382057e-17
78.887,0.45234487054982436,0.0,0.5767815083548371,0.7671082623059103,-0.6415176645284264,-3.928162772306115e-17,4.697183390162107e-17
78.902,0.45177773010185474,0.0,0.5763569596486907,0.7685117001682434,-0.6398357341572256,-3.9178639190787156e-17,4.7057769685916487e-17
78.92,0.45109880833347105,0.0,0.575843444557982,0.7702119952597811,-0.6377879603425788,-3.905324920841291e-17,4.7161882732989364e-17
78.929,0.45076003090056044,0.0,0.5755850332551142,0.7710686641740007,-0.6367520044168861,-3.898981520299004e-17,4.7214338575175767e-17
78.929,0.45076003090056044,0.0,0.5755850332551142,0.7710686641740007,-0.6367520044168861,-3.898981520299004e-17,4.7214338575175767e-17
78.959,0.44963412711562933,0.0,0.5747157379148549,0.7739550079563895,-0.6332405906598416,-3.877480312208772e-17,4.7391076158892835e-17
78.973,0.4491105024275187,0.0,0.5743059135482913,0.7753178679510515,-0.6315712181819528,-3.867258353900616e-17,4.7474527265400276e-17
78.994,0.44832725488719455,0.0,0.5736862494771081,0.7773806752669381,-0.6290304330646646,-3.851700532094574e-17,4.760083778423319e-17
78.996,0.44825279851924094,0.0,0.5736269264705768,0.7775782756754471,-0.6287861521992977,-3.850204743195252e-17,4.7612937319622726e-17
79.004,0.44795521648855813,0.0,0.5733891013488773,0.778370640410665,-0.6278050223968356,-3.8441970558345856e-17,4.7661455666459815e-17
79.012,0.4476580261286975,0.0,0.5731504246570456,0.7791661236995306,-0.6268174787600038,-3.8381500950652636e-17,4.771016496963404e-17
79.025,0.4471759345813457,0.0,0.5727607635673149,0.780465357970115,-0.6251990283170474,-3.828239944292538e-17,4.778972012417473e-17
79.046,0.44639940358143093,0.0,0.5721265915778793,0.782581019115571,-0.6225487519223168,-3.812011681774225e-17,4.791926700666788e-17
79.051,0.4462149264146968,0.0,0.5719747420635504,0.7830877743767195,-0.6219111975368478,-3.808107787086989e-17,4.795029681709371e-17
79.064,0.4457360343723857,0.0,0.5715783978223489,0.7844106944374655,-0.6202417774159793,-3.797885537049721e-17,4.8031302307989734e-17
79.077,0.44525823334933945,0.0,0.5711798421400679,0.7857412460353723,-0.6185553283892884,-3.78755901503741e-17,4.8112775095763585e-17
79.09,0.44478153554446154,0.0,0.5707790832576879,0.7870792956709026,-0.616851831744217,-3.7771281064686853e-17,4.8194707005926206e-17
79.109,0.4440868330903595,0.0,0.5701894128313064,0.7890481149483101,-0.6143314026618845,-3.761694929427903e-17,4.8315262417235035e-17
79.125,0.44350369626174363,0.0,0.5696892309653165,0.7907179568315135,-0.6121806210132731,-3.748525190119719e-17,4.84175107431024e-17
79.138,0.4430311769512527,0.0,0.569280409587449,0.7920825192758622,-0.6104140256068855,-3.737707913070614e-17,4.850106609458781e-17
79.153,0.4424874045062722,0.0,0.5688060045212895,0.7936655284218844,-0.6083543613674607,-3.725096106979965e-17,4.8597997448772673e-17
79.169,0.44190910350590695,0.0,0.5682968121741083,0.795363896050925,-0.6061322239072046,-3.711489439340124e-17,4.870199247280667e-17
79.173,0.4417648086871473,0.0,0.5681690062030026,0.7957900428606944,-0.6055726279182161,-3.708062902156472e-17,4.8728086439134226e-17
79.2,0.44079378818867465,0.0,0.5673010281912847,0.7986823815281358,-0.6017528175559674,-3.684673309489084e-17,4.890519110369083e-17
79.209,0.44047127584300094,0.0,0.567009663972782,0.7996524895576868,-0.6004630679269073,-3.676775870714434e-17,4.896459308835167e-17
79.219,0.4401136175533934,0.0,0.5666847365672937,0.8007338084370715,-0.5990203402438545,-3.667941711518974e-17,4.903080477357648e-17
79.227,0.4398280164045965,0.0,0.5664238958412701,0.8016014140043005,-0.5978588236919365,-3.6608294738816595e-17,4.9083930292617946e-17
79.254,0.4388675988767206,0.0,0.5655376889352834,0.8045458542178344,-0.5938905357562917,-3.636530718289247e-17,4.92642252567572e-17
79.268,0.4383717471856158,0.0,0.5650746283691528,0.8060821741550303,-0.5918036232649303,-3.623752064776015e-17,4.935829772143485e-17
79.286,0.43773640364009564,0.0,0.564475730041112,0.8080666716075522,-0.5890910407034657,-3.607142287019412e-17,4.947981314409221e-17
79.29,0.4375955520353857,0.0,0.5643421036999412,0.8085090455917436,-0.588483749305219,-3.603423699684349e-17,4.950690073828052e-17
79.308,0.4369632450145568,0.0,0.5637383760616119,0.8105057358625244,-0.5857306993268732,-3.5865661304649796e-17,4.962916275573053e-17
79.313,0.436788049811312,0.0,0.5635699765150409,0.8110620815283743,-0.5849600840286974,-3.581847472673555e-17,4.9663229102675663e-17
79.316,0.43668302623541566,0.0,0.5634687916789506,0.8113962386185983,-0.5844964875476932,-3.5790087629407665e-17,4.9683690323223426e-17
79.334,0.4360543666683114,0.0,0.5628594041970276,0.8134065769543293,-0.5816955737904843,-3.561858112603498e-17,4.980678804362623e-17
79.348,0.4355671791223271,0.0,0.5623827469533635,0.8149763893451004,-0.5794941628783014,-3.5483783584674336e-17,4.9902911329607215e-17
79.363,0.43504692864968375,0.0,0.5618694462866961,0.816664132093911,-0.577113243091249,-3.533799429486232e-17,5.000625576736297e-17
79.391,0.4340806587852416,0.0,0.5609041482084783,0.8198298480590089,-0.5726072128706923,-3.506207952053902e-17,5.0200099963546314e-17
79.403,0.433668504953021,0.0,0.5604876230657208,0.8211923614109568,-0.5706514746851151,-3.4942325095092154e-17,5.0283529844309234e-17
79.417,0.43318916323313383,0.0,0.5599995485094132,0.8227861120641997,-0.5683511360015727,-3.4801469974804405e-17,5.0381118926115885e-17
79.422,0.43301836488933887,0.0,0.5598246828199025,0.823356357677048,-0.5675247204067723,-3.475086661415751e-17,5.0416036399341e-17
79.444,0.4322693432805873,0.0,0.5590518320527739,0.8258717096601035,-0.5638580665230372,-3.452634881704264e-17,5.05700572870799e-17
79.449,0.4320996808831152,0.0,0.5588754051741877,0.8264447546904039,-0.5630178216048921,-3.447489865456733e-17,5.0605146175186136e-17
79.462,0.4316595541087539,0.0,0.5584153521064447,0.8279369423412443,-0.5608212010138626,-3.434039443578006e-17,5.069651631670257e-17
79.471,0.431355697723296,0.0,0.5580957213327518,0.8289718528127675,-0.559290324647376,-3.4246655293674654e-17,5.075988630652033e-17
79.497,0.43048181833189925,0.0,0.557167171860623,0.8319696080441334,-0.5548212065980274,-3.397300073796733e-17,5.09434458739563e-17
79.511,0.4300137077403697,0.0,0.5566640221167404,0.8335883855394409,-0.5523861000185906,-3.3823893464062834e-17,5.1042567407864306e-17
79.524,0.42958057816294537,0.0,0.5561948443478888,0.8350941956178972,-0.5501069754559537,-3.368433733403826e-17,5.1134771682499575e-17
79.53,0.4293811769256411,0.0,0.5559776647283781,0.8357900030596408,-0.5490492425871887,-3.3619569875433965e-17,5.117737760031728e-17
79.543,0.42895024091044115,0.0,0.5555057369671188,0.8372992624571859,-0.5467448628827275,-3.347846731397954e-17,5.1269793084831615e-17
79.559,0.42842193768686654,0.0,0.5549223382970503,0.8391597640208284,-0.5438849974475374,-3.330335106141965e-17,5.138371594906779e-17
79.573,0.4279615693148109,0.0,0.5544095573420159,0.840790153663936,-0.541361171032588,-3.3148811264386085e-17,5.148354852195752e-17
79.592,0.42733964021797494,0.0,0.553710220432595,0.8430061069113958,-0.5379039911639366,-3.293712005137506e-17,5.1619236524535616e-17
79.611,0.4267210304605385,0.0,0.5530069753472148,0.8452253764755602,-0.5344100139048179,-3.272317564804139e-17,5.175512759294557e-17
79.614,0.42662366081575853,0.0,0.5528955815580502,0.8455760571842147,-0.5338549723630921,-3.268918915566797e-17,5.1776600593314393e-17
79.623,0.42633205456996454,0.0,0.552560821823835,0.8466284992154043,-0.5321843518145495,-3.258689315029985e-17,5.1841044081553615e-17
79.645,0.4256224319425945,0.0,0.5517388867098626,0.849203372729632,-0.5280659350352167,-3.233471285398162e-17,5.1998709611924024e-17
79.65,0.42546178985946126,0.0,0.5515513679668084,0.8497889537040327,-0.5271230730698527,-3.2276979209585574e-17,5.20345661052211e-17
79.658,0.42520525516162716,0.0,0.5512507898896732,0.8507261325300102,-0.5256092155114211,-3.218428216892066e-17,5.2091951757694195e-17
79.672,0.42475778486624005,0.0,0.5507231618718089,0.852366829845396,-0.5229443444376369,-3.202110587738815e-17,5.219241549347704e-17
79.69,0.42418522429561784,0.0,0.5500417790663609,0.8544771959551561,-0.5194889042054832,-3.180952118639055e-17,5.2321638148544386e-17
79.711,0.4235211924597112,0.0,0.5492425970938474,0.8569400225303954,-0.5154161404007499,-3.156013632853306e-17,5.247244278265547e-17
79.729,0.42295544334244084,0.0,0.5485539869062505,0.8590511418775593,-0.5118897690312451,-3.134420835801961e-17,5.260171156021159e-17
79.738,0.4226737618491715,0.0,0.54820844642011,0.8601065979443823,-0.5101143402929786,-3.1235494701948e-17,5.266633960490536e-17
79.743,0.4225176175053909,0.0,0.5480161254893527,0.8606929043196044,-0.5091244685279664,-3.1174882537518575e-17,5.2702240516192134e-17
79.751,0.4222683014062232,0.0,0.5477078879933382,0.8616308792918981,-0.5075354449205204,-3.107758290378715e-17,5.2759674918567124e-17
79.776,0.42149329624406906,0.0,0.5467405155440757,0.864560740565238,-0.502528333403488,-3.077098574917178e-17,5.29390771800842e-17
79.79,0.4210620309997579,0.0,0.5461960752768008,0.8662002706386078,-0.49969699933620026,-3.059761653903074e-17,5.3039469442907105e-17
79.795,0.42090848712825346,0.0,0.5460011640744014,0.8667855566678055,-0.4986810591471091,-3.0535408143995956e-17,5.307530787601924e-17
79.817,0.4202359097294881,0.0,0.5451406478756455,0.8693588777535367,-0.4941812842177567,-3.0259876395790205e-17,5.323287834756019e-17
79.83,0.4198408009155774,0.0,0.544629950034755,0.8708777613103335,-0.49149966923193533,-3.009567483534362e-17,5.332588314186563e-17
79.838,0.4195985201221995,0.0,0.5443148643185826,0.8718117337229054,-0.4898410976460241,-2.999411661615148e-17,5.338307245814304e-17
79.857,0.4190257536042381,0.0,0.5435640798071465,0.8740274428253942,-0.485876557561797,-2.975135854993947e-17,5.351874551115327e-17
79.87,0.4186360219241426,0.0,0.5430484081015141,0.8755412351987587,-0.4831434005206238,-2.9584000948837483e-17,5.361143856038399e-17
79.875,0.4184865950763889,0.0,0.5428496480205993,0.8761229405384016,-0.48208774415280936,-2.9519360639245307e-17,5.3647057739496014e-17
79.903,0.4176546597949586,0.0,0.5417322675880563,0.8793745847953884,-0.47613059092641613,-2.915459020770867e-17,5.384616352606026e-17
79.917,0.41724180126107113,0.0,0.5411708501752215,0.8809962967551647,-0.47312316060798154,-2.897043821205219e-17,5.3945464744094204e-17
79.93,0.4168603021119054,0.0,0.5406479231765079,0.8824994727233113,-0.47031338556655766,-2.879838911151199e-17,5.403750772599151e-17
79.935,0.4167140530327822,0.0,0.5404463869428496,0.8830768884876267,-0.4692283122521612,-2.87319475334462e-17,5.4072864244368805e-17
79.957,0.41607375053085716,0.0,0.5395569397184552,0.8856124050041574,-0.46442509417854705,-2.8437835251473284e-17,5.422811985367654e-17
79.962,0.4159289559936626,0.0,0.5393541856394566,0.886187441764669,-0.4633269019370571,-2.837059037080383e-17,5.4263330700084167e-17
79.99,0.4151231292896864,0.0,0.5382146541813675,0.8893986715740914,-0.45713236923482187,-2.799128463850353e-17,5.445996181545595e-17
80.004,0.4147234309490735,0.0,0.5376422989294515,0.8909982232479291,-0.45400679088427015,-2.779989816237916e-17,5.455790610732776e-17
80.013,0.4144676209432772,0.0,0.5372734542565334,0.8920242379232415,-0.45198756504738075,-2.7676256239484046e-17,5.462073138672774e-17
80.022,0.41421270573889224,0.0,0.5369039083988841,0.8930484114695976,-0.449960592465194,-2.7552139965247323e-17,5.4683443929493557e-17
80.036,0.41381795638422547,0.0,0.5363276750189219,0.894637780236272,-0.4467921688815907,-2.7358129975247184e-17,5.478076469813219e-17
80.046,0.4135373285371007,0.0,0.5359150552750747,0.8957701184830813,-0.4445175978887748,-2.7218852670957916e-17,5.485010041860754e-17
80.068,0.4129238874145528,0.0,0.5350043165964464,0.8982522728250975,-0.4394802092979235,-2.6910401580265543e-17,5.500208853710453e-17
80.068,0.4129238874145528,0.0,0.5350043165964464,0.8982522728250975,-0.4394802092979235,-2.6910401580265543e-17,5.500208853710453e-17
80.103,0.41195921085499165,0.0,0.5335471068665094,0.9021739938121738,-0.43137232744926035,-2.641393700257403e-17,5.5242224689803134e-17
80.12,0.41149568180551455,0.0,0.5328356992636408,0.9040659718644222,-0.42739293222611646,-2.6170269321445758e-17,5.535807493309029e-17
80.124,0.4113870969275016,0.0,0.5326679696641593,0.9045098623959096,-0.4264527040933528,-2.6112696952782892e-17,5.538525538901818e-17
80.138,0.4110084977576782,0.0,0.5320799056423502,0.9060595266386915,-0.42315025013258617,-2.5910479969163675e-17,5.548014495675198e-17
80.143,0.41087383097520414,0.0,0.5318695039255664,0.9066114608038275,-0.42196641944490076,-2.583799124604336e-17,5.551394117718567e-17
80.163,0.4103380560374498,0.0,0.5310259215504023,0.9088109684606318,-0.4172081298412682,-2.5546630039418122e-17,5.564862217776594e-17
80.171,0.41012504634286856,0.0,0.5306876105863103,0.9096869930381686,-0.41529456377031365,-2.542945791123055e-17,5.570226321250868e-17
80.179,0.4099127825035363,0.0,0.5303488022827862,0.9105608013150328,-0.4133751650843642,-2.531192863837877e-17,5.57557685379752e-17
80.197,0.4094379256232972,0.0,0.5295846803857728,0.9125185697419561,-0.40903527950055224,-2.5046187288934713e-17,5.587564727985037e-17
80.218,0.4088887385987497,0.0,0.5286900860632427,0.914787632814906,-0.403935127030196,-2.4733893019035453e-17,5.601458732131795e-17
80.236,0.4084221560460709,0.0,0.5279206561420922,0.9167191951609228,-0.39953212289315354,-2.446428677288237e-17,5.61328614035381e-17
80.246,0.40816460662306586,0.0,0.5274921573962954,0.9177867931436828,-0.39707354776040504,-2.4313742464543185e-17,5.619823292615626e-17
80.259,0.4078315755587775,0.0,0.5269340128003783,0.9191686562290842,-0.3938641661867955,-2.4117224520975014e-17,5.628284763637608e-17
80.28,0.40729787882214274,0.0,0.5260298073759598,0.9213861534790246,-0.38864837086642634,-2.3797849168770123e-17,5.641863018183897e-17
80.293,0.40697015452429386,0.0,0.5254684797819128,0.9227495121218019,-0.38540023077182567,-2.359895795026838e-17,5.650211182173733e-17
80.31,0.40654467542428596,0.0,0.5247326367664692,0.9245212324283636,-0.38113054297594623,-2.3337514975639265e-17,5.661059840185808e-17
80.32,0.40629603214380305,0.0,0.5242988459889997,0.9255573974734027,-0.37860732161734745,-2.3183012227621852e-17,5.667404521214786e-17
80.34,0.4058024026490342,0.0,0.523429198970495,0.9276160064269692,-0.37353519863659584,-2.2872434268958894e-17,5.680009865543192e-17
80.347,0.4056307882005749,0.0,0.5231241787929699,0.9283321144989075,-0.37175191349875697,-2.2763239547157822e-17,5.684394762833906e-17
80.355,0.4054353936156585,0.0,0.5227751797462681,0.9291476772654328,-0.36970879598983186,-2.263813468127847e-17,5.689388644491551e-17
80.368,0.40511955649812115,0.0,0.5222071435037621,0.9304664012020978,-0.3663772321447074,-2.2434135231324136e-17,5.69746349973153e-17
80.395,0.4044702578350258,0.0,0.521023816413406,0.9331787094634958,-0.3594127101314649,-2.20076812517687e-17,5.71407159788464e-17
80.409,0.4041371465179269,0.0,0.5204083784972298,0.9345706044959061,-0.35577771882476944,-2.1785102228335045e-17,5.722594496865592e-17
80.418,0.40392429361944526,0.0,0.5200120790953434,0.9354600502060076,-0.3534324468248123,-2.1641495735941174e-17,5.728040781075048e-17
80.427,0.4037124530912887,0.0,0.5196152677910322,0.9363452541913817,-0.3510805676098818,-2.1497484668313884e-17,5.733461092211452e-17
80.454,0.40308302855821954,0.0,0.518421806457134,0.9389749170162505,-0.3439856177434249,-2.1063044286110513e-17,5.749563133018014e-17
80.457,0.40301365885725104,0.0,0.518288922863726,0.9392646592686881,-0.34319367687775837,-2.1014551893797888e-17,5.751337292628141e-17
80.477,0.40255410068146524,0.0,0.517401640842868,0.9411835313067985,-0.3378957833369106,-2.0690149475446757e-17,5.763086995125367e-17
80.489,0.40228079887423207,0.0,0.5168681237381788,0.9423240666629684,-0.3347018873382184,-2.0494579749866356e-17,5.770070759991606e-17
80.498,0.4020770239510416,0.0,0.5164674288012586,0.9431740723725953,-0.3322990659091511,-2.034744937126486e-17,5.775275543849365e-17
80.508,0.4018518180888165,0.0,0.5160216581438458,0.9441130337441752,-0.3296218735374974,-2.018351861783249e-17,5.781025024040507e-17
80.529,0.4013830469115842,0.0,0.515083667940889,0.9460657584796193,-0.3239746604788448,-1.983772654801339e-17,5.792982014524893e-17
80.534,0.4012722679605084,0.0,0.5148599679343251,0.9465268289474938,-0.3226251107440362,-1.9755090459862215e-17,5.795805256888213e-17
80.548,0.40096379696894874,0.0,0.5142328637716257,0.9478098047179532,-0.31883628099781147,-1.9523091548800795e-17,5.803661217741596e-17
80.57,0.40048416399774556,0.0,0.5132452320719681,0.9498016772961333,-0.3128526391217627,-1.9156699155263435e-17,5.815857919627485e-17
80.588,0.40009639825513765,0.0,0.5124352258857764,0.9514089482688383,-0.3079302082517776,-1.8855287194815866e-17,5.825699615887913e-17
80.592,0.40001079960391195,0.0,0.5122549909201654,0.9517633357317735,-0.30683310244614637,-1.8788108839156253e-17,5.827869613248621e-17
80.601,0.399818964167061,0.0,0.5118491554281291,0.9525569683117244,-0.3043603491271103,-1.863669636729433e-17,5.832729211242301e-17
80.618,0.39945949128947955,0.0,0.5110814319175027,0.9540417885310206,-0.29967359866449905,-1.8349715669672365e-17,5.841821112886652e-17
80.638,0.3990414240768658,0.0,0.5101763455492855,0.9557644052888088,-0.29413330580355834,-1.8010470573747868e-17,5.852369098379567e-17
80.645,0.3988963409598131,0.0,0.5098590932354912,0.9563610476926885,-0.292187519336715,-1.789132551532567e-17,5.856022479430301e-17
80.664,0.39850579607957265,0.0,0.5089967695864713,0.9579638790216823,-0.2868888399532675,-1.756687497799332e-17,5.865836990713428e-17
80.678,0.398221075703165,0.0,0.5083602606902271,0.9591291785347158,-0.2829685828556259,-1.7326828462670244e-17,5.87297239230685e-17
80.692,0.39793895074037644,0.0,0.5077228271211877,0.9602809457825066,-0.27903495330702704,-1.708596312088409e-17,5.880024932673698e-17
80.699,0.39779886372651585,0.0,0.507403768980516,0.9608517044645749,-0.27706317335135155,-1.6965226420317046e-17,5.883519821639101e-17
80.719,0.3974022077607628,0.0,0.5064909435967992,0.9624634029075626,-0.27141149213619326,-1.6619160754819803e-17,5.89338862833608e-17
80.728,0.39722545292062117,0.0,0.5060795872281915,0.9631793741677506,-0.268859616115586,-1.6462903414796927e-17,5.897772687896434e-17
80.748,0.3968365434584213,0.0,0.5051641920569901,0.9647495009157891,-0.2631699080114133,-1.6114509273904036e-17,5.907386941377638e-17
80.761,0.3965866287537141,0.0,0.5045682649430961,0.9657544408262334,-0.2594578193549182,-1.5887209399337636e-17,5.913540423600944e-17
80.776,0.39630108975623796,0.0,0.5038797771323388,0.9668984863204885,-0.2551613551287658,-1.5624126841227205e-17,5.920545681864036e-17
80.796,0.395925091112718,0.0,0.5029603630312662,0.9683977403165258,-0.2494109391142389,-1.5272015412929402e-17,5.929725964900816e-17
80.807,0.39572059722982983,0.0,0.5024540051631472,0.9692094552933457,-0.24623775455842706,-1.5077713897460464e-17,5.934696285641728e-17
80.822,0.39544438538489074,0.0,0.5017627584252257,0.9703014558636767,-0.24189891431924532,-1.481203655691418e-17,5.941382860657342e-17
80.837,0.39517123056571857,0.0,0.501070655907062,0.971376122338158,-0.23754668794004258,-1.4545539551691416e-17,5.947963294947964e-17
80.858,0.39479396378726883,0.0,0.5001003158806705,0.9728512032002095,-0.2314314940363664,-1.4171091919676295e-17,5.956995560228939e-17
80.859,0.39477614886425666,0.0,0.5000540694451554,0.97292058117793,-0.23113966063918762,-1.415322227788933e-17,5.957420377820673e-17
80.884,0.39433522326295506,0.0,0.49889676636391284,0.9746292497966174,-0.22382543519645587,-1.3705355139055151e-17,5.967882955594068e-17
80.9,0.3940575290448445,0.0,0.4981549692497192,0.9756965533123441,-0.21912607296807982,-1.3417602193504415e-17,5.974418304765336e-17
80.905,0.39397147124984416,0.0,0.4979229830748877,0.9760258459267868,-0.21765465325349773,-1.3327503721321152e-17,5.976434640496635e-17
80.931,0.3935295230288019,0.0,0.4967153557005365,0.9777053227079062,-0.20998167050633026,-1.2857669033259576e-17,5.986718469817837e-17
80.946,0.39327879885458283,0.0,0.4960176867561301,0.9786489703504059,-0.20553878668536119,-1.2585620860742909e-17,5.992496645142387e-17
80.956,0.3931133795615674,0.0,0.4955521973187847,0.9792676944805689,-0.202570438481806,-1.2403861954430978e-17,5.996285237770184e-17
80.977,0.392770513926307,0.0,0.4945737207127642,0.9805397769863913,-0.19632051789733568,-1.202116469249614e-17,6.004074496615218e-17
80.989,0.392577342417514,0.0,0.49401403254076426,0.9812499877507312,-0.1927393616757867,-1.1801882117297811e-17,6.008423283311563e-17
80.998,0.39243377954715625,0.0,0.4935940083834669,0.9817746213472198,-0.19004892232928647,-1.1637140220598231e-17,6.011635737584887e-17
81.019,0.39210319336739463,0.0,0.4926131206819879,0.9829718319041232,-0.18375629970983903,-1.1251828213140803e-17,6.018966537966973e-17
81.039,0.3917940804764709,0.0,0.4916779044881054,0.9840766926087529,-0.17774437561908418,-1.0883704033417815e-17,6.025731858594115e-17
81.05,0.3916264568088335,0.0,0.4911631234863376,0.9846695504795083,-0.17443014750461833,-1.0680766090816575e-17,6.029362066062965e-17
81.071,0.3913111646386706,0.0,0.49017958578897725,0.9857719448670262,-0.16808828844711535,-1.0292439221045842e-17,6.036112284853325e-17
81.087,0.39107510498815706,0.0,0.4894295729616094,0.9865857612941586,-0.16324379195432057,-9.995799364876756e-18,6.04109547326623e-17
81.102,0.39085707544692316,0.0,0.4887259512298845,0.9873280609346894,-0.15869247017721527,-9.717111282565674e-18,6.045640747660152e-17
81.107,0.3907851044769873,0.0,0.4884913103580964,0.9875710307977033,-0.1571733410256389,-9.624091449917202e-18,6.047128508985297e-17
81.138,0.3903467728956854,0.0,0.48703548008438996,0.9890272985954804,-0.14773287593804663,-9.046029682318092e-18,6.056045577471543e-17
81.148,0.390208278399833,0.0,0.4865654898444715,0.9894785321096996,-0.1446797653234,-8.859080575234602e-18,6.058808585865826e-17
81.158,0.39007120238648135,0.0,0.4860953315099961,0.9899206697423462,-0.14162297700890497,-8.671906273983733e-18,6.061515898048841e-17
81.176,0.389828044675093,0.0,0.48524864397840123,0.9906934929593366,-0.13611172986935738,-8.334439715545885e-18,6.066248075443813e-17
81.181,0.3897613184112401,0.0,0.4850133653279755,0.9909028925207608,-0.13457881554683662,-8.240575784623777e-18,6.067530277957017e-17
81.199,0.3895240508802928,0.0,0.4841660652760602,0.9916376593275558,-0.1290532936556309,-7.90223514973959e-18,6.072029427047323e-17
81.209,0.38939423078971386,0.0,0.483695152402925,0.9920329184761368,-0.12597892148974182,-7.713984148122402e-18,6.074449691303041e-17
81.232,0.3891010613821839,0.0,0.48261157878190003,0.9929067388285364,-0.11889578625367941,-7.280267203383819e-18,6.07980029779102e-17
81.246,0.38892631238290076,0.0,0.4819517156124854,0.9934144417753719,-0.11457638007951884,-7.015779856113666e-18,6.082909081734819e-17
81.253,0.388839989754781,0.0,0.48162170700012624,0.9936614001724012,-0.11241450888307608,-6.8834034240690415e-18,6.084421265787042e-17
81.265,0.38869364107257925,0.0,0.4810558667991844,0.994074033582646,-0.10870517815048386,-6.656272423636643e-18,6.086947916712429e-17
81.288,0.38841891145609353,0.0,0.4799709847183967,0.9948269107725304,-0.10158453426966124,-6.220258736810762e-18,6.091557959916144e-17
81.294,0.38834849181616815,0.0,0.4796879031609181,0.9950150703591604,-0.09972466975706197,-6.10637488070064e-18,6.09271010509362e-17
81.303,0.38824383230927517,0.0,0.4792632330965323,0.9952908942592394,-0.09693315121589434,-5.935443668390569e-18,6.094399039375422e-17
81.324,0.38800415723886056,0.0,0.478272138687119,0.9959044602233068,-0.09041186928342965,-5.5361303161440506e-18,6.098156047345226e-17
81.337,0.387858968714699,0.0,0.4776584865009081,0.9962631550368513,-0.08636970485082685,-5.288619129443336e-18,6.100352419621616e-17
81.356,0.38765115212966667,0.0,0.47676148428336756,0.9967582239357747,-0.08045522367379257,-4.926461607339721e-18,6.103383842333736e-17
81.37,0.3875013572389381,0.0,0.4761004631731633,0.9971007726801439,-0.07609237228960632,-4.6593140081997565e-18,6.105481348450455e-17
81.383,0.3873647967385552,0.0,0.4754866210071189,0.9974019091032483,-0.07203771038279592,-4.411037571909754e-18,6.107325277233762e-17
81.396,0.38723067908277325,0.0,0.47487275837996973,0.9976866900434277,-0.06797991254914591,-4.162569115481427e-18,6.109069057568006e-17
81.415,0.38703905901720376,0.0,0.47397556814927444,0.9980734146818736,-0.062044007811107006,-3.799099778607279e-18,6.111437063021127e-17
81.419,0.38699938388993804,0.0,0.47378668871129886,0.9981503591661525,-0.06079358927124409,-3.722533725485397e-18,6.111908212103048e-17
81.437,0.38682371434272644,0.0,0.4729367609902828,0.9984773251842708,-0.055163675483636224,-3.377800930511921e-18,6.113910301540641e-17
81.451,0.3866903296587952,0.0,0.4722757576974891,0.99870978012899,-0.05078164111866056,-3.1094787125708637e-18,6.115333677560622e-17
81.456,0.38664338126685305,0.0,0.4720396999469109,0.9987881586529566,-0.04921599470331233,-3.0136105190132266e-18,6.115813607603111e-17
81.463,0.38657826298449927,0.0,0.47170923466113807,0.9988937806215755,-0.047023558303638725,-2.8793625080535053e-18,6.116460355632055e-17
81.477,0.38645016039378327,0.0,0.4710483670769839,0.9990906327023967,-0.042636928199912945,-2.6107588822749452e-18,6.11766572698547e-17
81.504,0.38621114602069473,0.0,0.4697741330678534,0.9994159975506695,-0.03417109655542672,-2.0923762009979236e-18,6.119658012085432e-17
81.517,0.3860998447716057,0.0,0.469160783459209,0.999547116330409,-0.03009256113334041,-1.842637933504569e-18,6.120460883055013e-17
81.525,0.3860325735839509,0.0,0.468783401602922,0.9996195434807966,-0.027582028410612636,-1.688912140352406e-18,6.120904371444481e-17
81.54,0.3859089504013737,0.0,0.4680759560026516,0.9997383653944333,-0.022873582108332007,-1.4006029557001478e-18,6.121631945825498e-17
81.55,0.3858283546637326,0.0,0.4676044401410501,0.9998052683915356,-0.01973386167301028,-1.2083505266334336e-18,6.122041608531773e-17
81.566,0.3857024307780657,0.0,0.46685022435585705,0.999891812670536,-0.014709281234307111,-9.006837090676215e-19,6.122571539403084e-17
81.576,0.385625622313926,0.0,0.46637898091358276,0.9999330837898892,-0.011568402761072858,-7.083603706297639e-19,6.122824252124149e-17
81.598,0.3854617741271117,0.0,0.46534266591752055,0.9999891536427394,-0.004657531199859403,-2.8519153379183745e-19,6.123167580953258e-17
81.611,0.38536827175806015,0.0,0.4647305925958677,0.9999998355461052,-0.0005735048060144911,-3.511704124906351e-20,6.123232988747086e-17
81.622,0.3852910795946253,0.0,0.4642128688782573,0.9999958463475493,0.0028822365705432856,1.7648608952506397e-19,6.123208561950873e-17
81.632,0.3852224366580476,0.0,0.4637423656490897,0.9999818570883529,0.006023744195187466,3.68847952375939e-19,6.123122902443386e-17
81.653,0.3850830360380257,0.0,0.4627548188738783,0.999920360766812,0.012620306017229967,7.72770868413038e-19,6.122746346076714e-17
81.663,0.385018916921126,0.0,0.4622848155166583,0.9998757866828677,0.0157610661224549,9.65086958900709e-19,6.122473408530578e-17
81.688,0.3848650055411091,0.0,0.4611105871063628,0.9997212213540896,0.02361100536375662,1.4457571071687766e-18,6.121526968854842e-17
81.712,0.38472583530934723,0.0,0.45998445333956706,0.9995149275061757,0.0311433731686932,1.9069816132845846e-18,6.120263783352184e-17
81.715,0.3847090303780311,0.0,0.4598437688265458,0.9994851561735368,0.03208461607625492,1.964616118982865e-18,6.120081486516071e-17
81.72,0.3846813141918154,0.0,0.459609336658132,0.999433571070938,0.03365318731401686,2.0606634062608533e-18,6.119765618862165e-17
81.733,0.3846109605105475,0.0,0.4590000643003987,0.9992879538344043,0.037730429648354345,2.3103224949655773e-18,6.118873970449057e-17
81.753,0.3845075426037391,0.0,0.45806345882704025,0.9990315384889501,0.043999830731508774,2.6942125934183782e-18,6.117303879288743e-17
81.77,0.38442422934573806,0.0,0.4572680811350107,0.9987827678947959,0.049325272998840555,3.0203018847549727e-18,6.115780598729478e-17
81.79,0.3843316154297981,0.0,0.4563332565264773,0.9984539165839582,0.05558575769164386,3.403646011762601e-18,6.113766965203414e-17
81.795,0.38430937428504114,0.0,0.45609971056848386,0.9983656026919636,0.05715000753728904,3.4994286900894065e-18,6.113226198577658e-17
81.817,0.384215847878674,0.0,0.45507290056542493,0.9979480901009657,0.06402819272660167,3.920596063891128e-18,6.11066967128681e-17
81.831,0.384160008233182,0.0,0.4544201711074942,0.9976579011174367,0.06840111357244762,4.188360239730628e-18,6.108892776237677e-17
81.85,0.38408879901767223,0.0,0.4535352269197619,0.9972336826236824,0.07433022427524812,4.551413561929375e-18,6.106295187135101e-17
81.855,0.38407093478290416,0.0,0.4533025247299194,0.9971162421829493,0.0758893903978296,4.646884951997295e-18,6.10557607183593e-17
81.864,0.3840396977293658,0.0,0.4528838521424849,0.9968987670664359,0.07869465179680217,4.818657671648464e-18,6.104244420809268e-17
81.877,0.38399666211055095,0.0,0.45227954573490964,0.99657085352926,0.08274378463644422,5.066595550217967e-18,6.10223652949077e-17
81.886,0.38396831101443774,0.0,0.45186149315989216,0.9963343135247925,0.08554493376629847,5.238116466008488e-18,6.100788139694063e-17
81.9,0.3839265549185914,0.0,0.4512117116337153,0.9959509130319079,0.08989871428952159,5.504708635106252e-18,6.098440488762049e-17
81.914,0.3838876533302379,0.0,0.4505625821865695,0.9955487535540994,0.0942479670702714,5.771023559937651e-18,6.095977972175826e-17
81.928,0.3838516050080941,0.0,0.4499141229876853,0.9951278931022413,0.09859247623370844,6.037048021981127e-18,6.093400945149546e-17
81.947,0.383807243647222,0.0,0.4490351757666234,0.9945269223784121,0.1044806233926841,6.397593050538533e-18,6.089721060782953e-17
81.961,0.38377791542063316,0.0,0.44838836824540457,0.9940622259406335,0.10881310104005376,6.662880794699968e-18,6.08687561575745e-17
81.979,0.3837443928756432,0.0,0.4475578354351392,0.9934376046019135,0.11437537218655125,7.00347167247736e-18,6.083050913141737e-17
81.984,0.3837359162115015,0.0,0.4473273515536368,0.9932586951757776,0.1159187838864427,7.097978382379291e-18,6.081955408861463e-17
82.007,0.38370159725561875,0.0,0.4462683884323312,0.9924055823894369,0.12300878034629358,7.532115455905414e-18,6.076731599645944e-17
82.025,0.3836800909786377,0.0,0.4454411189834402,0.9917035570098133,0.12854592570005482,7.871167822600282e-18,6.072432933975563e-17
82.035,0.38367017192839864,0.0,0.444982103648199,0.9913005696568897,0.13161755429244948,8.059250828792562e-18,6.069965348116289e-17
82.045,0.3836617011258304,0.0,0.44452351006612223,0.9908883529534896,0.13468582694968478,8.24712834322229e-18,6.06744124878442e-17
82.059,0.3836522735641099,0.0,0.4438822000943141,0.9902958019148403,0.1389756263157083,8.509802796351543e-18,6.063812920120353e-17
82.082,0.3836429384703465,0.0,0.44283048934807545,0.9892834084906595,0.1460080055514179,8.940411832421646e-18,6.057613798288349e-17
82.095,0.38364104258311293,0.0,0.4422370980316731,0.9886899098314273,0.1499742051071585,9.183271511957515e-18,6.053979667121714e-17
82.101,0.38364099029467635,0.0,0.44196348705281857,0.9884108311210388,0.15180259853710476,9.295228320035802e-18,6.052270802874777e-17
82.104,0.38364115891808837,0.0,0.44182674424796076,0.9882700738998862,0.15271627625735743,9.351174944813785e-18,6.051408913473069e-17
82.128,0.3836471789516582,0.0,0.440734329507796,0.9871149106520722,0.16001297812474888,9.797969074125458e-18,6.04433557860343e-17
82.142,0.3836545219597922,0.0,0.4400983655081434,0.9864172986958256,0.16425867658553162,1.005794312563258e-17,6.040063937357108e-17
82.165,0.38367270536052006,0.0,0.4390556680674713,0.985233518731412,0.17121598514192685,1.0483955408346076e-17,6.032815375635537e-17
82.178,0.3836863443753259,0.0,0.43846749788062533,0.9845438375612668,0.17513832224882658,1.0724129287503158e-17,6.028592296448285e-17
82.197,0.3837106391708015,0.0,0.43760943440069955,0.9835093102049912,0.180857503964039,1.1074328166567005e-17,6.022257643370819e-17
82.211,0.38373185021469675,0.0,0.43697839294656665,0.9827270067494249,0.18506115260993003,1.1331727409513533e-17,6.017467416256713e-17
82.229,0.383763242031633,0.0,0.4361686014699525,0.981696426893072,0.19045242299686133,1.16618475106482e-17,6.011156934644971e-17
82.235,0.3837747349773689,0.0,0.4358990637532294,0.9813467478570262,0.19224609351151503,1.1771678153372981e-17,6.00901576808386e-17
82.252,0.383810089015783,0.0,0.4351364572853239,0.9803393982001596,0.19731868724616286,1.208228493739855e-17,6.00284753041934e-17
82.265,0.38383990500363463,0.0,0.4345543836635765,0.9795526230002753,0.20118811787300073,1.2319219228982538e-17,5.998029921768406e-17
82.271,0.38385447810724976,0.0,0.43428605907842893,0.9791847177530536,0.2029711519375914,1.2428398576981122e-17,5.995777151851408e-17
82.283,0.38388516111491094,0.0,0.4337500324487909,0.9784399033911577,0.20653172989132204,1.2646421096688664e-17,5.991216479230134e-17
82.316,0.38398008748410556,0.0,0.43228032013656514,0.9763303352600351,0.21628471155175846,1.3243618985318478e-17,5.978299099933321e-17
82.326,0.38401190180158484,0.0,0.4318362407610724,0.9756734960840805,0.21922871399309843,1.3423887143641927e-17,5.974277119961384e-17
82.34,0.3840588194739977,0.0,0.4312155564588557,0.9747403381343748,0.22334115879901031,1.3675701762053435e-17,5.968563175480354e-17
82.348,0.3840868735919334,0.0,0.4308614235595649,0.9742000352537684,0.22568626744123418,1.3819298251671048e-17,5.965254774513831e-17
82.359,0.3841269235271613,0.0,0.4303751439581276,0.9734487794696906,0.2289049447892502,1.4016385397257843e-17,5.960654659557271e-17
82.376,0.384192174969343,0.0,0.429625126617198,0.9722688960399545,0.23386576019855532,1.432014773286616e-17,5.953429957229305e-17
82.386,0.38423245913204485,0.0,0.429184804862842,0.9715642393082039,0.23677611555533032,1.4498355601468956e-17,5.949115179174125e-17
82.4,0.3842912189015466,0.0,0.42856944529755,0.9705646357382588,0.24084079358418717,1.474724534834916e-17,5.942994372612378e-17
82.422,0.3843891131048357,0.0,0.42760506147821714,0.9689633020507149,0.24720461014911338,1.513691672767905e-17,5.93318903173829e-17
82.447,0.38450858122946435,0.0,0.42651311797128433,0.9670989406900534,0.25440054818371854,1.5577540851726147e-17,5.921773110874349e-17
82.453,0.3845385526897319,0.0,0.4262516867030309,0.9666445113984067,0.256121823715465,1.5682938580246344e-17,5.91899053398708e-17
82.462,0.384584451191777,0.0,0.4258600064654729,0.9659578481859409,0.25869950817113424,1.5840776231138703e-17,5.914785934460888e-17
82.467,0.38461043802838346,0.0,0.42564264977076577,0.965573778797058,0.2601293480166552,1.5928328670644235e-17,5.912434187722157e-17
82.482,0.38469048591530786,0.0,0.4249916320685626,0.9644105512962394,0.26440932008627005,1.619040137541893e-17,5.90531147354437e-17
82.5,0.38479066945297136,0.0,0.4242125180572402,0.9629930695183929,0.26952615468548446,1.6503717131103646e-17,5.896631900933923e-17
82.516,0.38488349191793153,0.0,0.4235219298376719,0.9617135461475818,0.2740566641339762,1.678113082583376e-17,5.888797079931431e-17
82.54,0.38502936152070033,0.0,0.4224895597672142,0.9597603102983195,0.2808204885261639,1.7195295620428132e-17,5.876836959777538e-17
82.556,0.3851310201442088,0.0,0.42180369160932446,0.9584358659757967,0.28530806299721856,1.7470080306023755e-17,5.868727077276405e-17
82.561,0.38516351077155014,0.0,0.42158975291441064,0.9580183669116679,0.2867068339958098,1.7555730327332003e-17,5.866170632813743e-17
82.585,0.3853242430149779,0.0,0.4205654983647887,0.9559907515067011,0.293396801335074,1.7965372681753513e-17,5.853755069235771e-17
82.6,0.3854287071232201,0.0,0.41992759404290714,0.9547038970655917,0.29755750524524205,1.822014231804287e-17,5.845875358374405e-17
82.612,0.3855144915735119,0.0,0.41941853629243336,0.953663728352505,0.3008745473196419,1.8423252565995415e-17,5.839506161949132e-17
82.617,0.38555081473949915,0.0,0.419206763726141,0.953227549331559,0.3022536007979896,1.850769523740099e-17,5.836835335739847e-17
82.648,0.38578360935990996,0.0,0.4178982244730876,0.9504873537441906,0.3107632384506989,1.9028760263065704e-17,5.820056476964305e-17
82.664,0.38590886209109365,0.0,0.4172258880858372,0.9490492865477322,0.31512767524170315,1.929600494037492e-17,5.811250855018798e-17
82.674,0.385988903028842,0.0,0.4168067434666121,0.9481424315254281,0.31784576376137025,1.9462439860645393e-17,5.805697969517021e-17
82.684,0.3860702935177356,0.0,0.4163884258246983,0.9472294508701091,0.32055634045251924,1.9628414814078347e-17,5.800107575330921e-17
82.72,0.3863744376110716,0.0,0.4148894229777634,0.9438929985246709,0.33025143048305716,2.022206786274553e-17,5.779677696904178e-17
82.731,0.3864708362829795,0.0,0.41443359074373176,0.9428583240956344,0.33319390853311165,2.0402242679023557e-17,5.773342143265782e-17
82.742,0.3865688516019114,0.0,0.4139788006476835,0.9418166873694243,0.33612695130334946,2.058183975104026e-17,5.766963957852645e-17
82.756,0.38669593136565245,0.0,0.4134014966633154,0.9404810379701184,0.339846166991256,2.080957603041693e-17,5.758785464044429e-17
82.765,0.3867790024026744,0.0,0.41303127850562676,0.9396166117412973,0.3422289043020829,2.0955476611462584e-17,5.753492379973305e-17
82.776,0.3868819939357579,0.0,0.4125797597833449,0.9385540161781198,0.34513237853890427,2.113326313298909e-17,5.746985858697138e-17
82.799,0.3871025162896353,0.0,0.41163915682419194,0.9363110120773882,0.3511718790885982,2.1503075883820655e-17,5.733251419734961e-17
82.806,0.38717101821034233,0.0,0.4113538298168366,0.9356227596115947,0.35300148965235834,2.161510721985041e-17,5.729037088838765e-17
82.829,0.3874006355471527,0.0,0.41041946267048746,0.9333433795275984,0.35898486861147993,2.1981483514369102e-17,5.715079911219233e-17
82.844,0.38755412485049434,0.0,0.40981270841955925,0.9318422701462842,0.36286358809974245,2.221898658467366e-17,5.70588826722425e-17
82.854,0.3876580855886841,0.0,0.40940936450750354,0.9308352847297989,0.36543901365616954,2.2376685917879696e-17,5.699722259888817e-17
82.874,0.3878699178170867,0.0,0.40860548436156785,0.9288066385527604,0.3705647422250556,2.2690546272138918e-17,5.687300384652253e-17
82.879,0.38792368862785415,0.0,0.40840510350228326,0.9282964708776295,0.371840909739822,2.2768688995245642e-17,5.684176508600365e-17
82.894,0.3880869461656436,0.0,0.40780538655853005,0.9267588943234019,0.3756566940605021,2.3002338397973522e-17,5.674761567572471e-17
82.904,0.3881974019715099,0.0,0.40740677052611385,0.9257280373232929,0.37818990059699376,2.3157452561798204e-17,5.66844938894466e-17
82.933,0.3885250125229204,0.0,0.40625625012067784,0.9227130114121354,0.3854876114361504,2.360430847281201e-17,5.649987679787434e-17
82.946,0.3886753776384116,0.0,0.4057431655855127,0.9213494573260208,0.38873535661815856,2.3803175509891636e-17,5.641638319052312e-17
82.965,0.38889902743625226,0.0,0.404996276895581,0.919343663868011,0.3934554964741775,2.4092200718201708e-17,5.629356376361799e-17
82.97,0.38895864733863894,0.0,0.4048003243707982,0.9188133297226765,0.3946923677041756,2.416793723784044e-17,5.626109016293988e-17
82.983,0.38911514597929053,0.0,0.40429202040998924,0.9174297030434728,0.39789790144403286,2.4364219569544194e-17,5.617636746374479e-17
83.001,0.38933537210301566,0.0,0.4035910300937978,0.9155028108927227,0.402311574836623,2.463447911918006e-17,5.605837934850887e-17
83.016,0.389522018970824,0.0,0.4030093902460103,0.9138874974249046,0.4059675381732448,2.485834230907976e-17,5.595946992510972e-17
83.031,0.38971149589730014,0.0,0.4024300604140035,0.9122637486700218,0.4096032871725021,2.508096772780194e-17,5.586004398934538e-17
83.057,0.3900465960390948,0.0,0.40143141656017967,0.9094300034417919,0.4158570293260201,2.5463898993351876e-17,5.568652713817785e-17
83.075,0.39028352231712704,0.0,0.4007441981163394,0.9074544573294799,0.4201504586131724,2.5726795715045704e-17,5.55655598270273e-17
83.08,0.3903500486209776,0.0,0.40055391195656087,0.9069037718800802,0.4213378081180034,2.5799499903573728e-17,5.553184006838008e-17
83.09,0.390484029188935,0.0,0.400174137045885,0.9057999547669684,0.42370560763832005,2.5944485808752648e-17,5.5464250763659257e-17
83.098,0.3905921027168092,0.0,0.3998710856711177,0.904914593991271,0.42559320669109957,2.606006791565565e-17,5.541003805165684e-17
83.128,0.391004387476867,0.0,0.39874077746516357,0.9015769102833334,0.4326188563203854,2.6490264882177432e-17,5.5205663868182234e-17
83.141,0.3911864655870746,0.0,0.3982540112496661,0.9001223169871143,0.4356372510033421,2.6675088251529748e-17,5.511659571696844e-17
83.151,0.39132792670246375,0.0,0.39788083509756034,0.8990001520187081,0.43794831506736004,2.681660011196095e-17,5.504788293013474e-17
83.161,0.3914706024457455,0.0,0.3975087600354545,0.8978752465769472,0.4402499762457532,2.6957536211702995e-17,5.497900233770494e-17
83.183,0.39178874803705666,0.0,0.3966940973361533,0.8953911808558918,0.44528039845191003,2.7265560734359484e-17,5.4826897180996834e-17
83.191,0.3919058838507178,0.0,0.39639919533627416,0.8944848439191306,0.4470982710757988,2.7376873328864633e-17,5.477140004956916e-17
83.2,0.3920385804028242,0.0,0.3960682895168438,0.8934633520999126,0.44913610237252993,2.7501654507601837e-17,5.470885171523113e-17
83.224,0.39239717521369577,0.0,0.3951903490949467,0.8907301425147922,0.4545325216258766,2.7832089885875247e-17,5.45414908967403e-17
83.243,0.39268592509272265,0.0,0.3944999668833765,0.8885573674256656,0.45876552267315246,2.8091286445041933e-17,5.4408446793832e-17
83.247,0.39274725955319817,0.0,0.3943551511390223,0.8880989842915246,0.4596522534485852,2.814558304533389e-17,5.438037892193155e-17
83.265,0.3930256009990589,0.0,0.39370576670217555,0.8860323480872779,0.4636234227721295,2.8388747035381426e-17,5.425383395130492e-17
83.279,0.39324472240176034,0.0,0.39320329064903103,0.884420743644327,0.46669042009839423,2.85765464583116e-17,5.4155151640177345e-17
83.288,0.3933867979685186,0.0,0.3928814793905911,0.8833828699902075,0.4686520084325513,2.8696659102045117e-17,5.409160020775551e-17
83.301,0.39359368633043845,0.0,0.3924183203169189,0.8818813049162276,0.4714714880448781,2.8869302436169977e-17,5.399965586467746e-17
83.328,0.3940296445870441,0.0,0.39146276199581576,0.8787542269494273,0.47727456313794314,2.922463830306667e-17,5.3808177563541145e-17
83.341,0.39424255103796363,0.0,0.3910057774343292,0.8772448827988131,0.4800431393148919,2.939416470073146e-17,5.3715756889398074e-17
83.359,0.39454054452140397,0.0,0.3903763827207545,0.8751514484974346,0.4838490903089949,2.9627211985863464e-17,5.3587571008577654e-17
83.36,0.3945572082953734,0.0,0.39034153103869373,0.8750350326688046,0.4840595950937282,2.96401016864049e-17,5.358044259498256e-17
83.378,0.39485910275785774,0.0,0.3897162758894695,0.8729376582783356,0.48783177916115295,2.987108134360322e-17,5.345201545328749e-17
83.396,0.3951646702782446,0.0,0.3890949727240371,0.8708370090333083,0.4915718703281563,3.010009587741272e-17,5.3323387784584786e-17
83.412,0.39543935146427744,0.0,0.38854604463873554,0.8689673759181302,0.49486937629030847,3.030200988349867e-17,5.320890577408065e-17
83.424,0.3956472459383975,0.0,0.38813642524407455,0.8675638718208638,0.4973257768416913,3.045242103713241e-17,5.312296593406527e-17
83.433,0.3958042218089597,0.0,0.3878303846177801,0.8665106130053225,0.4991586496787772,3.0564652129791476e-17,5.305847243220895e-17
83.452,0.3961385711938352,0.0,0.38718762075887597,0.8642855612934379,0.5030014597788828,3.079995638423275e-17,5.292222730936411e-17
83.462,0.3963161486574103,0.0,0.3868511438483502,0.8631138006165092,0.5050094723718801,3.092291169396583e-17,5.2850477661245744e-17
83.479,0.39662055539684515,0.0,0.38628203073477757,0.8611209973123631,0.5084000668644342,3.113052572859148e-17,5.27284536518581e-17
83.487,0.39676490124418834,0.0,0.3860154810718624,0.8601829430669173,0.5099855924011348,3.1227611167265824e-17,5.2671014395402516e-17
83.512,0.39722047400282445,0.0,0.385187778327521,0.8572509536944555,0.5148988273340176,3.1528460038966516e-17,5.249148182539654e-17
83.528,0.39751559083686305,0.0,0.38466226081451704,0.8553744326224881,0.5180102122697549,3.1718977419089816e-17,5.2376578049180674e-17
83.533,0.39760837985034514,0.0,0.3844987146655979,0.854788072917025,0.5189772156836935,3.1778189300872036e-17,5.234067387235845e-17
83.542,0.39777607551363103,0.0,0.384205148289644,0.8537327366933781,0.5207114501314861,3.188438053414505e-17,5.227605316594278e-17
83.552,0.3979634194402366,0.0,0.38388019855641053,0.8525603658518933,0.52262876172144,3.2001782009225314e-17,5.220426615602088e-17
83.574,0.3983793186784863,0.0,0.38316990836304343,0.8499823450618743,0.5268111740302371,3.225788090155946e-17,5.204640791058927e-17
83.588,0.3986466452177605,0.0,0.38272121630328126,0.8483429316853079,0.529447136416448,3.241928704650676e-17,5.1946022793384704e-17
83.602,0.39891602968924134,0.0,0.38227511456955143,0.8467046534580431,0.5320631821621329,3.257947364895056e-17,5.184570718402807e-17
83.608,0.39903210731012423,0.0,0.3820847242291596,0.8460029324543981,0.5331782425029732,3.264775140281387e-17,5.180273916497765e-17
83.63,0.3994609263823575,0.0,0.38139073297106313,0.8434323206578476,0.5372354423059948,3.289618324042746e-17,5.1645334589552855e-17
83.644,0.39973641541199634,0.0,0.3809524783686127,0.8417986738389741,0.539791619722782,3.305270396500351e-17,5.154530257216932e-17
83.658,0.4000139159906229,0.0,0.3805168646160392,0.8401669776281536,0.5423278065000665,3.320800061594558e-17,5.144538999508121e-17
83.663,0.40011350859503847,0.0,0.3803619306499646,0.8395847402676561,0.5432287399518664,3.326316687934515e-17,5.140973823908734e-17
83.672,0.40029341635522153,0.0,0.3800839041596348,0.8385374344426314,0.544843987796846,3.336207228450435e-17,5.13456092527701e-17
83.691,0.40067591573235406,0.0,0.379500581021065,0.8363297163709836,0.548226782923664,3.35692087457158e-17,5.121042550927694e-17
83.7,0.4008583690601598,0.0,0.37922599254695705,0.8352856136553583,0.5498162816981611,3.3666537475037626e-17,5.114649265684336e-17
83.718,0.4012257076135846,0.0,0.3786801541149397,0.8332008787672892,0.5529704292468242,3.385967331001306e-17,5.101883946145613e-17
83.736,0.4015962673646857,0.0,0.37813878850831456,0.8311211246980094,0.556091427807259,3.4050779354872055e-17,5.089149125325827e-17
83.755,0.4019908799113824,0.0,0.37757222776221827,0.8289316989792239,0.55934983545847,3.425029927989069e-17,5.0757427593334194e-17
83.765,0.40219999047729527,0.0,0.37727606117263646,0.8277819550161788,0.5610499398000083,3.435440064689477e-17,5.068702608012508e-17
83.785,0.402621127119194,0.0,0.3766879352511381,0.8254881677266213,0.5644194228969673,3.4560721981368366e-17,5.054657211702101e-17
83.79,0.4027270154014039,0.0,0.37654178341288297,0.8249159606536588,0.565255391711438,3.4611910308009796e-17,5.051153453900336e-17
83.795,0.40283314420496263,0.0,0.3763959844995928,0.8243442672955379,0.5660887995509033,3.466294182015907e-17,5.0476528416947535e-17
83.814,0.4032386172307343,0.0,0.3758451766663852,0.8221766740805866,0.5692323924354489,3.4855431368353126e-17,5.034380161232035e-17
83.833,0.4036475240433586,0.0,0.37529950174371546,0.8200171125904822,0.5723390036147882,3.504565644020179e-17,5.021156660899944e-17
83.847,0.4039510027392327,0.0,0.37490072677102937,0.8184312780365153,0.5746044231743402,3.518437338081835e-17,5.0114462248474794e-17
83.861,0.40425631611415214,0.0,0.37450476566312146,0.8168502583319377,0.5768497685386088,3.5321861131484943e-17,5.0017652712444803e-17
83.879,0.4046515373203945,0.0,0.3739998256898791,0.8148249010230146,0.5797071507863556,3.549682533266712e-17,4.989363534516969e-17
83.897,0.4050497432940132,0.0,0.3734995798080938,0.8128082226117793,0.5825313667560574,3.566975868503693e-17,4.9770149407108245e-17
83.911,0.40536150514770536,0.0,0.37311376013089026,0.8112459521005944,0.5847050582989685,3.580285890455491e-17,4.9674487928062e-17
83.921,0.40558528041942643,0.0,0.37283992808540256,0.8101335115941405,0.5862454207856524,3.589717890399712e-17,4.960637059278847e-17
83.93,0.405787449095076,0.0,0.372594732332187,0.8091348494188385,0.5876230045326285,3.5981531580311705e-17,4.954522017096781e-17
83.944,0.40610337701323546,0.0,0.3722156833733472,0.8075862671138021,0.5897494562686724,3.611173919591608e-17,4.945039685281386e-17
83.966,0.40660335693815974,0.0,0.3716258795491644,0.8051652139755088,0.5930505696850591,3.63138740948661e-17,4.930215010399503e-17
83.974,0.40678622661973796,0.0,0.37141318340076795,0.8042887166793034,0.5942387232605759,3.6386627518523707e-17,4.9248480123582064e-17
83.98,0.4069237470452769,0.0,0.371254285540311,0.8036327372985105,0.5951255527551336,3.644093016361868e-17,4.9208312971132333e-17
83.985,0.4070385876225008,0.0,0.3711222800662715,0.8030870118485185,0.5958617720580988,3.6486010594261024e-17,4.9174896924855035e-17
84.023,0.4079184483668059,0.0,0.37013125288371423,0.7989678310957808,0.6013737647038685,3.68235228017893e-17,4.8922669848657555e-17
84.043,0.40838649461591037,0.0,0.36961837712719214,0.7968207524286994,0.6042157631996713,3.6997545019842627e-17,4.8791199197799617e-17
84.045,0.4084334852951737,0.0,0.3695674218724698,0.7966068663386184,0.6044977258039658,3.7014810249884054e-17,4.877810245201962e-17
84.063,0.4088579118988848,0.0,0.36911155250660865,0.7946887696908946,0.6070170996991536,3.716907740871391e-17,4.8660652906015113e-17
84.068,0.4089762883373926,0.0,0.3689857953207244,0.7941581929440155,0.6077110864381988,3.721157184064503e-17,4.8628164450276736e-17
84.091,0.4095234844683686,0.0,0.3684122202828634,0.7917303303560885,0.6108707588305721,3.740504597472874e-17,4.847950074292302e-17
84.096,0.40964301557521654,0.0,0.3682885998238254,0.7912053633839164,0.6115505481581426,3.744667106593393e-17,4.844735578681659e-17
84.105,0.4098586855891984,0.0,0.3680670486012462,0.7902630180440491,0.6127677882460133,3.7521205524804166e-17,4.838965377660859e-17
84.132,0.41050962778243183,0.0,0.3674098676928056,0.7874564167053834,0.6163703365587264,3.7741797987801053e-17,4.82177990093146e-17
84.146,0.4108494514678885,0.0,0.367073537152589,0.7860135056672458,0.6182093245080394,3.7854403523090894e-17,4.812944619009913e-17
84.152,0.41099556590198083,0.0,0.36693032492274535,0.7853977577714363,0.6189914071193561,3.790229227142178e-17,4.8091742505614887e-17
84.173,0.4115091945831702,0.0,0.36643348718091945,0.7832553621918369,0.6217001187049382,3.806815302007661e-17,4.7960558611161693e-17
84.182,0.4117303739783319,0.0,0.3662226599699041,0.7823433487699536,0.6228474007615468,3.813840378499385e-17,4.790471389526725e-17
84.196,0.4120756743890377,0.0,0.3658972229478099,0.780932144774795,0.6246158701613646,3.824669130448769e-17,4.781830257248651e-17
84.215,0.412546695457889,0.0,0.36546047329131376,0.7790317725473787,0.6269844474639616,3.8391724835095626e-17,4.770193833421181e-17
84.229,0.412895512815414,0.0,0.36514229140570936,0.7776426415811092,0.6287065468044328,3.8497173007351713e-17,4.761687859463989e-17
84.235,0.4130454562967887,0.0,0.36500687414415445,0.7770502397706894,0.629438579110237,3.854199705836049e-17,4.758060444559291e-17
84.252,0.413471751041644,0.0,0.36462628355647037,0.7753814875377198,0.631493110638424,3.8667800831347564e-17,4.74784228415591e-17
84.258,0.413622718048038,0.0,0.364493050822499,0.7747959850529784,0.6322113424684699,3.871177984693314e-17,4.7442571154367526e-17
84.276,0.41407720039565743,0.0,0.3640967848856749,0.7730505056794772,0.6343444771326575,3.884239667386552e-17,4.7335691367980726e-17
84.286,0.41433070726941346,0.0,0.3638788668649302,0.7720880328088227,0.6355155935092406,3.8914106869966094e-17,4.7276756901965065e-17
84.318,0.4151467391422191,0.0,0.3631922745978,0.7690436161692896,0.6391963050810465,3.913948545221593e-17,4.7090340147321313e-17
84.331,0.4154803175518784,0.0,0.3629180404392027,0.7678225698613957,0.6406625486255944,3.922926697539598e-17,4.701557262469267e-17
84.34,0.41571194615054663,0.0,0.36272978026709307,0.7669826579526703,0.6416678287087932,3.9290822627202785e-17,4.696414285316335e-17
84.348,0.41591830837978183,0.0,0.3625635350123141,0.7662398347106065,0.6425546791539708,3.934512655515324e-17,4.6918658047877064e-17
84.372,0.4165400221835515,0.0,0.3620710106625173,0.7640329089497268,0.6451772733457205,3.950571413427268e-17,4.67835228194262e-17
84.377,0.4166700371490536,0.0,0.36196957683771025,0.7635772479629956,0.6457164907242635,3.9538731676106544e-17,4.675562163098137e-17
84.387,0.41693057008536827,0.0,0.3617679280369436,0.7626702346384409,0.646787533272361,3.960431411752046e-17,4.670008308274637e-17
84.409,0.41750608012867113,0.0,0.3613300339066323,0.7606952541088798,0.6491091821690914,3.97464741120267e-17,4.657915040355111e-17
84.423,0.41787396659626297,0.0,0.361055489724712,0.7594532877599333,0.6505618369614283,3.983542356411177e-17,4.65031018978568e-17
84.434,0.41816391050631424,0.0,0.36084202831600737,0.7584856642406956,0.6516897245939595,3.990448676306063e-17,4.64438520455761e-17
84.462,0.4189054326720694,0.0,0.360307641319509,0.7560556990513156,0.6545072802742735,4.0077012290326433e-17,4.629505959101541e-17
84.473,0.41919809398449287,0.0,0.3601012372183648,0.755114242214801,0.6555932284613432,4.0143507438893165e-17,4.623741198594676e-17
84.482,0.41943810236592427,0.0,0.3599338477568068,0.754349557046043,0.6564729589133422,4.0197375393000824e-17,4.6190588523733014e-17
84.495,0.41978565952579106,0.0,0.3596944293359168,0.7532539823251122,0.6577297607006692,4.027433230730146e-17,4.612350391997228e-17
84.504,0.4200268785583759,0.0,0.3595303191267879,0.7525017671285029,0.6585902295574088,4.032702082886006e-17,4.60774440233324e-17
84.522,0.42051077787628766,0.0,0.35920613527050854,0.751012855573512,0.6602875818636293,4.0430953682301984e-17,4.598627448483075e-17
84.522,0.42051077787628766,0.0,0.35920613527050854,0.751012855573512,0.6602875818636293,4.0430953682301984e-17,4.598627448483075e-17
84.55,0.42126731805846074,0.0,0.35871257798875866,0.748738453145147,0.6628655435167924,4.058880830664552e-17,4.584700750213724e-17
84.564,0.4216472942150761,0.0,0.3584707124310849,0.7476205524894266,0.6641261246897343,4.066599664157096e-17,4.57785558291476e-17
84.578,0.42202838756728306,0.0,0.3582321315491986,0.74651568510354,0.6653678169962778,4.0742028367007675e-17,4.571090221376719e-17
84.592,0.4224105829328555,0.0,0.3579968421909405,0.7454239736329761,0.6665906536497674,4.081690551668648e-17,4.564405416586626e-17
84.606,0.42279386509324746,0.0,0.3577648511099786,0.7443455390920163,0.6677946678686614,4.08906301246513e-17,4.557801909543244e-17
84.613,0.4229859089558968,0.0,0.3576500945082039,0.7438113380392565,0.6683896269424376,4.092706086091749e-17,4.554530871496427e-17
84.636,0.4236187726416548,0.0,0.35727886465001024,0.7420798688888419,0.6703114710266558,4.104473987122739e-17,4.543928680732039e-17
84.659,0.4242544398368887,0.0,0.35691659236578505,0.740385230890471,0.6721827949890297,4.115932541626184e-17,4.533552015729947e-17
84.661,0.4243098454968364,0.0,0.35688551468188023,0.7402396283244493,0.6723431360979906,4.1169143477554874e-17,4.532660457147817e-17
84.68,0.4248372222509126,0.0,0.35659366889777827,0.7388705466027704,0.673847397682089,4.126125293425719e-17,4.52427724940669e-17
84.695,0.42525486267937657,0.0,0.35636760710318804,0.73780789292733,0.6750107503841207,4.1332487742398326e-17,4.5177703722955385e-17
84.7,0.42539432550478345,0.0,0.35629310613624854,0.7374572696111826,0.6753937929072338,4.135594233239171e-17,4.5156234236864074e-17
84.724,0.42606545371181376,0.0,0.3559414492409562,0.7357994956806453,0.6771994552243144,4.1466507261239395e-17,4.505472485997695e-17
84.746,0.4266830873715035,0.0,0.35562776362004983,0.7343168674872231,0.6788068489075165,4.1564931737694553e-17,4.4963940066406946e-17
84.752,0.4268519285201009,0.0,0.35554365476721,0.7339187112921145,0.6792373114128242,4.1591289964158453e-17,4.4939560030911923e-17
84.758,0.4270209368945253,0.0,0.3554601646583326,0.7335232260826823,0.67966438541184,4.161744070445315e-17,4.491534354611986e-17
84.772,0.4274159331825054,0.0,0.35526776309846964,0.7326108588350131,0.6806477279158614,4.167765306695391e-17,4.485947716464461e-17
84.792,0.4279817503200682,0.0,0.3549987625017479,0.7313329744688198,0.6820205865328323,4.176171641250167e-17,4.478122931470766e-17
84.802,0.42826532428984126,0.0,0.35486685129820184,0.7307053593062812,0.6826929601812798,4.180288742432179e-17,4.47427989697127e-17
84.825,0.4289191895050051,0.0,0.35457001888667505,0.7292907349499247,0.6842039344495169,4.1895407914381313e-17,4.4656178210212304e-17
84.839,0.4293182938733454,0.0,0.3543938252915674,0.72844951441684,0.6850994854368744,4.1950244596888344e-17,4.4604668308551346e-17
84.848,0.42957529120467464,0.0,0.3542823539903133,0.727916717177142,0.6856655546649931,4.198490634030392e-17,4.457204388684181e-17
84.858,0.4298612326833677,0.0,0.3541601473998786,0.727332085894257,0.686285681643373,4.202287816626081e-17,4.453624554537848e-17
84.875,0.4303482567923548,0.0,0.3539563881599197,0.7263560952227737,0.6873185745582066,4.208612461636145e-17,4.447648335278699e-17
84.885,0.43063527524179634,0.0,0.3538388809222401,0.7257925549109393,0.6879136335586403,4.2122561471370704e-17,4.444197646083307e-17
84.909,0.4313256923075881,0.0,0.3535639811299312,0.7244722234543202,0.6893039949421109,4.220769655226697e-17,4.436112947622496e-17
84.923,0.4317294363343447,0.0,0.35340827043371,0.7237231292686875,0.6900904521593808,4.225585316795677e-17,4.4315260686390217e-17
84.932,0.4319893660420794,0.0,0.35330998169736255,0.7232498263164586,0.6905864817191345,4.228622621858851e-17,4.428627923911651e-17
84.953,0.43259699828670767,0.0,0.35308616041715357,0.7221707176136367,0.6917148651152475,4.235531977430155e-17,4.422020288817437e-17
84.967,0.43300294410279844,0.0,0.3529412444695492,0.7214710633306385,0.6924445860692088,4.240000229582852e-17,4.4177361419265186e-17
84.978,0.4333223705743322,0.0,0.35282979742898446,0.7209324779713879,0.6930053118166082,4.2434336845416134e-17,4.41443825774515e-17
84.996,0.43384593692495815,0.0,0.3526520201294734,0.7200724080224535,0.693898931548929,4.2489055272658215e-17,4.409171848195123e-17
85.01,0.4342538817940229,0.0,0.3525176933512823,0.7194217873949004,0.6945734603492468,4.253035824947031e-17,4.405187945850162e-17
85.019,0.4345164595128218,0.0,0.35243316496966315,0.7190120333927479,0.6949976228998384,4.255633071496531e-17,4.402678926214293e-17
85.029,0.43480850696321777,0.0,0.3523409206923569,0.7185645810658255,0.6954602381428392,4.25846577287942e-17,4.39993907091461e-17
85.038,0.4350716099737667,0.0,0.35225941045398457,0.7181689403625348,0.6958687901454943,4.260967432391104e-17,4.397516470310123e-17
85.069,0.4359796805734711,0.0,0.35198961343427315,0.7168576647955687,0.697219541051342,4.269238396257563e-17,4.389487223180697e-17
85.075,0.4361557532377709,0.0,0.3519393591086101,0.7166131266068235,0.6974708788005365,4.270777396107843e-17,4.387989858630117e-17
85.08,0.4363025567435328,0.0,0.3518979676718069,0.7164116468590292,0.6976778284027187,4.272044596947329e-17,4.386756150988971e-17
85.108,0.4371259025664513,0.0,0.35167436725055035,0.7153221652528482,0.698794819598698,4.2788841954114885e-17,4.380085000180273e-17
85.132,0.43783324074814356,0.0,0.35149378749470045,0.7144409838780503,0.6996957056859527,4.2844005317272525e-17,4.374689320429701e-17
85.133,0.4378627441831102,0.0,0.3514864854957333,0.7144053273459385,0.6997321117826039,4.284623454775919e-17,4.3744709871401035e-17
85.151,0.43839421573934995,0.0,0.35135809126307316,0.7137780493687639,0.7003719699126475,4.2885414558302504e-17,4.3706300173054906e-17
85.16,0.43866023592453685,0.0,0.3512960565694203,0.7134747624682716,0.7006809283267552,4.290433280494784e-17,4.3687729206459347e-17
85.185,0.4394001320655051,0.0,0.3511313094176457,0.71266864376178,0.7015008226643396,4.2954536853755923e-17,4.3638368671777455e-17
85.203,0.4399336836242933,0.0,0.3510195923766402,0.7121214499319183,0.7020562944286323,4.2988549689663814e-17,4.3604862713164794e-17
85.208,0.4400820097038396,0.0,0.35098958604332614,0.7119744015368323,0.7022054197713583,4.299768098334587e-17,4.359585859584671e-17
85.228,0.4406758027805174,0.0,0.3508740255026082,0.7114077861137192,0.7027794546347926,4.303283048125107e-17,4.356116340763356e-17
85.236,0.4409135316469349,0.0,0.35082980255483404,0.7111908257768123,0.702999010903213,4.3046274425318753e-17,4.3547878418526804e-17
85.241,0.4410621714730776,0.0,0.35080274423102564,0.7110580414871672,0.7031333171144958,4.3054498308906405e-17,4.353974772576226e-17
85.25,0.44132983533019604,0.0,0.35075516589662104,0.7108244949398007,0.7033694174426246,4.3068955284462435e-17,4.3525447124178045e-17
85.264,0.4417464790355283,0.0,0.35068403552298383,0.7104751877563771,0.7037222517318468,4.30905601536087e-17,4.3504058227973096e-17
85.278,0.4421634464094976,0.0,0.3506164134784134,0.7101429411711333,0.7040575282637154,4.311108992018781e-17,4.3483713992115774e-17
85.292,0.44258072108800994,0.0,0.3505523017065859,0.709827790307787,0.7043752608565724,4.313054543032917e-17,4.3464416567313495e-17
85.325,0.4435654188934857,0.0,0.35041508035425206,0.7091527640066796,0.7050548611999542,4.3172158949590265e-17,4.3423083127363925e-17
85.335,0.44386409877128996,0.0,0.35037735406374687,0.7089670608247738,0.7052415945372774,4.3183593068782616e-17,4.3411712086998306e-17
85.348,0.4442525652227733,0.0,0.3503309926884455,0.7087387827495861,0.7054710042422969,4.3197640361829886e-17,4.33977340862936e-17
85.357,0.44452161814623714,0.0,0.3503006734761591,0.7085894528727072,0.7056209940737005,4.320682459017654e-17,4.338859026850676e-17
85.371,0.4449403197455826,0.0,0.35025640128139546,0.7083713419616416,0.7058399548675769,4.3220232071944515e-17,4.337523482705198e-17
85.386,0.44538914829698334,0.0,0.35021287363020676,0.7081568308177996,0.7060551699166931,4.323341019299594e-17,4.3362099807767596e-17
85.405,0.4459579597806082,0.0,0.35016354267445204,0.7079136382375635,0.7062990024042622,4.324834062676742e-17,4.334720855701947e-17
85.411,0.4461376470429076,0.0,0.35014931255867476,0.7078434702174197,0.7063693238459332,4.325264657319011e-17,4.334291200495589e-17
85.425,0.4465570232399649,0.0,0.35011862601170485,0.7076921317090966,0.706520945702981,4.326193073428583e-17,4.3333645193965615e-17
85.452,0.4473661869778914,0.0,0.3500693988442475,0.70744928518181,0.7067641112109089,4.3276820327333177e-17,4.3318775132849334e-17
85.466,0.4477859120035573,0.0,0.350049036402314,0.7073488082764126,0.7068646712277669,4.328297785247154e-17,4.331262269682017e-17
85.475,0.44805578210172337,0.0,0.3500378084796537,0.7072933986243923,0.7069201144842013,4.3286372772797885e-17,4.330922983417075e-17
85.497,0.44871558829902813,0.0,0.35001649878086166,0.7071882231653741,0.7070253298264504,4.329281535440321e-17,4.3302789694708974e-17
85.512,0.4491655313303736,0.0,0.35000696367295586,0.7071411567477686,0.7070724039540984,4.329569781339055e-17,4.329990770782558e-17
85.528,0.4496455114575204,0.0,0.35000125663082016,0.707112984562408,0.707100577756265,4.3297422961222706e-17,4.329818265899424e-17
85.538,0.4499455098136472,0.0,0.3500000296918094,0.7071069277612357,0.707106634611829,4.329779383666167e-17,4.3297811786885804e-17
85.548,0.4502455092595771,0.0,0.3500006027501632,0.7071097566783057,0.7071038056822686,4.329762061468511e-17,4.329798500809754e-17
85.562,0.45066549889079316,0.0,0.3500044290064015,0.7071286447887627,0.7070849169082931,4.3296464010855666e-17,4.32991415712982e-17
85.576,0.4510854624344558,0.0,0.3500117831268694,0.7071649465464052,0.707048611041716,4.329424091769097e-17,4.330136441286321e-17
85.59,0.4515053834278111,0.0,0.3500226649001615,0.7072186581302627,0.7069948865390969,4.329095124068256e-17,4.3304653298825626e-17
85.613,0.45219511786471883,0.0,0.35004819947788113,0.7073446782204418,0.7068688040882973,4.328323091719254e-17,4.331236980382893e-17
85.629,0.45267480051271486,0.0,0.35007157656880505,0.7074600301202338,0.7067533556922654,4.327616174175918e-17,4.331943307057172e-17
85.636,0.4528846200532421,0.0,0.3500832522544411,0.7075176353097499,0.706695688203699,4.327263062649479e-17,4.3322960371119475e-17
85.647,0.45321427856446633,0.0,0.3501033805160929,0.7076169321683181,0.7065962618841808,4.3266542520297347e-17,4.332904055012003e-17
85.656,0.453483941663734,0.0,0.3501214677441331,0.707706147847938,0.7065069060513369,4.3261071053563476e-17,4.333450343494404e-17
85.689,0.45447219023189933,0.0,0.3502002474016082,0.7080945941007147,0.706117586387242,4.3237232099539526e-17,4.335828890794923e-17
85.709,0.4550706684091747,0.0,0.35025751789044735,0.7083768438967815,0.7058344331575465,4.3219893964718784e-17,4.3375571723414884e-17
85.714,0.4552202264312313,0.0,0.3502729582871443,0.7084529197263624,0.705758075073316,4.321521838054669e-17,4.338023002447432e-17
85.729,0.45566874087328196,0.0,0.3503219732367985,0.7086943630771274,0.7055156268593239,4.3200372709085474e-17,4.3395014165808815e-17
85.743,0.4560871245631398,0.0,0.3503713649615705,0.7089375754986283,0.7052712343815865,4.318540798580563e-17,4.340990663148401e-17
85.759,0.45656498414943947,0.0,0.35043211947768205,0.7092366203761012,0.7049705074096974,4.3166993769628566e-17,4.342821784908394e-17
85.764,0.456714247470676,0.0,0.35045204704571276,0.7093346787631956,0.7048718419002947,4.3160952249614756e-17,4.3434222193578175e-17
85.79,0.4574898585773679,0.0,0.35056289596373885,0.7098798780920792,0.7043227659816023,4.312733104629898e-17,4.34676060242289e-17
85.806,0.45796666092146854,0.0,0.35063713164499,0.7102447528988829,0.7039548216892934,4.310480095630694e-17,4.3489948162440986e-17
85.822,0.45844305521960044,0.0,0.35071595139110384,0.7106319426954277,0.7035639573065994,4.30808674155486e-17,4.3513656699691045e-17
85.843,0.4590676625756854,0.0,0.3508263540035695,0.7111739040366568,0.703016129414724,4.304732263183516e-17,4.3546842260780933e-17
85.854,0.4593945220132271,0.0,0.35088733106978687,0.7114730502653489,0.7027133830703101,4.302878476475315e-17,4.3565159684353173e-17
85.866,0.459750836246232,0.0,0.3509563175054498,0.7118113286648254,0.7023707228981115,4.3007802880599246e-17,4.358587326231015e-17
85.885,0.46031442171356834,0.0,0.35107080511770317,0.7123723473132065,0.7018017090200566,4.297296082937772e-17,4.3620225746910247e-17
85.895,0.4606107489199479,0.0,0.35113364937208297,0.7126801001435188,0.7014891837080769,4.29538241732293e-17,4.363907017283877e-17
85.918,0.46129148583724944,0.0,0.3512849574947348,0.7134204846206544,0.7007361929596833,4.290771678773891e-17,4.36844056468419e-17
85.939,0.4619119859411495,0.0,0.35143133758809625,0.7141359715299189,0.7000070100841982,4.2863067214016115e-17,4.3728216584505027e-17
85.945,0.46208908094482054,0.0,0.35147460188867313,0.7143472941698554,0.6997913569859276,4.2849862270189956e-17,4.374115636423431e-17
85.971,0.462855469528695,0.0,0.35166947556194333,0.7152983105939662,0.6988192376154351,4.2790337126416813e-17,4.37993893252205e-17
85.983,0.4632086068321066,0.0,0.3517634666186305,0.7157565135195846,0.6983499218545733,4.2761599824200374e-17,4.382744616253142e-17
85.998,0.4636494917562538,0.0,0.3518845478288473,0.7163463102491263,0.6977449131254648,4.272455372402243e-17,4.386356079638047e-17
86.008,0.46394307464663476,0.0,0.3519674843373732,0.7167499955669864,0.6973302258290006,4.269916145050933e-17,4.3888279392999475e-17
86.029,0.46455868293039154,0.0,0.3521474146041814,0.7176249342280692,0.6964297909869734,4.264402571815286e-17,4.394185393453674e-17
86.039,0.4648513811775257,0.0,0.3522358375934976,0.7180544757728968,0.6959869034849078,4.261690668006351e-17,4.396815576843544e-17
86.04,0.46488063474083763,0.0,0.35224477711071284,0.7180978864547874,0.6959421135907549,4.261416409003808e-17,4.397081390606675e-17
86.058,0.46540668358967563,0.0,0.35240870885042863,0.7188934333107059,0.6951203000508227,4.256384252397939e-17,4.401952710160036e-17
86.058,0.46540668358967563,0.0,0.35240870885042863,0.7188934333107059,0.6951203000508227,4.256384252397939e-17,4.401952710160036e-17
86.1,0.46663018377706567,0.0,0.35281343715595115,0.720853376416697,0.6930875916568178,4.243937503256348e-17,4.4139539004163506e-17
86.114,0.46703673256880956,0.0,0.3529552461294308,0.7215386966574001,0.6923741107421192,4.239568692664157e-17,4.4181502766121904e-17
86.129,0.46747157772808984,0.0,0.353111004949318,0.7222905903758545,0.6915896927040625,4.2347655174666584e-17,4.4227542977902116e-17
86.142,0.4678478070889745,0.0,0.35324918908607267,0.7229569074357443,0.6908931248687779,4.230500269617307e-17,4.4268343130632675e-17
86.143,0.4678767229363382,0.0,0.35325994134405814,0.7230087251581515,0.6908388982571729,4.230168227385654e-17,4.4271516051026933e-17
86.156,0.46825230084211006,0.0,0.3534013146241274,0.7236896455933257,0.6901255660102781,4.2258003271212125e-17,4.431321040259744e-17
86.186,0.46911663851735746,0.0,0.3537388430091426,0.7253123964533936,0.6884198773648501,4.2153559964213853e-17,4.441257523492723e-17
86.2,0.4695188253893202,0.0,0.35390173414413356,0.7260940486598995,0.6875953988361728,4.210307521465834e-17,4.446043762856442e-17
86.216,0.46997752750283156,0.0,0.35409207786137775,0.7270062070612535,0.6866308869359211,4.20440158940892e-17,4.45162912218911e-17
86.221,0.4701206627437367,0.0,0.3541524741130055,0.7272953589705368,0.6863246030996689,4.202526141810436e-17,4.4533996669899654e-17
86.242,0.4707207210268712,0.0,0.3544108835595761,0.7285310073360701,0.6850128256827684,4.194493821736431e-17,4.460965831068576e-17
86.251,0.4709773310240234,0.0,0.3545239741433529,0.7290710082936429,0.6844380650326887,4.190974427784451e-17,4.464272383289716e-17
86.265,0.4713758232761776,0.0,0.35470268354457696,0.7299233791527844,0.6835289756595404,4.1854078608296266e-17,4.4694916495113863e-17
86.279,0.4717734752189798,0.0,0.35488478580883553,0.7307907267735224,0.6826015775412674,4.179729185144235e-17,4.474802621948811e-17
86.289,0.47205698913252164,0.0,0.3550169332244392,0.7314193781186945,0.6819279238398016,4.1756042458980654e-17,4.4786520012370344e-17
86.302,0.4724248948620115,0.0,0.35519130561439677,0.7322479192654076,0.6810381668684078,4.170156055762883e-17,4.483725352553454e-17
86.326,0.47310209857154645,0.0,0.3555208747073571,0.7338108296753884,0.6793538593775104,4.159842646875346e-17,4.4932954187081396e-17
86.345,0.47363632830799013,0.0,0.3557888073136597,0.7350784908983145,0.6779820146719651,4.1514425207374793e-17,4.501057605003438e-17
86.365,0.47419682456471474,0.0,0.35607753038766443,0.7364415494034969,0.6765011783523934,4.1423750134433564e-17,4.5094039311805496e-17
86.374,0.47444841672354826,0.0,0.35620968952710186,0.737064442731829,0.675822467265197,4.1382191066409523e-17,4.5132180527843103e-17
86.392,0.4749504042490492,0.0,0.35647815902880303,0.7383278035414298,0.6744420319921407,4.1297663784480595e-17,4.520953906642539e-17
86.402,0.47522858695095865,0.0,0.356629696629161,0.7390397278571564,0.6736618444359308,4.124989107480824e-17,4.525313185814988e-17
86.424,0.47583879772027055,0.0,0.3569690701175893,0.7406310137756755,0.6719119744680959,4.114274244205659e-17,4.5350570018482015e-17
86.439,0.47625341401408006,0.0,0.35720517413031644,0.7417355549073946,0.6706924530559587,4.1068068292363316e-17,4.5418203656556335e-17
86.457,0.4767493856038092,0.0,0.35749353058683153,0.743081728035066,0.66920067652418,4.097672332462902e-17,4.550063298715138e-17
86.481,0.47740796677168923,0.0,0.35788652188262976,0.744911389047907,0.6671634151141066,4.085197704138538e-17,4.56126674122964e-17
86.494,0.4777633784646967,0.0,0.3581034453035837,0.7459188545860248,0.6660368325949195,4.078299375758049e-17,4.5674356884621764e-17
86.503,0.47800888100476496,0.0,0.35825528780352056,0.7466230150744272,0.665247377568053,4.073465357899434e-17,4.571747427903217e-17
86.516,0.4783626896252392,0.0,0.3584770163714772,0.7476497170967905,0.6640932920344017,4.066398622125793e-17,4.578034164630043e-17
86.535,0.47887805776426073,0.0,0.3588061739864585,0.7491704639758189,0.6623772459152384,4.05589087019068e-17,4.5873460536186205e-17
86.545,0.4791484645603211,0.0,0.35898183881480616,0.7499803914215576,0.6614600611398751,4.050274733193803e-17,4.592305428888448e-17
86.558,0.47949911622603003,0.0,0.35921269692100044,0.7510430311627206,0.6602532584864028,4.0428851981599164e-17,4.5988122206767584e-17
86.581,0.4801170360207145,0.0,0.35962802761871715,0.7529497459186082,0.6580780197826875,4.0295657025804846e-17,4.610487481290182e-17
86.595,0.4804915960493801,0.0,0.3598851362491667,0.7541268293968535,0.6567288064215312,4.02130415345995e-17,4.617695038859994e-17
86.609,0.48086495352377473,0.0,0.3601454889644329,0.7553162203951952,0.6553605169736096,4.012925796996429e-17,4.624977958255263e-17
86.617,0.4810777549834371,0.0,0.3602957156013799,0.7560013469768054,0.6545700599395422,4.008085643613258e-17,4.6291731486311615e-17
86.637,0.481608001140983,0.0,0.3606758966754045,0.7577313900960984,0.652566579333507,3.995817863056584e-17,4.6397666074733066e-17
86.651,0.48197766155024585,0.0,0.3609459364531104,0.7589568974588774,0.6511408663258628,3.987087888700012e-17,4.647270675819101e-17
86.669,0.4824510827548825,0.0,0.3612978514552212,0.7605498174329898,0.6492795816923908,3.9756908073565936e-17,4.657024497557074e-17
86.68,0.482739355269881,0.0,0.36151551866815856,0.7615327153170264,0.6481264718416282,3.968630045917586e-17,4.6630430112949445e-17
86.698,0.48320934946075494,0.0,0.36187595724819543,0.7631563414311523,0.6462138953422608,3.956918892477212e-17,4.6729848539133264e-17
86.702,0.48331349931053824,0.0,0.36195677075839683,0.7635196925627691,0.6457845453933182,3.954289882273779e-17,4.6752097379148315e-17
86.713,0.4835993566106879,0.0,0.36218034782205677,0.76452363307011,0.6445956984632149,3.947010294335643e-17,4.681357100559078e-17
86.727,0.4839619891684084,0.0,0.36246773764159745,0.7658113085394799,0.6430653463786161,3.937639590425781e-17,4.689241838768601e-17
86.742,0.4843490348426668,0.0,0.36277917281312044,0.7672031514667185,0.6414041817602497,3.9274678907620846e-17,4.697764418697394e-17
86.76,0.4848114314818537,0.0,0.3631576840898266,0.7688897587388975,0.6393813720358453,3.915081753490705e-17,4.708091909683857e-17
86.771,0.4850928895492622,0.0,0.3633915612532198,0.7699291409373379,0.6381293896503223,3.9074155723856064e-17,4.7144562900959113e-17
86.794,0.4856786173205737,0.0,0.36388684321230547,0.7721232940283301,0.6354727522237604,3.8911483597809365e-17,4.727891602894526e-17
86.813,0.486159610241202,0.0,0.3643023612176736,0.7739567892813659,0.6332384134946958,3.8774669809171364e-17,4.739118523358936e-17
86.83,0.486587740547598,0.0,0.36467900808190207,0.775613000235689,0.6312087403271545,3.865038817177413e-17,4.749259890578559e-17
86.836,0.48673833709935704,0.0,0.36481303674128734,0.7762010338354658,0.630485491564044,3.8606101957637604e-17,4.7528605579073477e-17
86.845,0.4869637309854112,0.0,0.3650151480604559,0.7770864555748588,0.6293938675917513,3.853925926746056e-17,4.7582822024025635e-17
86.855,0.48721345951843364,0.0,0.36524121716655306,0.7780749565566293,0.628171443142236,3.8464407357995646e-17,4.7643350252189596e-17
86.864,0.4874375728783791,0.0,0.3654460275999764,0.7789687901742879,0.6270626953777478,3.8396516137953535e-17,4.7698081776131395e-17
86.898,0.4882786653876238,0.0,0.3662312397880786,0.7823804978877581,0.6228007358095394,3.813554638078844e-17,4.7906988622677774e-17
86.908,0.4885243529469455,0.0,0.3664656275835924,0.7833942453776093,0.6215251051319215,3.805743652947649e-17,4.796906275360727e-17
86.921,0.4888425821138579,0.0,0.36677266171532774,0.78471894919249,0.6198517328992752,3.7954972032051875e-17,4.8050177467942867e-17
86.935,0.48918380624886426,0.0,0.36710625141842673,0.7861540495828703,0.6180305901203063,3.7843459198299146e-17,4.8138052022919583e-17
86.946,0.48945082234917403,0.0,0.36737048866315436,0.7872877036084144,0.6165858186392138,3.775499245980818e-17,4.820746831160574e-17
86.951,0.48957187461082075,0.0,0.3674912150406777,0.7878047437160596,0.6159250650675565,3.7714532972480416e-17,4.823912788724866e-17
86.98,0.4902700127117116,0.0,0.36819902534769217,0.7908246001893243,0.6120428512248104,3.747681593467419e-17,4.842404076544207e-17
86.99,0.49050916737030426,0.0,0.36844609268011264,0.7918740678986492,0.610684419802606,3.7393636000021e-17,4.848830212899373e-17
87.008,0.4909375766805316,0.0,0.3688946668377206,0.7937733263019504,0.6082137013020484,3.72423481248559e-17,4.860459816521156e-17
87.022,0.4912689292019886,0.0,0.3692469712734072,0.7952594102685178,0.6062693051601485,3.712328819928329e-17,4.86955945638576e-17
87.032,0.49150460767900733,0.0,0.3695004397483912,0.7963255505956881,0.6048682645572292,3.703749920479126e-17,4.8760876830813157e-17
87.037,0.49162213204120625,0.0,0.36962774216051275,0.7968600512268864,0.6041639336791662,3.6994371377023233e-17,4.8793605555170117e-17
87.051,0.4919500771863951,0.0,0.3699861992546301,0.7983616436266564,0.6021782842196685,3.6872785414283104e-17,4.8885551571470234e-17
87.066,0.4922995983320375,0.0,0.3703735387780852,0.799978494493414,0.6000286729382612,3.674115968552379e-17,4.8984555133403894e-17
87.093,0.49292386561846985,0.0,0.3710792562375937,0.8029089963436223,0.5961016218653302,3.6500697159196126e-17,4.916399661894155e-17
87.107,0.4932450683656401,0.0,0.37144946902292125,0.8044383735528455,0.5940361126696361,3.637422119794031e-17,4.9257643964139754e-17
87.117,0.49347344736732823,0.0,0.371715690592724,0.805534772553592,0.5925485045184343,3.628313146990258e-17,4.9324779040482376e-17
87.141,0.4940179504836368,0.0,0.37236066208620017,0.8081792494864546,0.5889365846162989,3.6061965162556245e-17,4.948670655104484e-17
87.155,0.4943332057185492,0.0,0.372740816408875,0.8097301285552423,0.5868024530537606,3.5931287293205144e-17,4.9581670505417615e-17
87.17,0.49466902178256206,0.0,0.3731513154347597,0.8113982851338171,0.5844936465710306,3.578991366975885e-17,4.968381563613902e-17
87.183,0.494958412427449,0.0,0.37350974109874524,0.8128492869557954,0.58247406525566,3.566624998008453e-17,4.977266387298116e-17
87.212,0.4955984009092999,0.0,0.3743181596157006,0.8161029659215832,0.5779065227300998,3.5386568663389694e-17,4.9971894249526415e-17
87.226,0.49590457906325963,0.0,0.37471278365951943,0.8176816377585249,0.5756706864801581,3.524966317804425e-17,5.006856002012715e-17
87.235,0.49610044301894746,0.0,0.37496795999002186,0.8186991006543298,0.5742227639059527,3.5161003490748566e-17,5.013086165405709e-17
87.248,0.4963820166149582,0.0,0.37533859880318793,0.8201722452098448,0.5721166735792991,3.5032042651885986e-17,5.022106574228672e-17
87.267,0.496790677362741,0.0,0.37588464407501454,0.8223324008498922,0.5690074011051632,3.4841654622729614e-17,5.035333712679894e-17
87.277,0.49700438382159756,0.0,0.3761740990187351,0.8234725676559607,0.5673560877597942,3.474054084258984e-17,5.0423152208276224e-17
87.286,0.49719590207426684,0.0,0.37643582017824107,0.8245005533654148,0.5658611468373885,3.4649002111812914e-17,5.048609817870884e-17
87.3,0.49749227183214917,0.0,0.37684521616340916,0.8261029730442584,0.5635191903808043,3.4505598637898e-17,5.058421808523816e-17
87.319,0.4978914547912647,0.0,0.37740523454952046,0.8282838584880771,0.5603087093452173,3.430901337170025e-17,5.071775880414214e-17
87.342,0.49836996277658213,0.0,0.3780899063927272,0.8309327427761377,0.5563728758508317,3.406801307715644e-17,5.08799561873764e-17
87.347,0.4984732982475809,0.0,0.3782397223071252,0.8315097931136606,0.555510093478127,3.4015182893601755e-17,5.0915290329816114e-17
87.38,0.4991490933883154,0.0,0.3792371776939944,0.8353282050903408,0.5497515709668773,3.3662575085540767e-17,5.1149100630069484e-17
87.394,0.49943250607800505,0.0,0.379664864936779,0.8369529071319861,0.5472749137712389,3.351092357017958e-17,5.124858493781294e-17
87.403,0.49961365705202126,0.0,0.3799412214665939,0.8379987179936603,0.545672198889573,3.341278558769067e-17,5.131262238402608e-17
87.413,0.4998139741272316,0.0,0.3802495781462146,0.83916190141409,0.5438816996508423,3.3303149129611306e-17,5.1383846826658604e-17
87.432,0.5001917723258444,0.0,0.38083919235127917,0.8413750904490461,0.540451623340942,3.309311753092378e-17,5.1519365570036955e-17
87.437,0.5002905792560318,0.0,0.3809951646693791,0.8419581424998387,0.5395428493439806,3.303747117259742e-17,5.155506721142393e-17
87.466,0.500858580096162,0.0,0.38190642559790855,0.8453444091682641,0.534221704807993,3.271164504140754e-17,5.1762416243251256e-17
87.48,0.5011296657746019,0.0,0.3823503653204022,0.8469815884771967,0.5316222237460023,3.2552472733306986e-17,5.1862664563266987e-17
87.489,0.5013028541894515,0.0,0.38263712938597805,0.8480347630086263,0.5299406011327147,3.244950304577016e-17,5.1927152904209926e-17
87.499,0.5014942892056692,0.0,0.3829570126589378,0.84920552345455,0.528062476355103,3.2334501070905084e-17,5.1998841305843365e-17
87.519,0.5018739959661183,0.0,0.3836007290071369,0.8515485418261488,0.524275768001688,3.2102632057689377e-17,5.214230980329946e-17
87.53,0.5020810272321348,0.0,0.3839570068751269,0.8528378784442225,0.5221757875378343,3.197404534002286e-17,5.222125890141683e-17
87.536,0.5021934101374967,0.0,0.3841520054916309,0.8535413081143148,0.521025177263541,3.190359078054889e-17,5.226433154611202e-17
87.565,0.5027311565488313,0.0,0.3851010816301452,0.8569421766073191,0.5154125589772821,3.155991702959375e-17,5.247257468182596e-17
87.579,0.502987513189538,0.0,0.3855631371617074,0.8585841729543862,0.5126726225889507,3.139214431320188e-17,5.257311796035833e-17
87.597,0.5033139860215385,0.0,0.38616089367667966,0.8606950578503502,0.5091208278905729,3.117465961277203e-17,5.2702372381918865e-17
87.609,0.5035296686546848,0.0,0.38656168845509503,0.8621019562409186,0.5067348587235552,3.1028561137609405e-17,5.2788520062455626e-17
87.613,0.5036012119246144,0.0,0.38669569214179256,0.862570831190743,0.5059363212687056,3.097966482070536e-17,5.2817230372780763e-17
87.628,0.503867930572786,0.0,0.38720000420142714,0.8643285944254129,0.5029275105406247,3.079542829933614e-17,5.2924862328730635e-17
87.663,0.5044805803765089,0.0,0.3883876968285058,0.868425664861324,0.4958193870858291,3.036018126749316e-17,5.3175735538491627e-17
87.677,0.5047218118537338,0.0,0.3888670358224027,0.8700622201313798,0.4929419165581828,3.018398701392701e-17,5.3275945647146706e-17
87.696,0.5050456708449851,0.0,0.3895214273517394,0.8722806402723255,0.48900560794954256,2.994295762702564e-17,5.3411784703385367e-17
87.698,0.5050795240976563,0.0,0.3895905680112847,0.8725139640404656,0.48858917564186094,2.9917458502392446e-17,5.342607166367625e-17
87.711,0.5052984649051049,0.0,0.3900411715396487,0.8740295827972152,0.4858727080165399,2.9751122833275605e-17,5.351887654663531e-17
87.731,0.5056315412480885,0.0,0.3907384134182577,0.8763576735471371,0.48166090563284186,2.949322431788376e-17,5.3661430990886126e-17
87.745,0.5058619720655769,0.0,0.39122935276982485,0.8779844338795907,0.4786891829414309,2.931125878378426e-17,5.3761041332592086e-17
87.761,0.5061225611842824,0.0,0.39179330007585994,0.8798403552574553,0.4752693439097823,2.910185403759888e-17,5.387468374133564e-17
87.776,0.5063641764901881,0.0,0.3923247667550567,0.8815768827520772,0.47204046415231216,2.8904142174608e-17,5.398101538323164e-17
87.781,0.5064441348783459,0.0,0.3925025140824589,0.8821549484714192,0.4709592836831945,2.8837938964567725e-17,5.401641169987609e-17
87.801,0.5067610560688669,0.0,0.39321644499549174,0.8844630727615812,0.4666101937604257,2.857163401191158e-17,5.4157743551075147e-17
87.81,0.5069021450067579,0.0,0.3935392417460147,0.8854994553769601,0.4646404142206177,2.845101980148899e-17,5.422120368370593e-17
87.835,0.5072890628784923,0.0,0.39444083521234385,0.8883703084240901,0.45912764577020065,2.8113460089626803e-17,5.4396992733455446e-17
87.849,0.5075025122809319,0.0,0.39494887519342586,0.8899725220936884,0.456014155392351,2.792281378835632e-17,5.449510002555663e-17
87.858,0.5076385014054047,0.0,0.3952766569388927,0.8910003188419122,0.45400267821193613,2.7799646333828667e-17,5.455803442545095e-17
87.873,0.5078630057286986,0.0,0.3958250079819785,0.8927093176429842,0.4506329706017941,2.7593311251887523e-17,5.466268042102492e-17
87.893,0.5081581577447467,0.0,0.3965600979040784,0.8949798227448629,0.4461066205287407,2.7316152245448263e-17,5.4801708761298095e-17
87.898,0.5082311951915207,0.0,0.3967445722243434,0.8955459285774858,0.44496908859862233,2.7246498503590894e-17,5.483637274609311e-17
87.922,0.5085775764826688,0.0,0.39763392633875766,0.8982543396482,0.4394759848992617,2.691014291045057e-17,5.500221509351938e-17
87.936,0.5087764102158092,0.0,0.3981556594508306,0.899827156926592,0.4362465904249642,2.671239953014394e-17,5.5098522375800697e-17
87.942,0.5088608949558976,0.0,0.3983799184830304,0.9004995558877076,0.4348569303185146,2.6627307390080626e-17,5.5139694937574707e-17
87.955,0.509042438717931,0.0,0.39886716238486375,0.9019528894695088,0.4318344418612347,2.6442233349347243e-17,5.522868595352702e-17
87.979,0.5093721593941118,0.0,0.39977150595885386,0.9046227938251615,0.4262130932901514,2.6098025022623806e-17,5.5392170444686004e-17
87.995,0.5095880361738464,0.0,0.40037784200827337,0.9063928113085897,0.4224358786941649,2.586673733439043e-17,5.5500552756961765e-17
88.008,0.5097611061805907,0.0,0.4008724983203817,0.9078248582809753,0.41934952806355613,2.567775286334936e-17,5.55882403440098e-17
88.024,0.5099712367862957,0.0,0.4014837585959498,0.9095796196256686,0.4155296807228385,2.544385467239729e-17,5.56956884872121e-17
88.032,0.510075107189363,0.0,0.4017903970042318,0.9104537018999441,0.41361099682755986,2.532636916785086e-17,5.574921059018126e-17
88.038,0.5101524859054133,0.0,0.4020208145951506,0.9111077893420401,0.41216816495243885,2.5238021195972128e-17,5.578926189479751e-17
88.057,0.510394546795096,0.0,0.4027529369602605,0.9131705359811334,0.40757768856492804,2.4956935585245795e-17,5.59155686982484e-17
88.08,0.5106815005354824,0.0,0.40364416352438176,0.9156496261930667,0.4019773153456515,2.4614011628394916e-17,5.606736919289048e-17
88.095,0.510865047668317,0.0,0.4042283023058314,0.9172554522960292,0.39829942911483923,2.43888060483853e-17,5.61656976827395e-17
88.1,0.5109255969007961,0.0,0.4044235206768333,0.9177887502248617,0.39706902417676254,2.4313465474931763e-17,5.619835276281633e-17
88.115,0.5111053399409073,0.0,0.4050106822171792,0.9193825838634477,0.3933645440155614,2.4086631486335772e-17,5.629594692600972e-17
88.138,0.5113753785388554,0.0,0.4059153497277038,0.9218083511812157,0.3876459256751815,2.373646710403119e-17,5.644448233506875e-17
88.155,0.5115706224681745,0.0,0.4065873683739192,0.9235867672399894,0.3833894669643202,2.3475834177233233e-17,5.655337891176523e-17
88.166,0.5116949790120803,0.0,0.4070237069524274,0.9247307315097093,0.38062195706700636,2.330637307036553e-17,5.66234265208278e-17
88.186,0.5119170864907694,0.0,0.4078200468035419,0.9267966720356436,0.3755634815895385,2.2996630780263212e-17,5.674992889344352e-17
88.202,0.5120910480007939,0.0,0.4084598769486566,0.9284361014963342,0.37149213375021634,2.274733262528114e-17,5.685031499551664e-17
88.218,0.5122616865472646,0.0,0.4091021331944525,0.9300633737855133,0.36739913002443064,2.2496708429697062e-17,5.694995668553086e-17
88.228,0.5123666432048607,0.0,0.4095047647785268,0.9310741171210988,0.3648300815820516,2.2339399582106362e-17,5.701184686506507e-17
88.248,0.5125726384445842,0.0,0.4103128198149052,0.9330807387565772,0.3596669778579628,2.2023250659637806e-17,5.713471700321449e-17
88.253,0.5126233190344774,0.0,0.41051541095032285,0.9335792464478424,0.3583710236638542,2.194389635185497e-17,5.716524179563741e-17
88.273,0.5128227585775349,0.0,0.4113280630082854,0.9355604263706327,0.3531666584053482,2.162522088908382e-17,5.728655407818642e-17
88.274,0.5128325924375988,0.0,0.41136879115194824,0.9356589393531901,0.35290558115232923,2.1609234517971826e-17,5.729258625862458e-17
88.294,0.5130264998394691,0.0,0.4121852479287396,0.9376180817133483,0.3476669855539651,2.1288463051393622e-17,5.741254912964667e-17
88.314,0.5132151174143238,0.0,0.41300527982482327,0.9395556755599338,0.34239616312557647,2.096571826060361e-17,5.75311925347601e-17
88.339,0.5134434197614555,0.0,0.41403527491490244,0.9419465406799691,0.33576288434107676,2.0559547079039132e-17,5.767759080058232e-17
88.353,0.513567630488854,0.0,0.41461444512402706,0.9432699582781459,0.3320267847778925,2.033077696047166e-17,5.775862675685944e-17
88.367,0.5136892204426593,0.0,0.41519529829895746,0.9445820415302976,0.32827544352030846,2.0101073557291176e-17,5.783896868460756e-17
88.377,0.5137744621972985,0.0,0.4156112146977864,0.9455122043551664,0.3255866573055997,1.9936432885719445e-17,5.789592473091563e-17
88.387,0.5138583610790842,0.0,0.4160279753473655,0.94643642677558,0.32289021365205883,1.9771323331249943e-17,5.795251703235862e-17
88.405,0.5140059875283568,0.0,0.4167802527984128,0.948084849956212,0.31801747952511517,1.9472954418667063e-17,5.805345384094868e-17
88.425,0.5141648886113317,0.0,0.4176192590592874,0.9498931533465489,0.3125747866116999,1.9139685595909262e-17,5.816418048889185e-17
88.445,0.5143183738691743,0.0,0.41846152627387173,0.9516764604225413,0.30710244980726426,1.8804601608338842e-17,5.82733765540174e-17
88.463,0.5144518653034508,0.0,0.4192223146755043,0.9532596481032949,0.30215235113760475,1.850149548377574e-17,5.837031884030161e-17
88.474,0.5145312712399652,0.0,0.4196885065841686,0.9542168275552907,0.29911577358995406,1.831555873507108e-17,5.842892917790643e-17
88.49,0.5146438221866698,0.0,0.42036829808823867,0.9555949074217436,0.294683513128287,1.8044161055702686e-17,5.851331223277748e-17
88.515,0.5148126681545977,0.0,0.42143443757125265,0.9577139682454422,0.2877220099811067,1.7617891928380255e-17,5.864306728552454e-17
88.525,0.514877805028138,0.0,0.4218622290540304,0.9585497388949578,0.28492524995936785,1.744663976794997e-17,5.869424347806206e-17
88.537,0.5149541536243618,0.0,0.42237657357011704,0.9595435993230852,0.2815600841704991,1.7240582792353054e-17,5.875509987766733e-17
88.564,0.5151186787943711,0.0,0.4235377631751816,0.9617431252645965,0.27395284449387775,1.6774773706336998e-17,5.8889781997863e-17
88.58,0.5152114198860167,0.0,0.42422839400259216,0.9630222292763723,0.2694219477317434,1.6497336295486252e-17,5.896810452955288e-17
88.601,0.5153277562272546,0.0,0.4251376396639947,0.9646731147249239,0.2634497707854647,1.6131645926426164e-17,5.906919210856928e-17
88.612,0.5153862488925294,0.0,0.4256151587940024,0.9655250488622246,0.26031016119160405,1.5939400284441472e-17,5.912135802928576e-17
88.64,0.5155275329979561,0.0,0.42683446408597336,0.9676532469260084,0.25228395453051183,1.5447936869601386e-17,5.925167257662398e-17
88.652,0.5155847326094715,0.0,0.4273586691340457,0.96854736812584,0.2488292500822776,1.5236397232374877e-17,5.930642170989516e-17
88.664,0.5156399174264833,0.0,0.42788384587122685,0.9694305770595436,0.24536576016632844,1.5024319640402564e-17,5.936050265957708e-17
88.68,0.515710357957911,0.0,0.42858557421393534,0.9705910565040733,0.24073429550919184,1.474072422201624e-17,5.943156153143806e-17
88.695,0.5157731320280459,0.0,0.42924497282798446,0.9716610496570356,0.23637851970808996,1.4474009877385097e-17,5.94970797159323e-17
88.696,0.5157772045181797,0.0,0.42928898478237,0.971731760281795,0.23608766604726358,1.445620022714753e-17,5.950140949294617e-17
88.71,0.5158327417996168,0.0,0.4299058286074685,0.9727134884647162,0.23200963203884992,1.420649266238664e-17,5.956152300678853e-17
88.729,0.5159036965361096,0.0,0.4307449709863389,0.9740211108708601,0.22645722681755107,1.3866505898295004e-17,5.96415917864974e-17
88.756,0.515995757601265,0.0,0.4319413136777031,0.975829723781429,0.21853226348679033,1.3381241849476189e-17,5.975233738708865e-17
88.771,0.5160424447444933,0.0,0.4326078743954864,0.9768090453752103,0.2141123277001356,1.3110598838798013e-17,5.981230353984665e-17
88.781,0.5160717973222558,0.0,0.43305299861393154,0.9774517190797711,0.21115903217243676,1.2929761643051383e-17,5.985165595460598e-17
88.786,0.5160859414184533,0.0,0.4332757834464481,0.9777699762236053,0.20968040823045536,1.2839222039166875e-17,5.987114358423109e-17
88.814,0.5161585824861089,0.0,0.4345260800293133,0.9795139706408267,0.2013762183561944,1.2330737061715597e-17,5.997793244327015e-17
88.819,0.5161703801978476,0.0,0.43474982298555054,0.9798185214594399,0.19988913178318898,1.2239679271131294e-17,5.999658080252977e-17
88.847,0.5162298610177282,0.0,0.43600538712398557,0.981485081036042,0.19153860107997522,1.172835673628767e-17,6.009862814508347e-17
88.858,0.5162501664837483,0.0,0.4364998330065064,0.9821215928324721,0.18824764777337274,1.1526843964633965e-17,6.013760325178935e-17
88.873,0.5162750677348971,0.0,0.43717513524000334,0.9829728623676315,0.183750787341947,1.1251490677956068e-17,6.018972847736158e-17
88.894,0.5163045178872229,0.0,0.4381225706835573,0.9841320216916447,0.1774377746735913,1.0864930140092143e-17,6.026070651515432e-17
88.903,0.5163152042986752,0.0,0.43852932002062955,0.9846170733923999,0.17472612507631863,1.0698889490106685e-17,6.029040736579185e-17
88.908,0.5163206390407871,0.0,0.43875547215485794,0.9848834890876875,0.17321810795197762,1.0606550072887504e-17,6.030672062221569e-17
88.922,0.5163339467600125,0.0,0.4393893751401759,0.9856177865271579,0.1689898780439404,1.0347645661740659e-17,6.035168337265916e-17
88.952,0.5163529757222906,0.0,0.44075102822180157,0.9871329790010376,0.15990147519187267,9.79114148863334e-18,6.04444621533206e-17
88.967,0.516357631734863,0.0,0.4414334937160381,0.9878605170987312,0.155343486369488,9.512045167539198e-18,6.048901101345052e-17
88.972,0.5163584631366666,0.0,0.4416612195905715,0.9880985468761188,0.15382217545367927,9.418891740361544e-18,6.050358613369949e-17
89.004,0.5163552424816736,0.0,0.4431214087232335,0.9895685053881533,0.1440630873744428,8.821319941419841e-18,6.059359513303161e-17
89.015,0.5163507196312259,0.0,0.4436244200207586,0.99005233108992,0.14069961515020402,8.61536666674809e-18,6.06232209128823e-17
89.031,0.5163410175881038,0.0,0.4443570234295138,0.9907363283774073,0.13579958627791985,8.315326433039469e-18,6.066510366731965e-17
89.054,0.5163205795092278,0.0,0.4454120656526595,0.9916783348844613,0.1287403593314163,7.883073448814953e-18,6.072278493000163e-17
89.059,0.5163151224965018,0.0,0.445641716336452,0.9918766513930681,0.12720341355983367,7.788962662833366e-18,6.07349283138758e-17
89.064,0.5163093031512996,0.0,0.44587147009862405,0.9920726499926235,0.12566565615399322,7.694802178586984e-18,6.074692976675494e-17
89.08,0.5162882453220214,0.0,0.4466073652490737,0.9926842275642245,0.12073948958488717,7.393161472540864e-18,6.078437809252951e-17
89.096,0.5162634734119009,0.0,0.44734428055210423,0.9932719183861046,0.1158054236449546,7.091037069534843e-18,6.08203637767247e-17
89.135,0.516187515456985,0.0,0.4491446182196409,0.9946036677896648,0.10374750126796366,6.352702267367383e-18,6.090190990894152e-17
89.152,0.5161474856233335,0.0,0.4499311280133295,0.9951391736827194,0.098478550974689,6.0300721117911165e-18,6.093470018783422e-17
89.157,0.5161349119575595,0.0,0.4501626489190164,0.995291449244117,0.09692745256915172,5.935094726915928e-18,6.094402437677691e-17
89.172,0.5160950077140855,0.0,0.45085772984218564,0.9957339812219574,0.0922704646128467,5.6499364571980915e-18,6.097112164528605e-17
89.182,0.5160665849264432,0.0,0.4513215406890386,0.996017063258805,0.08916282688040823,5.459648527101076e-18,6.098845542080212e-17
89.206,0.5159924269862789,0.0,0.4524360250958278,0.9966573525302854,0.08169529758390183,5.002394234575794e-18,6.102766183114447e-17
89.224,0.5159312997024101,0.0,0.45327308492849383,0.9971012096365772,0.07608664627432658,4.658963390885547e-18,6.105484024036941e-17
89.226,0.5159242162038062,0.0,0.45336615293892607,0.9971485978489226,0.07546306254007738,4.620779899678115e-18,6.105774193149772e-17
89.244,0.5158578397789308,0.0,0.4542043021573372,0.9975576887587746,0.06984738791287592,4.2769190018153514e-18,6.108279152516325e-17
89.25,0.51583466414527,0.0,0.45448389593520183,0.9976870807871554,0.06797417767361398,4.162217955633242e-18,6.109071450183283e-17
89.264,0.5157785452136017,0.0,0.4551366793371717,0.9979754112980533,0.06360093116048887,3.894433838424193e-18,6.110836965369622e-17
89.292,0.5156577268994651,0.0,0.45644385484632743,0.9984948794242016,0.054845015850569244,3.3582886555292738e-18,6.114017790259355e-17
89.302,0.5156118042743845,0.0,0.45691120115022954,0.998661877757252,0.05171512268533578,3.166637973205457e-18,6.11504036012952e-17
89.313,0.515559603268507,0.0,0.45742557220106306,0.9988342902484386,0.04827070150617106,2.9557280046064857e-18,6.116096082156844e-17
89.329,0.5154805209739015,0.0,0.45817427308568104,0.9990639358527662,0.043257971269811096,2.6487868026591163e-18,6.117502255928234e-17
89.35,0.515371052964993,0.0,0.4591578455031696,0.9993272651805665,0.036674474321111254,2.245663879388035e-18,6.119114683020295e-17
89.367,0.5152777196705604,0.0,0.45995478237648013,0.9995087225720362,0.03134188096487669,1.9191367101446796e-18,6.12022578908852e-17
89.39,0.5151447285730624,0.0,0.4610339420942441,0.9997089849734164,0.024123543757530376,1.4771410323375344e-18,6.121452042632719e-17
89.417,0.5149787536750356,0.0,0.4623020766498105,0.9998775984464703,0.015645706277412023,9.580232056516143e-19,6.122484502383061e-17
89.429,0.5149015712515809,0.0,0.4628661086130174,0.999929469076272,0.011876736624377715,7.272403745680155e-19,6.122802118386844e-17
89.446,0.5147886319828617,0.0,0.4636655620213255,0.999978635946712,0.006536639056363216,4.0025370487783935e-19,6.123103178639386e-17
89.458,0.5147063712309529,0.0,0.4642301542772265,0.999996172289123,0.002766840635594432,1.6942012640657748e-19,6.123210557767398e-17
89.475,0.5145862392982031,0.0,0.4650303536720909,0.9999966876421567,-0.002573850173371411,-1.5760286881520792e-19,6.123213713394614e-17
89.487,0.5144989026981771,0.0,0.46559543878783005,0.999979878803719,-0.0063436572810506185,-3.8843697920632207e-19,6.123110788943663e-17
89.497,0.5144245184244383,0.0,0.46606648425941294,0.9999550164833795,-0.009484988651779476,-5.807880496175352e-19,6.122958551138548e-17
89.502,0.5143867796617941,0.0,0.4663020528786461,0.999938885347151,-0.011055567407287416,-6.769582619046168e-19,6.122859776416804e-17
89.508,0.5143410121996017,0.0,0.4665847740551269,0.9999162725384043,-0.012940166648982947,-7.923566833555149e-19,6.122721312897547e-17
89.563,0.5138970441101846,0.0,0.4691781121863544,0.9995436396499053,-0.030207820765824057,-1.849695550504169e-18,6.12043959452676e-17
89.581,0.5137421841645406,0.0,0.4700274019101155,0.9993570178475305,-0.035854579608336316,-2.1954598076061516e-18,6.119296865562112e-17
89.587,0.5136895173463769,0.0,0.4703105472791236,0.9992877363701314,-0.03773618873520349,-2.3106751373293682e-18,6.118872638864427e-17
89.601,0.5135645936060781,0.0,0.47097130283471117,0.9991123391696952,-0.04212521476336722,-2.5794254711676244e-18,6.11779864076396e-17
89.616,0.5134275875430135,0.0,0.47167936725123716,0.9989030907541409,-0.04682537006607333,-2.8672269785153497e-18,6.116517363752283e-17
89.631,0.5132873154486065,0.0,0.47238752552122215,0.9986718182597802,-0.0515228047926787,-3.154861898622394e-18,6.115101228152535e-17
89.637,0.5132302926279023,0.0,0.47267081005869893,0.9985731509986532,-0.053400956027219185,-3.2698654935071267e-18,6.114497065424936e-17
89.645,0.5131534501480838,0.0,0.47304853803094826,0.9984361271384123,-0.05590438287690921,-3.423156177425748e-18,6.113658036265683e-17
89.66,0.5130068702948682,0.0,0.4737568138382575,0.9981623868502604,-0.06059578762084996,-3.710421867584336e-18,6.111981860427268e-17
89.689,0.5127142438554761,0.0,0.4751262058796292,0.9975710969812753,-0.06965562768057489,-4.2651770740807904e-18,6.108361254200163e-17
89.708,0.5125159275626432,0.0,0.4760233719135227,0.9971394894169865,-0.07558332253368816,-4.628143700490161e-18,6.105718420089693e-17
89.723,0.5123556783506839,0.0,0.4767316129547752,0.996774111802853,-0.08025814625091679,-4.9143940955842695e-18,6.103481127461549e-17
89.728,0.5123015402310855,0.0,0.47696767957062525,0.9966475004157377,-0.08181540145389639,-5.009748475573496e-18,6.102705856311718e-17
89.733,0.5122470414459085,0.0,0.47720373793265547,0.996518483453185,-0.08337213045235266,-5.1050706348284625e-18,6.101915855260588e-17
89.748,0.5120813822813512,0.0,0.4779118551692775,0.9961170230881582,-0.08803906129659575,-5.3908377308406805e-18,6.099457619505516e-17
89.777,0.5117519189725637,0.0,0.4792805663911561,0.995279787816618,-0.09704712238757009,-5.942422389919957e-18,6.09433103202839e-17
89.792,0.5115767606497944,0.0,0.4799883141287192,0.9948152806170159,-0.10169836503547167,-6.2272288609604736e-18,6.091486745752523e-17
89.797,0.5115176562770212,0.0,0.48022419334619565,0.9946556973154811,-0.10324748809464603,-6.3220852907556354e-18,6.090509579855413e-17
89.807,0.5113983709565284,0.0,0.48069589175393596,0.9943294268967425,-0.10634373891863884,-6.511675973803643e-18,6.088511749735589e-17
89.827,0.5111554979640027,0.0,0.48163902521144486,0.9936485556511665,-0.11252798697368892,-6.890351953091159e-18,6.084342615777959e-17
89.841,0.5109820777139003,0.0,0.4822989865267854,0.993149557885191,-0.11685014194449897,-7.155007615612227e-18,6.08128713569354e-17
89.856,0.5107931590382494,0.0,0.48300585225506765,0.9925945505903385,-0.1214745164154355,-7.438168885306785e-18,6.077888696157818e-17
89.87,0.5106139346837086,0.0,0.4836653543440058,0.9920576137733641,-0.12578430329058818,-7.702067220389934e-18,6.074600906386557e-17
89.885,0.5104188052210038,0.0,0.48437168624680166,0.9914621319468093,-0.13039494206251892,-7.984387421093419e-18,6.070954631822354e-17
89.9,0.5102204696866561,0.0,0.48507770926109584,0.9908458575864499,-0.13499809814872427,-8.26624943944077e-18,6.0671810397083e-17
89.914,0.5100324679267553,0.0,0.48573636569812983,0.990251998312362,-0.13928740014220178,-8.528893437285201e-18,6.063544700412522e-17
89.933,0.5097728686477875,0.0,0.48662976264211505,0.9894173701167007,-0.1450974421254617,-8.884655903170749e-18,6.058434076671048e-17
89.943,0.5096341803121072,0.0,0.4870997293854682,0.9889648954555662,-0.1481500440653361,-9.07157386290766e-18,6.05566346844378e-17
89.957,0.5094376366956344,0.0,0.4877573863560785,0.9883162205348145,-0.15241734884119953,-9.332870919645028e-18,6.05169148011685e-17
89.982,0.5090797717427418,0.0,0.4889308610543765,0.987114006918574,-0.16001855312793378,-9.79831044461574e-18,6.044330044831749e-17
89.992,0.5089341552871087,0.0,0.48939990446864484,0.9866174751347029,-0.16305200936763653,-9.984056068331017e-18,6.041289664532786e-17
90.003,0.5087723494452376,0.0,0.4899156119143595,0.9860610274109821,-0.1663840443708424,-1.0188084368397167e-17,6.037882404914049e-17
90.034,0.508307194820474,0.0,0.4913675407081793,0.9844354322667265,-0.17574663495448045,-1.0761377697896141e-17,6.027928505463438e-17
90.053,0.5080154351465532,0.0,0.4922563268905703,0.9833975708425452,-0.18146409468812633,-1.1111471135999306e-17,6.021573437108027e-17
90.055,0.5079844295596577,0.0,0.4923498320656563,0.983286500575845,-0.18206498231485616,-1.1148264891435403e-17,6.020893327875053e-17
90.064,0.5078442121758863,0.0,0.49277048127709394,0.9827824103153293,-0.18476670147727284,-1.1313697477657836e-17,6.017806665254944e-17
90.082,0.5075603832605668,0.0,0.49361115525123256,0.9817533443668157,-0.19015880422576403,-1.1643868546238505e-17,6.01150545365515e-17
90.096,0.507336504144176,0.0,0.4942644171817744,0.9809338348488149,-0.19434199661626878,-1.1900015204800965e-17,6.006487405114698e-17
90.107,0.5071586855064354,0.0,0.49477731595825075,0.9802782785330765,-0.19762210563656138,-1.210086395542875e-17,6.002473280396048e-17
90.122,0.5069134965052333,0.0,0.4954761697344465,0.9793679203686928,-0.20208531998317383,-1.2374157013603125e-17,5.996898944335598e-17
90.149,0.5064642982103545,0.0,0.496732431578621,0.9776819814764685,-0.2100903212816961,-1.286432197447341e-17,5.986575545995994e-17
90.16,0.506278402084464,0.0,0.49724360059362227,0.9769778514375285,-0.2133407551325121,-1.3063353645035511e-17,5.982263993004138e-17
90.181,0.505918877357953,0.0,0.498218394802689,0.9756061510440758,-0.21952821696757793,-1.34422264115935e-17,5.973864750522983e-17
90.192,0.5057281336233092,0.0,0.49872842245244037,0.9748733808289336,-0.22275971662570618,-1.3640098697232125e-17,5.969377827030561e-17
90.212,0.5053770731622985,0.0,0.49965469120601635,0.9735162120738107,-0.22861798885796225,-1.3998814414120435e-17,5.96106756517124e-17
90.225,0.5051459471865838,0.0,0.5002560161462077,0.9726170056056506,-0.23241376983022716,-1.4231238965017867e-17,5.955561513556216e-17
90.245,0.5047858632331589,0.0,0.501179940462668,0.9712076761107311,-0.23823444306731384,-1.4587652407451912e-17,5.946931859281731e-17
90.256,0.5045854946304482,0.0,0.5016874674363679,0.9704192720868983,-0.2414258402953886,-1.4783069127460386e-17,5.942104276960622e-17
90.266,0.5044019142818867,0.0,0.5021484575520274,0.9696944411417495,-0.24432087675593747,-1.496033898420169e-17,5.937665967476125e-17
90.289,0.5039745341012866,0.0,0.5032072605488854,0.9679983452950401,-0.2509565769332698,-1.5366658433315267e-17,5.927280375727527e-17
90.304,0.5036919541547594,0.0,0.5038966479443593,0.9668706706191008,-0.25526673558568147,-1.5630579533189927e-17,5.920375359815683e-17
90.314,0.5035018819057312,0.0,0.5043557284070355,0.9661095542012078,-0.25813238712169284,-1.580605008224233e-17,5.915714865890927e-17
90.324,0.5033104638968953,0.0,0.5048143925335108,0.9653410347443422,-0.2609917367249828,-1.5981134749207947e-17,5.911009041426262e-17
90.339,0.5030208187756112,0.0,0.5055015941859374,0.964174495460827,-0.2652688114024334,-1.624303003988065e-17,5.90386604842808e-17
90.348,0.502845584209116,0.0,0.5059134497533944,0.9634667142101566,-0.26782809899090954,-1.6399741207546892e-17,5.89953213821243e-17
90.37,0.5024126754345732,0.0,0.5069187051406894,0.9617120669406455,-0.2740618548808851,-1.6781448667413116e-17,5.888788022401233e-17
90.393,0.501953195405817,0.0,0.5079673146229641,0.9598409910106297,-0.28054459890671984,-1.7178402253459625e-17,5.877330986657955e-17
90.398,0.5018523789019955,0.0,0.5081949494135056,0.9594293423905839,-0.28194917442683154,-1.72644076992029e-17,5.874810365833392e-17
90.408,0.5016497523717954,0.0,0.5086498660922821,0.9586008582643663,-0.2847532168998631,-1.7436105781166468e-17,5.869737363666809e-17
90.437,0.5010546656739794,0.0,0.5099664114775126,0.9561596367714466,-0.2928459475715781,-1.793164261684034e-17,5.85478919323024e-17
90.45,0.5007843089455097,0.0,0.5105552476153508,0.9550469365875688,-0.29645463213567835,-1.815261081686823e-17,5.847975869637257e-17
90.46,0.5005748336706811,0.0,0.5110076218157424,0.954183400234287,-0.2992223900668771,-1.8322087111431093e-17,5.842688234482288e-17
90.485,0.5000454252458649,0.0,0.5121363197893634,0.9519960259810728,-0.30611038289519765,-1.8743855029918727e-17,5.829294430093606e-17
90.494,0.4998528438806381,0.0,0.5125418546002702,0.9511987317735892,-0.3085789569499443,-1.889501159564891e-17,5.824412411097738e-17
90.514,0.49942111960354696,0.0,0.5134415010364825,0.9494086437157926,-0.31404335248137194,-1.9229609320490808e-17,5.813451283046877e-17
90.528,0.4991158317039758,0.0,0.5140699668927515,0.9481407603380341,-0.31785074891466686,-1.946274511324679e-17,5.805687736445556e-17
90.543,0.49878593206016364,0.0,0.514742125401469,0.9467689955937968,-0.32191376016304907,-1.971153279925834e-17,5.797288099929488e-17
90.562,0.4983639077453528,0.0,0.5155917155973413,0.9450119817881572,-0.327035707953764,-2.0025161647623285e-17,5.786529493263817e-17
90.572,0.49813993221722036,0.0,0.516038042465203,0.9440786467193042,-0.3297203494002868,-2.018954852534041e-17,5.780814464240804e-17
90.597,0.4975744121532759,0.0,0.5171513195503371,0.941719904962082,-0.3363980092066645,-2.059843726072418e-17,5.766371336525817e-17
90.614,0.49718532267955906,0.0,0.5179062374655763,0.9400956408528357,-0.34091081832276343,-2.0874767122683853e-17,5.756425587314024e-17
90.626,0.4969084700032924,0.0,0.5184380729763608,0.9389394069857157,-0.34408253371729386,-2.106897867796976e-17,5.749345696791854e-17
90.648,0.4963961947385158,0.0,0.5194108141515356,0.9367992360271957,-0.3498673911339301,-2.142319903391013e-17,5.736240929221956e-17
90.662,0.49606703893254855,0.0,0.5200282634671202,0.9354238315980232,-0.3535282948767652,-2.1647364736442605e-17,5.72781900606336e-17
90.677,0.49571165408133183,0.0,0.5206884408370593,0.9339388047194238,-0.35743294341631965,-2.1886455503230645e-17,5.718725838995736e-17
90.691,0.49537743405186485,0.0,0.5213033051085296,0.9325423595329451,-0.36106058726580426,-2.2108584624666538e-17,5.710175078356707e-17
90.712,0.49487154798233357,0.0,0.5222232090284467,0.9304292528172268,-0.36647156165516737,-2.2439911247976632e-17,5.697236031478401e-17
90.723,0.4946043868444524,0.0,0.5227039015362909,0.9293137452081127,-0.36929116286105595,-2.2612562027559804e-17,5.690405517363771e-17
90.737,0.4942622115037847,0.0,0.5233145206788246,0.9278856036313156,-0.37286499778572546,-2.283139630261868e-17,5.681660672310001e-17
90.757,0.49376922527603645,0.0,0.5241845277235901,0.9258294328237804,-0.3779416109893128,-2.3142249208132802e-17,5.66907025732026e-17
90.763,0.4936203775323569,0.0,0.5244449946460331,0.9252089920436872,-0.37945793052920135,-2.3235097001683257e-17,5.665271153243253e-17
90.782,0.49314613999499707,0.0,0.5252681559292736,0.9232335874500024,-0.3842391742186092,-2.3527863740692097e-17,5.653175288679868e-17
90.793,0.4928695828909588,0.0,0.5257435645639121,0.9220826574848071,-0.3869929880059274,-2.3696486202696452e-17,5.646127875190271e-17
90.814,0.4923375600745263,0.0,0.5266487703428565,0.9198710250723499,-0.39222098010221773,-2.4016608392030933e-17,5.63258553241624e-17
90.829,0.4919543038233049,0.0,0.5272933985775341,0.9182800204237662,-0.39593156490803755,-2.4243816182301535e-17,5.622843438664657e-17
90.844,0.491568360976649,0.0,0.5279363817318936,0.9166799045811616,-0.3996222623141415,-2.4469806220551867e-17,5.613045554940103e-17
90.869,0.4909191850877985,0.0,0.5290043113412723,0.9139934678467702,-0.40572890054004673,-2.4843729968397154e-17,5.596595874200682e-17
90.881,0.49060495801034376,0.0,0.5295152484979574,0.9126955685576091,-0.40864018296699917,-2.5021994603676216e-17,5.588648533150249e-17
90.896,0.49020979453485547,0.0,0.5301523772595992,0.9110657822571434,-0.41226101004118665,-2.5243706318009704e-17,5.57866897026945e-17
90.912,0.48978538545857675,0.0,0.5308300715483973,0.9093185290068325,-0.4161007243503072,-2.5478821009924943e-17,5.567970129767985e-17
90.922,0.4895186154243337,0.0,0.5312526192438289,0.9082220070967066,-0.4184886925894532,-2.5625041892951728e-17,5.561255869530832e-17
90.947,0.4888466214672682,0.0,0.532305542879546,0.9054661503689181,-0.4244184851489057,-2.598813696682879e-17,5.5443811139278576e-17
90.961,0.4884671585347765,0.0,0.5328930047341414,0.9039141233738528,-0.42771399037824237,-2.6189928463362818e-17,5.534877689469373e-17
90.979,0.48797597906279877,0.0,0.5336459869736996,0.9019098423698365,-0.4319243408705008,-2.6447738076044455e-17,5.522605007888571e-17
90.995,0.487536276353978,0.0,0.5343130833703207,0.9001202585741397,-0.4356415041113781,-2.6675348679286883e-17,5.51164696755254e-17
91.005,0.4872599884651151,0.0,0.5347289463426247,0.8989980885033348,-0.43795255093143376,-2.6816859483829928e-17,5.5047756576259897e-17
91.028,0.486620248258796,0.0,0.535682266333062,0.8964068221141962,-0.44323222949953417,-2.714014655677748e-17,5.488908727180006e-17
91.041,0.4862560321143317,0.0,0.5362191279617732,0.8949361290839908,-0.4461942680718373,-2.732151910960358e-17,5.479903329620159e-17
91.062,0.48566370659782465,0.0,0.5370833207408978,0.8925516566695909,-0.4509451631588577,-2.76124275326738e-17,5.465302647070409e-17
91.072,0.4853799294215366,0.0,0.5374935064136379,0.8914125726734731,-0.4531927021473979,-2.7750049604087532e-17,5.458327769221381e-17
91.101,0.48455075515298474,0.0,0.5386781133043773,0.8880968788764858,-0.45965632132044537,-2.8145832130646533e-17,5.438025000244215e-17
91.114,0.484176072489914,0.0,0.5392067373889549,0.8866049316906762,-0.46252750740012366,-2.832164157275826e-17,5.428889458516222e-17
91.13,0.48371240714741986,0.0,0.539855282110798,0.8847642706429395,-0.46603882391241547,-2.853664769913683e-17,5.4176186602140916e-17
91.135,0.4835669444895565,0.0,0.5400574807955193,0.8841881096339314,-0.4671310167201222,-2.860352522043732e-17,5.414090691536715e-17
91.145,0.4832752120321564,0.0,0.5404612003553501,0.8830344833196069,-0.4693081091015528,-2.8736833681255674e-17,5.4070267676704674e-17
91.175,0.48239359493964296,0.0,0.5416668882313089,0.8795638575497282,-0.475780853431747,-2.9133174962539245e-17,5.385775313969866e-17
91.19,0.4819492012009634,0.0,0.542266621763044,0.8778235349013134,-0.4789841767463333,-2.932932194473136e-17,5.3751189111655414e-17
91.2,0.4816516205235376,0.0,0.5426652799223717,0.8766616394832802,-0.48110744107578207,-2.9459334387971516e-17,5.3680043536423505e-17
91.211,0.48132306966389626,0.0,0.5431027208434134,0.8753821078368772,-0.48343165523067044,-2.960165145923737e-17,5.360169481966474e-17
91.215,0.4812032828559726,0.0,0.5432615076368901,0.8749164669438286,-0.4842738645338281,-2.9653221905603573e-17,5.357318253820354e-17
91.256,0.47996589372948023,0.0,0.5448802908914285,0.8701339960087349,-0.49281520775019816,-3.0176228337120906e-17,5.328034065206965e-17
91.276,0.47935601555869495,0.0,0.5456640656017689,0.8677957101268252,-0.49692112602049754,-3.042764332048504e-17,5.313716193603104e-17
91.278,0.4792948034932095,0.0,0.545742228764539,0.8675617229930491,-0.49732952536254266,-3.045265056783551e-17,5.3122834356310014e-17
91.286,0.47904954926626575,0.0,0.546054489698638,0.8666255166767413,-0.49895913043532053,-3.05524350996481e-17,5.3065508252879616e-17
91.301,0.47858795321921505,0.0,0.546638282274315,0.8648691276194639,-0.501997402474104,-3.073847560600985e-17,5.295796044102701e-17
91.31,0.47830990857157407,0.0,0.5469874896422241,0.8638147543824085,-0.5038095573837988,-3.0849438091495704e-17,5.289339870053368e-17
91.341,0.4773460096686373,0.0,0.5481841248692767,0.8601807893777343,-0.5099892249699967,-3.122783359795729e-17,5.26708825199743e-17
91.356,0.47687619121530694,0.0,0.5487596652966049,0.8584216554936285,-0.5129446962193664,-3.140880401823293e-17,5.25631666359522e-17
91.372,0.47637261935013175,0.0,0.5493710500968524,0.856545085197538,-0.5160722013671559,-3.160030847666079e-17,5.244825984562809e-17
91.388,0.47586655514360665,0.0,0.5499798083597628,0.8546686519535787,-0.5191738585174072,-3.1790230201716174e-17,5.233336144732667e-17
91.393,0.47570790192342743,0.0,0.550169503441592,0.8540823435170037,-0.5201378187485534,-3.18492557422951e-17,5.229746040981844e-17
91.403,0.47538987311625797,0.0,0.5505481156475173,0.8529098949458463,-0.5220581491591385,-3.1966842066826524e-17,5.22256686403268e-17
91.424,0.4747188956305445,0.0,0.551339805627878,0.8504487770074295,-0.5260578653404656,-3.2211754047774527e-17,5.207496863004648e-17
91.444,0.4740759757260654,0.0,0.552089484624842,0.8481066678971869,-0.5298255183249772,-3.244245625616353e-17,5.1931555808790863e-17
91.46,0.47355893032037927,0.0,0.5526861725226879,0.8462346632767199,-0.532810374025259,-3.262522595512687e-17,5.181692858546866e-17
91.467,0.4733319710525772,0.0,0.5529463638692794,0.8454162176559554,-0.5341080592205085,-3.2704686256160037e-17,5.1766813244981394e-17
91.495,0.47241959667332584,0.0,0.5539818566199277,0.8421464412941803,-0.5392488956090201,-3.3019471697566584e-17,5.156659718721261e-17
91.505,0.47209200290201553,0.0,0.5543496172809652,0.8409804286774532,-0.5410655400055405,-3.313070908483597e-17,5.1495199506270596e-17
91.516,0.47173059754132596,0.0,0.554752893840481,0.8396990269602823,-0.5430520639146446,-3.325234859217167e-17,5.141673628070284e-17
91.54,0.47093828090202966,0.0,0.5556281576584917,0.8369081130653547,-0.5473434116579714,-3.351511785606634e-17,5.124584209229689e-17
91.556,0.47040720409727954,0.0,0.5562081270766276,0.8350516146541545,-0.5501716103757895,-3.368829508142277e-17,5.1132164350451964e-17
91.571,0.46990725824961166,0.0,0.5567492565560727,0.8333144456733653,-0.5527992715553194,-3.384919292406052e-17,5.102579342885689e-17
91.586,0.4694053344683482,0.0,0.5572878617440954,0.8315807195936484,-0.5554039132020137,-3.400868122683802e-17,5.091963332415071e-17
91.601,0.4689014493843958,0.0,0.5578239270369507,0.8298506810033507,-0.5579855260114505,-3.416675942002375e-17,5.0813699013050235e-17
91.613,0.4684969404076132,0.0,0.5582509401221005,0.8284694688564559,-0.5600342303580218,-3.4292206381045144e-17,5.072912416131833e-17
91.626,0.46805732789058213,0.0,0.55871168290326,0.8269761389413659,-0.5622370190779248,-3.4427088288796496e-17,5.063768407628903e-17
91.627,0.46802345177680454,0.0,0.5587470444836159,0.826861400268561,-0.5624057474332161,-3.4437419920808147e-17,5.063065835886958e-17
91.646,0.46737819385150536,0.0,0.5594167289462112,0.8246851210318353,-0.5655921243694144,-3.463252923659775e-17,5.0497399688804234e-17
91.671,0.4665245461324856,0.0,0.5602915289445548,0.8218330540744556,-0.569728383732681,-3.4885802076081134e-17,5.032276095528879e-17
91.691,0.46583789310891455,0.0,0.5609861193140585,0.8195614551535064,-0.5729912924527449,-3.5085597612077954e-17,5.018366563791444e-17
91.691,0.46583789310891455,0.0,0.5609861193140585,0.8195614551535064,-0.5729912924527449,-3.5085597612077954e-17,5.018366563791444e-17
91.712,0.46511338262305163,0.0,0.5617103751156778,0.8171865611166398,-0.5763732508803304,-3.529268284023755e-17,5.0038245318886295e-17
91.737,0.46424622701647833,0.0,0.5625657650707159,0.8143739258690218,-0.5803405111352102,-3.5535607468863706e-17,4.986602108122807e-17
91.752,0.46372354259446025,0.0,0.5630754146344331,0.8126943948663362,-0.5826901582769693,-3.5679481861427755e-17,4.976317946790269e-17
91.758,0.4635139717068428,0.0,0.5632785175700994,0.812024339503588,-0.5836235705090753,-3.5736636876544433e-17,4.9722150410140635e-17
91.774,0.4629537385232983,0.0,0.5638180016234393,0.8102425823336414,-0.5860946662215177,-3.58879478492759e-17,4.961304924938899e-17
91.789,0.4624267152006838,0.0,0.5643209501718053,0.8085790608656005,-0.5883875443359619,-3.6028346141460356e-17,4.951118793733153e-17
91.808,0.46175667335410087,0.0,0.5649540810340384,0.8064818505827708,-0.5912588474438157,-3.620416274948111e-17,4.938277084433121e-17
91.818,0.46140291809500994,0.0,0.5652855313647196,0.8053826507288766,-0.5927552495802364,-3.629579095381135e-17,4.9315464265196475e-17
91.843,0.4605152476380664,0.0,0.566108764489571,0.8026490417736317,-0.5964516038538842,-3.6522127375298217e-17,4.914807899233841e-17
91.859,0.4599447073829552,0.0,0.5666315677096357,0.80091069085848,-0.5987838218160142,-3.6664934538410046e-17,4.9041635698136643e-17
91.873,0.4594439486704352,0.0,0.5670864015605093,0.7993970317695659,-0.6008031171673527,-3.678858071783753e-17,4.894895081022469e-17
91.884,0.45904949976176407,0.0,0.5674420485927478,0.7982126949680839,-0.6023757080027287,-3.688487413448312e-17,4.887643109657233e-17
91.894,0.45869015612999037,0.0,0.5677640438360011,0.797139897578627,-0.6037946535771379,-3.697175949227635e-17,4.881074120211573e-17
91.919,0.4577886927875252,0.0,0.5685635041180875,0.7944744722061712,-0.6072975489928522,-3.718624997520646e-17,4.864753096957852e-17
91.934,0.45724571324124175,0.0,0.5690393699449674,0.7928868983224057,-0.6093688263019984,-3.731307913154609e-17,4.855032010582035e-17
91.944,0.4568828625675623,0.0,0.5693550179887923,0.7918335154596025,-0.6107370005124034,-3.739685563991851e-17,4.8485819008259916e-17
91.964,0.4561551114609639,0.0,0.5699824665169463,0.7897390327730105,-0.6134429558767056,-3.7562547618694925e-17,4.83575689323597e-17
91.976,0.45571716368633797,0.0,0.5703564627987656,0.7884903725289398,-0.6150470977325019,-3.766077297814889e-17,4.8281110543803517e-17
91.996,0.45498511939619907,0.0,0.5709756472722879,0.7864229987121405,-0.6176883252066567,-3.7822501516751075e-17,4.81545204074343e-17
92.013,0.4543608154279902,0.0,0.5714978631040606,0.7846795375596801,-0.6199016239171555,-3.7958026975819544e-17,4.804776420144438e-17
92.028,0.45380840520959204,0.0,0.571955504236815,0.783151979125213,-0.6218303447020433,-3.807612706260264e-17,4.795422822408034e-17
92.038,0.45343933221061206,0.0,0.5722589576607311,0.7821393322030397,-0.6231035748741802,-3.81540899253469e-17,4.789222148348504e-17
92.062,0.45255098460056986,0.0,0.5729818661285834,0.7797280661382271,-0.6261183138004675,-3.8338689444164027e-17,4.7744574020076776e-17
92.074,0.45210546749149777,0.0,0.5733404601333327,0.7785327342625972,-0.6276040006896102,-3.8429661528830217e-17,4.767138105230633e-17
92.084,0.4517335286254485,0.0,0.5736378257484267,0.7775419695690099,-0.6288310469106506,-3.850479644018037e-17,4.7610714211770836e-17
92.109,0.45080103703638874,0.0,0.5743753975211976,0.7750867161220165,-0.6318548745488861,-3.868995248209729e-17,4.746037329802304e-17
92.119,0.45042699748887416,0.0,0.574668079977687,0.7741134295010547,-0.6330469163230446,-3.876294398925594e-17,4.7400776680772343e-17
92.124,0.45023975707145436,0.0,0.5748139166709849,0.7736287036862616,-0.6336391945205998,-3.879921056919798e-17,4.737109578489482e-17
92.155,0.4490756320384096,0.0,0.5757105667968045,0.7706524201187142,-0.6372557158356204,-3.902065863182239e-17,4.718885097767723e-17
92.166,0.44866123709566574,0.0,0.576025600130979,0.7696085345684429,-0.6385160166506505,-3.909782979977686e-17,4.7124931422786437e-17
92.188,0.4478304199557583,0.0,0.5766507172532565,0.7675403876786003,-0.6410005875833376,-3.924996589177535e-17,4.699829394934582e-17
92.206,0.4471486851985551,0.0,0.5771572474044937,0.7658680638884052,-0.6429977517191064,-3.937225692508741e-17,4.68958936505058e-17
92.216,0.4467691889707724,0.0,0.577436728287849,0.7649468198339852,-0.6440934426198366,-3.943934864280911e-17,4.683948372138185e-17
92.234,0.4460847596831709,0.0,0.5779363165457732,0.7633028713516387,-0.6460408087623751,-3.95585904284705e-17,4.673882090903841e-17
92.259,0.4451313688511385,0.0,0.5786227411946023,0.7610505914537156,-0.6486925290520539,-3.972096146671996e-17,4.660090854064964e-17
92.269,0.4447491206627986,0.0,0.5788948761628134,0.7601599276554416,-0.6497360113052637,-3.978485632678798e-17,4.6546371112166007e-17
92.287,0.44405981567497005,0.0,0.5793811986662325,0.758571718936591,-0.6515895542667834,-3.9898353099533345e-17,4.644912137597009e-17
92.301,0.4435225895150329,0.0,0.5797563103433714,0.7573499255317178,-0.6530092574359889,-3.998528484662869e-17,4.6374308106845226e-17
92.332,0.442329678043046,0.0,0.5805770944047263,0.7546872326662807,-0.6560847360292046,-4.017360359738008e-17,4.621126519210672e-17
92.342,0.441943908631267,0.0,0.5808389656597653,0.7538410363830096,-0.6570568406652425,-4.0233127838928085e-17,4.615945061361881e-17
92.367,0.44097749487252713,0.0,0.5814874304060283,0.7517531941912461,-0.6594445655422893,-4.0379333820324077e-17,4.603160715075541e-17
92.392,0.440008312191076,0.0,0.5821269817880766,0.7497054435047298,-0.6617716736000238,-4.052182809203281e-17,4.590621858457071e-17
92.408,0.43938662514351234,0.0,0.582531595846852,0.7484162600816154,-0.6632292979395947,-4.061108184112355e-17,4.582727886693917e-17
92.419,0.4389585922539314,0.0,0.5828076332396936,0.7475397429295783,-0.6642170825421311,-4.0671566203710707e-17,4.5773607670707164e-17
92.427,0.4386469820539439,0.0,0.5830072926430871,0.7469073297176965,-0.6649281471061217,-4.071510635082462e-17,4.5734883529923685e-17
92.445,0.43794491101312927,0.0,0.5834531465415995,0.7455000894200201,-0.6665055263647421,-4.0811692973830167e-17,4.564871491361466e-17
92.446,0.43790586908945744,0.0,0.5834777787517067,0.7454225501553692,-0.666592245469347,-4.081700298752413e-17,4.564396700300151e-17
92.46,0.4373588693653546,0.0,0.5838211073051973,0.7443441331106336,-0.6677962350176732,-4.0890726084852354e-17,4.5577933003902445e-17
92.479,0.43661530154336525,0.0,0.584282498068707,0.7429020170915026,-0.6694001740374563,-4.0988939024182605e-17,4.548962886556105e-17
92.495,0.4359880851538195,0.0,0.5846669569116415,0.7417069570930098,-0.6707240787386629,-4.107000480691804e-17,4.541645254546389e-17
92.52,0.4350061924082251,0.0,0.5852601773565582,0.739875529915446,-0.6727437849823199,-4.1193676146243665e-17,4.530430997392014e-17
92.534,0.43445536826953995,0.0,0.5855883744535698,0.7388692356335188,-0.6738488351509851,-4.1261340953841324e-17,4.524269222035201e-17
92.544,0.4340615105583947,0.0,0.5858210348650839,0.7381590190095505,-0.6746267580335501,-4.1308974992247155e-17,4.5199203994589813e-17
92.555,0.4336278788401717,0.0,0.5860752580344889,0.7373860781901571,-0.6754715180459792,-4.13607016245106e-17,4.515187501956979e-17
92.564,0.43327279222595705,0.0,0.586281929311835,0.7367601730219109,-0.6761541595292629,-4.140250135988403e-17,4.511354938152666e-17
92.598,0.43192902188592613,0.0,0.5870518564035704,0.7344489528523067,-0.6786639342518138,-4.1556180738911676e-17,4.4972027962385136e-17
92.614,0.43129543153014177,0.0,0.587408229168834,0.733390788864733,-0.6798072894639808,-4.1626191053955116e-17,4.490723410536738e-17
92.629,0.4307007578391684,0.0,0.5877388605615752,0.7324160755534318,-0.6808573215225857,-4.1690486973933743e-17,4.484755012852881e-17
92.64,0.4302642562096505,0.0,0.5879791858377397,0.7317120081553462,-0.6816139208681631,-4.173681532227366e-17,4.480443843425634e-17
92.646,0.43002602240197224,0.0,0.5881095086800809,0.7313318148460374,-0.6820218299981322,-4.176179255279165e-17,4.478115830829122e-17
92.674,0.4289129833067041,0.0,0.5887105380716942,0.7295937013715671,-0.6838808601788302,-4.187562532080715e-17,4.4674729553137974e-17
92.693,0.4281565536646885,0.0,0.5891116606469916,0.7284484207759575,-0.6851006482765971,-4.1950315800285566e-17,4.4604601342361034e-17
92.702,0.42779793405957206,0.0,0.5892997648892371,0.727915636326079,-0.6856667021169975,-4.198497660147514e-17,4.457197770380208e-17
92.72,0.427080118530296,0.0,0.589672298762199,0.726868929053375,-0.6867762080742167,-4.2052914247432304e-17,4.450788536824401e-17
92.724,0.4269205024405835,0.0,0.5897544177390801,0.7266397573308065,-0.6870186773780074,-4.206776121027124e-17,4.4493852647419084e-17
92.738,0.4263615647979129,0.0,0.5900399228642235,0.7258475261138976,-0.6878556308080459,-4.2119009827227845e-17,4.444534247622048e-17
92.758,0.4255623501477818,0.0,0.5904426209816442,0.7247425335868567,-0.6890197820165281,-4.219029352978741e-17,4.437768119815436e-17
92.783,0.4245621893414079,0.0,0.5909374239637752,0.7234059105313784,-0.6904229780419155,-4.227621450584076e-17,4.429583664082645e-17
92.789,0.42432197173663,0.0,0.5910547566904634,0.7230925444800265,-0.6907511651220003,-4.2296310168698124e-17,4.427664850423898e-17
92.803,0.4237612076563001,0.0,0.5913263913513445,0.7223725926316994,-0.691504040056569,-4.2342410462637017e-17,4.4232564167909277e-17
92.818,0.4231600066646942,0.0,0.5916140963619244,0.7216187422838367,-0.6922906837338587,-4.2390578495710136e-17,4.418640414713197e-17
92.828,0.4227589964643695,0.0,0.591803981633155,0.7211262929914967,-0.6928036298666038,-4.24219873876902e-17,4.415625032465164e-17
92.863,0.42135423960604734,0.0,0.5924564673685333,0.7194668824254714,-0.6945267490118525,-4.252749800497912e-17,4.4054640732743934e-17
92.874,0.4209123819805498,0.0,0.5926576344136169,0.7189660890610067,-0.6950451516126996,-4.255924100926897e-17,4.4023975983202636e-17
92.894,0.42010860313339443,0.0,0.5930186022627942,0.7180811337158507,-0.6959593992477999,-4.261522253126665e-17,4.396978809666095e-17
92.906,0.41962610460949645,0.0,0.5932322113457371,0.717566068781236,-0.696490442815867,-4.264773957155871e-17,4.393824946548451e-17
92.921,0.41902275762698105,0.0,0.5934960833049026,0.7169390902567473,-0.6971358123506692,-4.2687257058311847e-17,4.389985810332705e-17
92.943,0.41813744087726945,0.0,0.5938767749876299,0.7160535440092268,-0.6980453582052002,-4.2742950679283304e-17,4.38456340344509e-17
92.953,0.41773487970274914,0.0,0.5940473279818961,0.7156644528599391,-0.6984442647145755,-4.2767376658276577e-17,4.382180907292331e-17
92.981,0.4166072954516294,0.0,0.5945165852283641,0.7146198762136311,-0.6995129966772702,-4.2832817617139603e-17,4.375784720060506e-17
92.993,0.41612388412423995,0.0,0.5947139491757544,0.7141925274077245,-0.6999493080180641,-4.285953398148635e-17,4.373167963324141e-17
92.999,0.41588214750493496,0.0,0.5948117870316496,0.7139834427649657,-0.7001625835886168,-4.2872593343727034e-17,4.3718876891316137e-17
93.023,0.414915026670508,0.0,0.595197503920837,0.7131777971050781,-0.7009831878985031,-4.292284086580047e-17,4.366954532238472e-17
93.038,0.41431046237236774,0.0,0.5954339929096625,0.7126992858891992,-0.7014696913573855,-4.29526306109852e-17,4.364024496094061e-17
93.048,0.4139073838705168,0.0,0.5955896905078719,0.7123910051680538,-0.7017827696343435,-4.2971801126473153e-17,4.362136821102113e-17
93.062,0.4133430399738375,0.0,0.5958050277556499,0.7119738653707345,-0.7022059633961073,-4.2997714270761314e-17,4.359582576514193e-17
93.073,0.41289960930567504,0.0,0.5959720590664292,0.711657967766542,-0.7025261111975807,-4.3017317669777735e-17,4.3576482615650296e-17
93.087,0.4123352350879438,0.0,0.5961818896248829,0.7112710398829735,-0.7029178528276214,-4.3041304926443846e-17,4.355279011594464e-17
93.102,0.4117305570789799,0.0,0.59640328085053,0.710875313944828,-0.7033180560911558,-4.306581030872863e-17,4.3528558890770166e-17
93.127,0.4107228376973441,0.0,0.5967643771272484,0.7102592072851928,-0.7039402378516302,-4.310390795380127e-17,4.349083323833739e-17
93.141,0.41015858841221803,0.0,0.5969622781221151,0.7099379693230365,-0.7042642115807698,-4.31237456233212e-17,4.3471163086231425e-17
93.152,0.4097153013755348,0.0,0.5971155970454354,0.7096975747973816,-0.7045064601028971,-4.313857906718227e-17,4.345644316691263e-17
93.157,0.409513824859503,0.0,0.5971846544057033,0.7095918021799227,-0.7046129961042795,-4.314510251583662e-17,4.344996646204221e-17
93.187,0.40830524809661367,0.0,0.5975906816194723,0.7090031627080735,-0.7052053000863997,-4.3181370674627905e-17,4.341392268978961e-17
93.198,0.407862246656419,0.0,0.5977359826082183,0.708807121007761,-0.7054023427865045,-4.319343606022684e-17,4.340191859775026e-17
93.208,0.4074595962479176,0.0,0.5978664078214123,0.7086381349767444,-0.7055721037971111,-4.320383092413981e-17,4.3391571187651006e-17
93.223,0.40685577462332856,0.0,0.5980590675876024,0.708401165029988,-0.7058100235786935,-4.3218399309088244e-17,4.3377060963311536e-17
93.238,0.406252156978819,0.0,0.5982481511316375,0.7081840313243197,-0.7060278873934336,-4.3231739620256815e-17,4.336376535842985e-17
93.258,0.40544768808549,0.0,0.5984946947611298,0.7079254211628218,-0.7062871923456077,-4.324761746924097e-17,4.334793005310458e-17
93.284,0.40440256227028776,0.0,0.5988056792473997,0.7076421082273655,-0.7065710485602488,-4.326499864947489e-17,4.33305821391264e-17
93.299,0.4037999966895115,0.0,0.598980192423652,0.7075058872292962,-0.7067074497526444,-4.327335081365825e-17,4.3322241008663294e-17
93.31,0.4033583132530962,0.0,0.599105887947771,0.7074186668551358,-0.7067947578929136,-4.327869689538425e-17,4.331690030106149e-17
93.315,0.4031576060829793,0.0,0.5991623840270486,0.7073825685019488,-0.7068308862660048,-4.328090912020748e-17,4.331468991442725e-17
93.335,0.4023551592884232,0.0,0.5993843774756513,0.7072603568491354,-0.7069531721618015,-4.32883969717509e-17,4.330720660895542e-17
93.345,0.4019541762280222,0.0,0.5994929786763361,0.7072125657183788,-0.7070009808267792,-4.329132440817772e-17,4.330428024618999e-17
93.37,0.40095247091497055,0.0,0.5997574904471153,0.707131942529952,-0.7070816189477821,-4.329626206901649e-17,4.3299343499707793e-17
93.386,0.4003119792513601,0.0,0.5999215338276604,0.7071094828249637,-0.7071040795378092,-4.329763738350067e-17,4.3297968239416606e-17
93.401,0.3997119712164133,0.0,0.6000716052847292,0.7071090856682601,-0.7071044766973245,-4.329766170250713e-17,4.329794392058232e-17
93.406,0.3995120697760111,0.0,0.600120829028492,0.7071133961262384,-0.7071001661849737,-4.329739775974948e-17,4.3298207860010613e-17
93.421,0.39891268036707583,0.0,0.6002660993774649,0.7071396552206708,-0.7070739056240095,-4.329578976415305e-17,4.3299815765807874e-17
93.451,0.39771539062674965,0.0,0.6005458323524628,0.7072521342210225,-0.7069613982671252,-4.32889006754286e-17,4.3306703118195474e-17
93.462,0.3972769087728134,0.0,0.6006447892902177,0.7073133995987012,-0.7069001023823155,-4.3285147384971947e-17,4.331045454062911e-17
93.476,0.3967192684212174,0.0,0.6007679307182479,0.7074069037038024,-0.7068065312319908,-4.327941780448506e-17,4.3316180015780076e-17
93.491,0.3961223464243963,0.0,0.6008963826883873,0.7075263776873852,-0.7066869355496587,-4.327209468100707e-17,4.332349568735888e-17
93.492,0.3960825723585877,0.0,0.6009048179447771,0.7075350518442161,-0.706678250982583,-4.327156290464351e-17,4.332402682627879e-17
93.52,0.39496998879595135,0.0,0.6011344977102719,0.7078138927082019,-0.7063989618404475,-4.325446137694587e-17,4.334110090485638e-17
93.535,0.3943748581305772,0.0,0.6012523708847229,0.7079918134775943,-0.7062206397781838,-4.324354229980744e-17,4.335199540989329e-17
93.55,0.3937803805076539,0.0,0.6013666371040942,0.7081896200215376,-0.7060222815844767,-4.323139636345703e-17,4.336410756743782e-17
93.574,0.39283062835256705,0.0,0.6015419604738116,0.708547412266023,-0.7056632090247602,-4.320940951041111e-17,4.3386016023786256e-17
93.575,0.3927910941230435,0.0,0.6015490652283505,0.708563422113084,-0.7056471333771545,-4.320842516089188e-17,4.338699634418416e-17
93.576,0.3927515630508845,0.0,0.6015561539524341,0.7085795200348085,-0.70563096855739,-4.320743535115272e-17,4.3387982057599804e-17
93.61,0.3914094306849251,0.0,0.6017876330650525,0.7091791891498436,-0.705028281472999,-4.317053141071337e-17,4.3424701200713563e-17
93.635,0.3904250473885986,0.0,0.6019460184406624,0.7096848530070302,-0.704519275401596,-4.313936377790886e-17,4.345566418192097e-17
93.647,0.3899533229458446,0.0,0.6020184863430862,0.7099470008151685,-0.7042551072115467,-4.3123188141489835e-17,4.347171610562797e-17
93.651,0.3897961966083409,0.0,0.6020421296743466,0.7100371789765125,-0.7041641885747073,-4.3117620980610424e-17,4.347723792546012e-17
93.674,0.38889386303149304,0.0,0.6021731057041732,0.7105827794709711,-0.7036136109537031,-4.308390782454818e-17,4.3510646320417716e-17
93.688,0.3883455922569753,0.0,0.602248683008073,0.7109374236003428,-0.7032552735134708,-4.306196598458842e-17,4.353236201031129e-17
93.711,0.38744651862671925,0.0,0.602366035250034,0.7115569660436867,-0.7026284110927367,-4.302358173173553e-17,4.3570298043820136e-17
93.721,0.38705627592853037,0.0,0.6024144179848169,0.7118406088531777,-0.7023410479158522,-4.300598581199731e-17,4.3587666156757354e-17
93.738,0.3863938039647062,0.0,0.60249299826784,0.7123426006263232,-0.7018319024758897,-4.2974809645329784e-17,4.36184042876664e-17
93.749,0.38596578913509794,0.0,0.6025413823237964,0.7126806732666846,-0.7014886014413528,-4.2953788519675304e-17,4.36391052665113e-17
93.764,0.3853829650062934,0.0,0.60260424447753,0.7131584182183373,-0.7010029033636873,-4.292404808986705e-17,4.366835870780381e-17
93.782,0.38468487140348745,0.0,0.6026749353072931,0.71375712814493,-0.7003932909603732,-4.2886720095945095e-17,4.3705019117564786e-17
93.814,0.38344741437137336,0.0,0.6027878401383635,0.7148896461362735,-0.6992372943766326,-4.281593572013994e-17,4.3774365844218563e-17
93.825,0.3830231324763784,0.0,0.6028228797221326,0.7152990025935385,-0.6988185292969048,-4.279029375441577e-17,4.379943169797356e-17
93.845,0.3822531856418305,0.0,0.602881648920382,0.7160694420883588,-0.6980290496156063,-4.274195206618106e-17,4.384660751103698e-17
93.855,0.38186893867810334,0.0,0.6029086451003647,0.7164672746098966,-0.6976207023971315,-4.2716948010478765e-17,4.3870967727241876e-17
93.884,0.3807574307894932,0.0,0.6029779382317221,0.7176682973168037,-0.6963851054024632,-4.2641289515250936e-17,4.3944509157927734e-17
93.897,0.38026055392272684,0.0,0.6030046617270343,0.7182294184934226,-0.6958063684751671,-4.2605852098972857e-17,4.397886792057174e-17
93.919,0.3794216902067302,0.0,0.6030437741514456,0.7192108731390658,-0.6947918536932788,-4.25437309849565e-17,4.40389646850865e-17
93.92,0.3793836207814499,0.0,0.60304536954854,0.7192564331848151,-0.6947446893084233,-4.2540842999309146e-17,4.40417544332963e-17
93.948,0.37831986429123404,0.0,0.6030836062293823,0.7205654274510654,-0.6933869516815724,-4.2457705547368905e-17,4.412190721520958e-17
93.972,0.3774115033531415,0.0,0.6031065020469437,0.7217383382177373,-0.6921659997043333,-4.2382943800826984e-17,4.419372728601409e-17
93.978,0.3771849186582001,0.0,0.6031108030055784,0.7220388634127537,-0.6918524985295773,-4.236374739031729e-17,4.421212914692109e-17
93.998,0.37643112357838227,0.0,0.6031210333147773,0.7230615770144363,-0.6907835810479258,-4.229829507169443e-17,4.427475229385834e-17
94.013,0.3758673009443006,0.0,0.6031245643453852,0.7238496757563198,-0.6899577138546034,-4.2247725290953274e-17,4.4323009423941324e-17
94.032,0.37515503627285346,0.0,0.6031239474213342,0.7248736846894623,-0.6888818049888689,-4.218184487352347e-17,4.438571188705489e-17
94.047,0.374594256086795,0.0,0.6031194472802762,0.7257023187543419,-0.6880088259278158,-4.2128390322881404e-17,4.443645108981585e-17
94.066,0.3738859126352319,0.0,0.6031086709114301,0.7267773426075359,-0.6868731282211646,-4.205884889481894e-17,4.4502277315856906e-17
94.076,0.3735140013264608,0.0,0.6031007230692949,0.7273544902123152,-0.6862619365577426,-4.2021424199105175e-17,4.453761741419834e-17
94.086,0.3731427193691635,0.0,0.6030912072281361,0.7279394210896405,-0.6856414509229143,-4.1983430411774705e-17,4.4573434100530276e-17
94.096,0.37277207286825426,0.0,0.6030801247288892,0.7285321029418034,-0.6850116604724285,-4.194486686880865e-17,4.4609725397188476e-17
94.131,0.3714799022898818,0.0,0.603029018488827,0.7306670514205732,-0.6827339598762943,-4.180539793158506e-17,4.474045328823197e-17
94.142,0.3710754562079296,0.0,0.6030090060035784,0.7313573324400092,-0.68199446646306,-4.1760117019509664e-17,4.47827208102802e-17
94.151,0.3707451479613099,0.0,0.6029912292393257,0.731928915495197,-0.6813809966986347,-4.172255283034081e-17,4.4817720178229327e-17
94.171,0.3700130934005104,0.0,0.6029472106531929,0.7332208992022763,-0.679990524178834,-4.1637410944306996e-17,4.489683136380059e-17
94.182,0.36961163168006084,0.0,0.6029203496181008,0.7339442249623224,-0.6792097427484797,-4.1589601870331144e-17,4.494112229263965e-17
94.202,0.3688838571988674,0.0,0.6028667000186374,0.735282323893215,-0.6777609491333898,-4.1500888847163896e-17,4.502305722127266e-17
94.217,0.36833987611358976,0.0,0.6028223951946841,0.7363051907836439,-0.676649588801369,-4.143283765349847e-17,4.5085689754438536e-17
94.228,0.36794197749295576,0.0,0.6027876927240997,0.7370657198599636,-0.6758210744030655,-4.138210577820197e-17,4.5132258729387206e-17
94.243,0.36740079647352464,0.0,0.6027373589458139,0.7381169202187431,-0.6746728185474776,-4.131179538529458e-17,4.51966261871193e-17
94.268,0.3665024891348142,0.0,0.6026457603467074,0.7399047792208752,-0.6727116155427286,-4.1191706336182374e-17,4.5306100977333694e-17
94.279,0.36610870371997795,0.0,0.6026024101559635,0.7407055023391903,-0.6718298585240521,-4.1137714290654974e-17,4.5355131127526085e-17
94.294,0.36557319084488454,0.0,0.6025403016028892,0.7418111144335184,-0.6706088804235308,-4.106295094452336e-17,4.5422830343146965e-17
94.303,0.3652527032092868,0.0,0.6025013802131813,0.742482026582854,-0.6698659867476614,-4.101746182641034e-17,4.546391186395661e-17
94.325,0.3644719092560635,0.0,0.6024010193693564,0.7441456366110502,-0.6680174185698565,-4.090426967131262e-17,4.55657785987596e-17
94.339,0.36397699905190006,0.0,0.6023333032568893,0.745221578585707,-0.6668169155099672,-4.083076005982962e-17,4.5631661043526195e-17
94.346,0.3637301214286094,0.0,0.6022983242965471,0.7457645443337645,-0.6662096099687039,-4.0793573320468993e-17,4.566490810679645e-17
94.356,0.3633781120982818,0.0,0.6022470598047608,0.7465459474723901,-0.6653338622921212,-4.0739949241019605e-17,4.571275524942453e-17
94.39,0.36218727710767445,0.0,0.6020613941217734,0.749252644917413,-0.6622842849443592,-4.0553216484135156e-17,4.5878492667539906e-17
94.405,0.3616648971655484,0.0,0.6019739132013741,0.7504709790825631,-0.6609034041029439,-4.0468661919013e-17,4.595309411932206e-17
94.415,0.36131767464761055,0.0,0.6019137033191766,0.7512913212814968,-0.6599707194770862,-4.041155145692947e-17,4.600332559172854e-17
94.436,0.3605912204311661,0.0,0.6017823536028567,0.753034949547371,-0.6579805200461396,-4.0289686888790785e-17,4.611009203046383e-17
94.446,0.360246594036113,0.0,0.6017174731251418,0.7538751054336716,-0.6570177512117693,-4.023073430022427e-17,4.616153674131097e-17
94.466,0.3595598948687273,0.0,0.6015832079753765,0.7555742501121154,-0.6550630141959737,-4.0111041178745816e-17,4.626557934589819e-17
94.476,0.35921783358959547,0.0,0.6015138277976061,0.7564331417293502,-0.6540710222089532,-4.005029918816159e-17,4.631817128939124e-17
94.497,0.35850233222684236,0.0,0.601363264758533,0.7582567646568247,-0.6519560405826184,-3.9920793914214274e-17,4.642983598844041e-17
94.503,0.35829861254667567,0.0,0.6013190384993331,0.758782714689131,-0.651343835381124,-3.98833071571927e-17,4.6462041139619183e-17
94.518,0.3577907050662137,0.0,0.6012061286544315,0.7601070356012163,-0.6497978873692429,-3.9788645142972786e-17,4.654313240792064e-17
94.538,0.3571166149692698,0.0,0.6010503842653647,0.7618935439223824,-0.6477022678124515,-3.966032545385003e-17,4.665252449277895e-17
94.559,0.35641270330617586,0.0,0.6008804786404319,0.7637944823446333,-0.6454595175066316,-3.952299660468457e-17,4.676892340048824e-17
94.576,0.3558458185983445,0.0,0.6007381689961984,0.7653518466509303,-0.6436121120892699,-3.94098756481296e-17,4.6864284461128885e-17
94.581,0.3556795943058232,0.0,0.600695503469657,0.7658130050377556,-0.6430633260535408,-3.937627219502597e-17,4.689252226824516e-17
94.595,0.3552154000457154,0.0,0.6005740859133978,0.7671116839226872,-0.6415135730359095,-3.928137719140042e-17,4.697204341522275e-17
94.615,0.35455544404102934,0.0,0.600395648188856,0.7689857086699744,-0.6392659695786544,-3.914375117241642e-17,4.708679433563716e-17
94.635,0.35389926769977587,0.0,0.6002113655396542,0.7708814220990536,-0.6369786755163321,-3.9003694804809834e-17,4.7202873304788286e-17
94.645,0.3535726107657392,0.0,0.6001170389492162,0.7718372741872267,-0.6358201177811472,-3.8932753603708755e-17,4.726140236480026e-17
94.665,0.3529221869832797,0.0,0.5999240285973256,0.7737646900565879,-0.6334731284132205,-3.8789041952855534e-17,4.737942254855221e-17
94.675,0.35259843114060063,0.0,0.5998253502480828,0.7747361410985709,-0.6322846761354376,-3.871627023895923e-17,4.7438906769006855e-17
94.69,0.35211463286300687,0.0,0.5996746239558254,0.7762028365787,-0.6304832721707848,-3.8605966058995056e-17,4.7528715965260054e-17
94.7,0.35179333230736864,0.0,0.5995723379522104,0.7771868958302033,-0.6292698379469754,-3.853166464208686e-17,4.758897221588629e-17
94.721,0.35112183549220743,0.0,0.5993528594069688,0.7792694382758227,-0.6266890317927095,-3.837363584228478e-17,4.771649116289211e-17
94.74,0.35051810101027436,0.0,0.599148840353976,0.7811719730156812,-0.6243159044704755,-3.8228323703327624e-17,4.783298781686383e-17
94.747,0.3502965926798786,0.0,0.5990723760185342,0.7818772122577727,-0.6234324542017474,-3.8174227976137445e-17,4.787617126588685e-17
94.771,0.34954093045632284,0.0,0.5988049186869294,0.7843124059003856,-0.6203660612499275,-3.7986465560468735e-17,4.802528387087335e-17
94.786,0.3490716494999489,0.0,0.5986336085150205,0.7858476802802534,-0.6184201026795172,-3.786730996374241e-17,4.811929231362925e-17
94.802,0.34857365772626264,0.0,0.5984473731285778,0.7874962885438105,-0.6163193940885874,-3.773867866115123e-17,4.82202404552799e-17
94.807,0.3484185836674732,0.0,0.5983884345789442,0.7880137649396856,-0.6156576209758001,-3.76981567449344e-17,4.8251926745872036e-17
94.817,0.3481092230427386,0.0,0.5982695027015081,0.7890519361600351,-0.6143264946606973,-3.761664876588183e-17,4.8315496398970434e-17
94.848,0.347156929207596,0.0,0.5978919063009085,0.7922969325892646,-0.6101356985209457,-3.7360036511960533e-17,4.851419512348546e-17
94.864,0.34666943862492094,0.0,0.5976917697423689,0.7939870991579341,-0.6079346069856272,-3.7225258526792626e-17,4.8617687977402805e-17
94.874,0.34636615840599205,0.0,0.5975648776462803,0.7950485974406831,-0.6065457342258723,-3.714021459780979e-17,4.868268600111626e-17
94.894,0.3457628558766784,0.0,0.5973069386685158,0.7971831718729551,-0.6037375178689615,-3.696826093916958e-17,4.881339098841744e-17
94.912,0.3452236259377591,0.0,0.5970700747247855,0.7991171359858825,-0.601175351269262,-3.681137348290937e-17,4.893181213644556e-17
94.924,0.3448661244218916,0.0,0.596909691557258,0.8004130128684853,-0.5994489209522309,-3.6705660114824216e-17,4.901116171026399e-17
94.934,0.34456942713871763,0.0,0.5967745319161584,0.8014968281328836,-0.5979990254949642,-3.6616879623282216e-17,4.907752625498461e-17
94.949,0.3441264736755607,0.0,0.5965692313517408,0.8031290775318786,-0.5958050728407688,-3.6482538768510155e-17,4.9177472705079076e-17
94.964,0.3436860464315822,0.0,0.596360867470408,0.8047689608247487,-0.5935881734780892,-3.634679283308329e-17,4.927788659635851e-17
94.979,0.3432481625073921,0.0,0.5961494516270212,0.8064162540210782,-0.5913483112773824,-3.620964082935195e-17,4.9378754213365615e-17
94.989,0.3429576612552518,0.0,0.5960068178523442,0.8075184548325186,-0.5898423052858294,-3.611742455849934e-17,4.944624454815302e-17
95.009,0.3423800926201744,0.0,0.5957175100036689,0.8097321669808465,-0.5867996402150418,-3.5931115056508475e-17,4.958179532298719e-17
95.028,0.3418356734760427,0.0,0.5954376987026899,0.8118462828246593,-0.5838712298647565,-3.5751801638405125e-17,4.9711247583044794e-17
95.038,0.34155082039374074,0.0,0.5952884932363559,0.8129631542314878,-0.5823151293432022,-3.565651796226148e-17,4.977963623271638e-17
95.043,0.34140883129486194,0.0,0.5952133912146593,0.8135226416148579,-0.5815332420248935,-3.5608641172178445e-17,4.981389495437675e-17
95.089,0.34011633205231473,0.0,0.5945069197118327,0.8187011789978956,-0.5742198006926056,-3.5160822046261525e-17,5.013098891589686e-17
95.102,0.3397556124204505,0.0,0.5943022158136084,0.8201743292705138,-0.5721136859101194,-3.503185970991109e-17,5.02211933541981e-17
95.127,0.3390676232501488,0.0,0.5939023493452561,0.8230183340673043,-0.5680148077199036,-3.4780875807123964e-17,5.0395338422755565e-17
95.132,0.33893093097193056,0.0,0.5938214002560377,0.8235887998752095,-0.5671873488717041,-3.4730208565630275e-17,5.043026937903927e-17
95.148,0.3384955564560667,0.0,0.5935601869565071,0.8254178374437656,-0.5645222702689924,-3.456701956661593e-17,5.0542265629231896e-17
95.171,0.3378751850172997,0.0,0.5931789077826,0.8280560801491068,-0.5606452783428182,-3.432962227898046e-17,5.0703811403455393e-17
95.2,0.33710227009540705,0.0,0.5926885035585343,0.8313964699743567,-0.5556796826537558,-3.402556723565695e-17,5.0908351288825224e-17
95.209,0.33686452371937875,0.0,0.5925341314313671,0.832436047197288,-0.5541211305541005,-3.393013344364959e-17,5.0972007034751693e-17
95.214,0.33673287942850266,0.0,0.5924479253416606,0.8330141483382416,-0.5532516865480972,-3.38768953527001e-17,5.10074055203443e-17
95.234,0.33620943703257156,0.0,0.5920999420143331,0.8353303347118343,-0.5497483350681609,-3.3662376943890494e-17,5.1149231031776754e-17
95.266,0.3353824345005662,0.0,0.5915327175693178,0.839047666751468,-0.5440579132031051,-3.331393909774856e-17,5.137685197096202e-17
95.283,0.3349483921637709,0.0,0.5912261856085077,0.8410275219137311,-0.5409923357901189,-3.3126226619430954e-17,5.149808313532406e-17
95.293,0.33469480396613915,0.0,0.5910441997644071,0.8421935752849659,-0.5391752792448172,-3.301496399532729e-17,5.156948331175994e-17
95.308,0.3343168374100123,0.0,0.5907689080574929,0.8439444513424809,-0.5364305761682857,-3.284689940346308e-17,5.167669354973692e-17
95.338,0.33356965626669777,0.0,0.5902100482946556,0.8474517518094452,-0.530872421919902,-3.250656061299056e-17,5.189145376426271e-17
95.35,0.33327407246003615,0.0,0.5899834341400436,0.8488563873189587,-0.5286235273876919,-3.2368855538466007e-17,5.1977462883297434e-17
95.36,0.33302919654542895,0.0,0.5897932566824293,0.8500275234289395,-0.5267382741108374,-3.225341706891191e-17,5.2049174287720125e-17
95.383,0.3324709883655265,0.0,0.5893512756579729,0.852722802931886,-0.5223636868695871,-3.1985550855782506e-17,5.221421255852467e-17
95.401,0.3320390249318081,0.0,0.5890009573716647,0.8548333017641583,-0.5189027136130505,-3.1773627364754904e-17,5.2343443340501996e-17
95.411,0.33180091274617557,0.0,0.5888046691293716,0.856006058303045,-0.516965790114282,-3.1655025006606897e-17,5.2415253967578334e-17
95.433,0.33128178646251194,0.0,0.5883686686650893,0.858586326967192,-0.5126690151988768,-3.139192342426651e-17,5.2573249855602725e-17
95.446,0.3309780954242013,0.0,0.5881083538868082,0.8601109053636578,-0.5101070774597318,-3.123504998167358e-17,5.2666603358266776e-17
95.461,0.33063052705431756,0.0,0.5878055336075144,0.8618696532190486,-0.5071298658727139,-3.105274834965228e-17,5.277429560484736e-17
95.485,0.33008079046491967,0.0,0.5873155805584833,0.8646821853006914,-0.5023193390898073,-3.075818853830732e-17,5.294651352541151e-17
95.495,0.32985405998854944,0.0,0.5871094692790935,0.865853330780919,-0.5002979208187742,-3.0634412367539393e-17,5.301822550359634e-17
95.516,0.32938240500057026,0.0,0.5866729009861354,0.8683108599059924,-0.49602041346028886,-3.037249058279447e-17,5.3168705762437974e-17
95.526,0.32915994890459943,0.0,0.5864632423035974,0.8694800570070773,-0.493968045997886,-3.024681932061918e-17,5.324029843680877e-17
95.552,0.3285880650866034,0.0,0.5859128279988775,0.8725161064743454,-0.4885853497014097,-2.9917224231106084e-17,5.342620284991592e-17
95.563,0.3283489543227584,0.0,0.5856776693413294,0.873798665895353,-0.486287868941331,-2.977654410815943e-17,5.350473696439858e-17
95.572,0.3281545798051647,0.0,0.5854842597686503,0.8748470768323475,-0.48439920742905507,-2.966089694437535e-17,5.3568933619307647e-17
95.593,0.3277054717608441,0.0,0.5850294656501343,0.877289694609146,-0.47996123982316685,-2.938914980321182e-17,5.3718500821402483e-17
95.599,0.3275782987835052,0.0,0.5848986275812497,0.8779865662778668,-0.47868527179724374,-2.9311019295273764e-17,5.376117190432825e-17
95.613,0.3272835459149922,0.0,0.5845917973167882,0.879610692490278,-0.4756942606935399,-2.9127872686555515e-17,5.386062095270029e-17
95.638,0.3267641386705172,0.0,0.5840385522557983,0.8825037161630346,-0.47030542305871204,-2.879790154852467e-17,5.403776756173523e-17
95.653,0.32645678409264145,0.0,0.5837033478023806,0.8842346858933747,-0.46704284628184267,-2.8598126338186394e-17,5.4143758888719333e-17
95.665,0.32621322759698257,0.0,0.5834334382933501,0.8856166311546956,-0.46441703524118044,-2.843734178388076e-17,5.4228378630763e-17
95.67,0.3261123579585387,0.0,0.5833205200751945,0.8861916644891344,-0.4633188252056864,-2.837009581364279e-17,5.426358926738418e-17
95.699,0.3255344442958149,0.0,0.582660341221798,0.8895172655763925,-0.4569015585894816,-2.7977151562602276e-17,5.4467223603721764e-17
95.716,0.32520134701895237,0.0,0.5822692048997415,0.8914586414391844,-0.45310207525832824,-2.774450030760674e-17,5.458609859053726e-17
95.728,0.3249687594460291,0.0,0.5819912845512508,0.892825157162983,-0.45040341776777704,-2.7579255194716813e-17,5.466977354589399e-17
95.744,0.32466192469187205,0.0,0.5816183918448836,0.8946419440724028,-0.4467838312946784,-2.7357619445290948e-17,5.478101965956167e-17
95.764,0.324283676677437,0.0,0.5811485553800994,0.8969040784129431,-0.44222513963616905,-2.7078480087896287e-17,5.491953543853087e-17
95.786,0.32387443153404927,0.0,0.580627003661422,0.899380392526192,-0.4371669126768778,-2.6768753015143444e-17,5.5071165946154556e-17
95.796,0.3236907853711883,0.0,0.5803883095130856,0.90050161254176,-0.43485267138387235,-2.6627046605546755e-17,5.513982087131482e-17
95.807,0.32349049437154354,0.0,0.5801245808475279,0.901731669702723,-0.43229618996139585,-2.647050726599098e-17,5.52151401495619e-17
95.817,0.3233099788444701,0.0,0.5798837736472633,0.9028468354899615,-0.42996231421574904,-2.632759859291528e-17,5.5283424360154915e-17
95.832,0.32304201187422044,0.0,0.5795206920025486,0.904513936348461,-0.42644406309786065,-2.6112167844409348e-17,5.538550484666578e-17
95.843,0.32284764891571194,0.0,0.5792530137662517,0.9057320407268916,-0.4238507643035463,-2.595337409102486e-17,5.54600922280694e-17
95.873,0.3223268369069282,0.0,0.5785169391811592,0.9090342050747408,-0.41672150652940165,-2.551683295535473e-17,5.5662291478012e-17
95.884,0.3221392841351081,0.0,0.5782448488649391,0.9102373961446311,-0.41408680570605233,-2.5355504058853447e-17,5.573596568263719e-17
95.904,0.32180298997958917,0.0,0.5777471514658001,0.912414096117032,-0.40926827046197894,-2.506045387069179e-17,5.586925011533243e-17
95.914,0.3216371290577309,0.0,0.5774968674091312,0.9134970102704859,-0.40684544021886715,-2.4912098305586574e-17,5.593555948292137e-17
95.945,0.3211326875678434,0.0,0.5767149710847731,0.9168300608973821,-0.39927764705140034,-2.4448704621629203e-17,5.613964997200259e-17
95.955,0.3209731134717313,0.0,0.5764608236195861,0.9178972459582733,-0.39681815213296023,-2.429810399265986e-17,5.62049962104485e-17
95.97,0.3207366435011247,0.0,0.5760778615985067,0.9194904572463618,-0.39311232368481713,-2.4071187445299477e-17,5.630255226566466e-17
95.985,0.32050365226650657,0.0,0.5756928259846097,0.9210743705744313,-0.38938670222661076,-2.384305892561812e-17,5.639953898503202e-17
95.996,0.3203350089778191,0.0,0.5754091587138541,0.9222298558929107,-0.3866420733698561,-2.367499887840452e-17,5.64702920548689e-17
96.012,0.32009306754569117,0.0,0.5749945919538559,0.9239012032521129,-0.3826311103782572,-2.3429398228946513e-17,5.657263256455442e-17
96.034,0.319766916789336,0.0,0.5744208054729912,0.9261807047092268,-0.37707996794356524,-2.3089488788233687e-17,5.671221177270972e-17
96.053,0.3194913373899799,0.0,0.5739218001592256,0.9281315033220674,-0.37225248493612406,-2.279389070758363e-17,5.683166373655955e-17
96.054,0.31947699013743275,0.0,0.5738954485593823,0.928233708397358,-0.371997557243174,-2.2778280888424367e-17,5.68379219924751e-17
96.075,0.3191793319979118,0.0,0.5733400449917075,0.9303689685801837,-0.3666245795129469,-2.2449280889463736e-17,5.696866896988732e-17
96.085,0.3190400332860036,0.0,0.5730742204192608,0.9313782307100879,-0.36405300624956577,-2.2291817441175105e-17,5.70304684517317e-17
96.095,0.31890231476441316,0.0,0.5728075342359196,0.9323825399980156,-0.36147309596545213,-2.213384349759875e-17,5.709196465947244e-17
96.111,0.31868525895492317,0.0,0.5723790574171217,0.9339789589876043,-0.3573280064148777,-2.1880029965084244e-17,5.718971712975733e-17
96.142,0.31827628806956054,0.0,0.5715427266930612,0.9370343720010138,-0.3492371482082993,-2.1384607784832178e-17,5.737680721810459e-17
96.168,0.317945102781363,0.0,0.5708351218615031,0.9395574447853337,-0.3423913082256245,-2.0965420983719296e-17,5.753130086857124e-17
96.171,0.3179075854657776,0.0,0.5707531178390398,0.9398461887098845,-0.3415979238337146,-2.0916840200916998e-17,5.754898133471997e-17
96.189,0.31768551499787,0.0,0.5702595572116225,0.9415681126302258,-0.3368226377159863,-2.062443825796256e-17,5.765441876559103e-17
96.194,0.3176247529237124,0.0,0.5701219922799903,0.9420431849579206,-0.33549163577403374,-2.0542937894569004e-17,5.768350855586477e-17
96.221,0.3173035995767254,0.0,0.5693756889429352,0.944583755274906,-0.3282705123381576,-2.0100771609469323e-17,5.783907362120002e-17
96.231,0.31718764182148296,0.0,0.5690978157969118,0.9455139072494462,-0.32558171201387465,-1.9936130073935348e-17,5.789602900311708e-17
96.248,0.3169942306335219,0.0,0.5686236372112121,0.947081497262597,-0.3209932048234626,-1.9655165041755212e-17,5.799201620771611e-17
96.265,0.3168055105462759,0.0,0.5681472224247551,0.9486316004471521,-0.31638281658945183,-1.9372860182074817e-17,5.808693265288178e-17
96.286,0.31657888010423035,0.0,0.5675556628774014,0.950521821189473,-0.31065779797495424,-1.902230389600964e-17,5.820267529197004e-17
96.296,0.31647348963676325,0.0,0.5672727977876115,0.9514122072463194,-0.3079201388390937,-1.8854670621115234e-17,5.825719571369616e-17
96.306,0.31636973385871986,0.0,0.5669891853693035,0.9522962367700452,-0.30517515861159156,-1.868658905864857e-17,5.831132691002529e-17
96.333,0.3160977765998203,0.0,0.5662197423269096,0.954650877481664,-0.29772756359378116,-1.8230555388653206e-17,5.84555070705566e-17
96.348,0.31595186230130423,0.0,0.5657899776149078,0.9559383431895091,-0.29356751186072394,-1.7975825686694412e-17,5.853434160846281e-17
96.364,0.3158003038396024,0.0,0.5653297807469269,0.9572950753350049,-0.28911267481614705,-1.7703045590326204e-17,5.861741749242691e-17
96.391,0.31555413163527557,0.0,0.564549092143376,0.9595451128020358,-0.2815549262537034,-1.7240266961038346e-17,5.875519255152495e-17
96.406,0.3154225822086346,0.0,0.5641131821970292,0.9607733663933742,-0.2773347046965872,-1.6981852919957597e-17,5.883040139298364e-17
96.412,0.3153710071311179,0.0,0.5639383850868189,0.9612602553005635,-0.27564237986836426,-1.6878227910757557e-17,5.886021474007013e-17
96.428,0.31523639656025015,0.0,0.5634710617048247,0.9625461729975601,-0.271117806216691,-1.660117767875615e-17,5.893895448964982e-17
96.443,0.3151140662606303,0.0,0.5630313800092761,0.9637351062408253,-0.266860722098598,-1.634050645680997e-17,5.901175565418805e-17
96.444,0.31510604413985027,0.0,0.5630020144954482,0.9638137919215065,-0.2665763952451285,-1.6323096458259316e-17,5.90165737625373e-17
96.48,0.3148283620021737,0.0,0.5619404760314883,0.966597833012064,-0.25629793057374045,-1.569372201526109e-17,5.91870471130496e-17
96.495,0.31471905697919705,0.0,0.5614956906225964,0.9677295469294664,-0.2519911188905071,-1.5430005858140985e-17,5.925634460437447e-17
96.503,0.31466230271971996,0.0,0.5612578861321088,0.9683262215424544,-0.24968846323631697,-1.5289008864318857e-17,5.929288038712088e-17
96.511,0.3146066221992416,0.0,0.5610196780534678,0.9689180564046405,-0.2473818909561773,-1.5147772046325105e-17,5.932911982060088e-17
96.536,0.3144395513196173,0.0,0.5602727089299671,0.9707360482288916,-0.24014896349756532,-1.4704882973292396e-17,5.944043971402314e-17
96.546,0.31437566772696784,0.0,0.55997284588538,0.9714497535361728,-0.2372453926939553,-1.452709053875546e-17,5.948414156002796e-17
96.577,0.3141883463868873,0.0,0.559039445883237,0.9736125294820357,-0.2282074548203721,-1.3973676454366647e-17,5.961657339199665e-17
96.591,0.314109071843539,0.0,0.5586160480775882,0.9745643366822216,-0.22410790630216823,-1.3722651505828263e-17,5.967485477405231e-17
96.606,0.3140278167727992,0.0,0.5581611469113423,0.9755667018480499,-0.21970345979369088,-1.3452956939897138e-17,5.973623193864774e-17
96.626,0.31392541067443747,0.0,0.557552616618337,0.9768748676763856,-0.21381181656364093,-1.3092197838727195e-17,5.9816333993369e-17
96.638,0.31386722687450863,0.0,0.5571864213480919,0.9776440885990176,-0.2102665832399342,-1.2875114906621796e-17,5.986343519040591e-17
96.662,0.31375820603113824,0.0,0.556451654441489,0.9791468798415187,-0.2031536061619842,-1.2439570676075798e-17,5.99554546146517e-17
96.671,0.31371985190590107,0.0,0.5561753130116378,0.9796980704741072,-0.20047865399915094,-1.2275777095871496e-17,5.998920530684767e-17
96.675,0.3137032488187756,0.0,0.5560523557382033,0.9799408663937856,-0.19928848027770368,-1.2202899973951512e-17,6.000407226914169e-17
96.695,0.3136243280415326,0.0,0.5554363030849796,0.9811346283276927,-0.1933257383182081,-1.1837787331209618e-17,6.007716910570685e-17
96.726,0.31351550715769694,0.0,0.5544773358924703,0.9829177450281157,-0.18404539252272573,-1.1269530042538713e-17,6.01863535136908e-17
96.736,0.3134839116824218,0.0,0.5541669566906594,0.9834753383473722,-0.18104214664691137,-1.1085634270095287e-17,6.022049625737348e-17
96.747,0.31345113566285704,0.0,0.553824968287211,0.984078689875433,-0.17773331745356935,-1.0883026916067705e-17,6.02574408832535e-17
96.768,0.3133943260750336,0.0,0.5531704472592143,0.9852012615074418,-0.17140150035558396,-1.0495314938975992e-17,6.032617857105115e-17
96.778,0.3133699348942208,0.0,0.5528580296221022,0.9857222271152718,-0.1683796037853412,-1.0310277140870883e-17,6.035807851425589e-17
96.803,0.3133164771367495,0.0,0.5520749425911182,0.9869859659486551,-0.16080641473647866,-9.846553054469518e-18,6.043546020011894e-17
96.824,0.31327988473374935,0.0,0.5514149476988883,0.9880044780641685,-0.1544252289140282,-9.455818114858098e-18,6.049782608022676e-17
96.826,0.3132767959449635,0.0,0.5513519883870911,0.9880994170657424,-0.15381658556326094,-9.418549458291125e-18,6.050363941744636e-17
96.85,0.3132451099604948,0.0,0.5505951132621106,0.9892105421597526,-0.1465008644343387,-8.970590735091661e-18,6.057167620693794e-17
96.86,0.3132348405708902,0.0,0.55027901794306,0.9896581078480357,-0.14344626021840287,-8.78355017130627e-18,6.059908170131614e-17
96.877,0.3132213459457123,0.0,0.5497406928101175,0.9903980470844975,-0.13824510237695045,-8.465071106186527e-18,6.064438991219098e-17
96.891,0.31321398284193763,0.0,0.5492964733561811,0.9909875316096844,-0.13395414213134518,-8.202325569684075e-18,6.068048542903682e-17
96.897,0.3132118647629898,0.0,0.5491058511487464,0.9912346488701386,-0.1321130988179946,-8.089594179644754e-18,6.069561699713829e-17
96.907,0.31320971867974745,0.0,0.5487878290148395,0.9916391281470421,-0.1290420068341087,-7.901544031247106e-18,6.072038420972736e-17
96.943,0.3132163290113188,0.0,0.5476397395579136,0.9930184228906719,-0.11795936503611251,-7.22292794104647e-18,6.08048416543707e-17
96.96,0.3132272576907014,0.0,0.5470958967399935,0.9936276894825846,-0.1127120876104264,-6.9016248658662375e-18,6.084214847345138e-17
96.975,0.3132410636037772,0.0,0.5466151681592077,0.9941427216800423,-0.10807520034956221,-6.617697408765013e-18,6.087368510005509e-17
96.98,0.3132465332572759,0.0,0.546454748337764,0.9943096842341597,-0.10652817391735223,-6.522969360344898e-18,6.088390860792895e-17
97.007,0.31328357026073006,0.0,0.5455869932316935,0.9951703810559318,-0.09816268470753735,-6.010730881139822e-18,6.093661108831993e-17
97.022,0.3133096185508785,0.0,0.5451038518445724,0.9956186075073101,-0.0935071568662243,-5.725662017679552e-18,6.096405704276862e-17
97.032,0.3133291567209125,0.0,0.5447813519596162,0.9959054965308682,-0.09040045342588006,-5.53543129647367e-18,6.098162392898916e-17
97.038,0.31334171416122475,0.0,0.5445876992717396,0.9960730388079273,-0.08853531137315404,-5.421224284232367e-18,6.099188293465527e-17
97.053,0.31337584684031883,0.0,0.5441030761812856,0.9964767965208903,-0.08386890958790487,-5.135489583740323e-18,6.101660596419583e-17
97.079,0.31344428307545935,0.0,0.5432614506072674,0.9971253871805228,-0.07576913778110857,-4.6395216028894694e-18,6.105632068795963e-17
97.089,0.3134737374558062,0.0,0.5429372225723986,0.997357478893009,-0.07265025324237488,-4.448545004525951e-18,6.107053220659987e-17
97.104,0.31352118340336943,0.0,0.5424503520795718,0.997687471498168,-0.06796844279216763,-4.1618667954229035e-18,6.109073842598238e-17
97.13,0.31361270523736284,0.0,0.5416049961369279,0.998207734245513,-0.05984412496176456,-3.66439580410996e-18,6.112259533139497e-17
97.146,0.31367487939585836,0.0,0.5410839037037448,0.998495195082372,-0.05483926875347651,-3.3579367473263234e-18,6.114019723108193e-17
97.167,0.3137632521638867,0.0,0.5403990097078246,0.9988345682200549,-0.048264949276432566,-2.955375782119625e-18,6.116097784242094e-17
97.191,0.313873660074172,0.0,0.5396150060216657,0.9991695876546578,-0.04074475556462529,-2.4948967242129834e-18,6.118149186633288e-17
97.201,0.31392262621959466,0.0,0.5392879577378054,0.999292512934744,-0.037609488065707686,-2.302916958861975e-18,6.118901886887246e-17
97.212,0.3139785020646572,0.0,0.5389279569648567,0.9994163914355251,-0.03415957449959365,-2.0916706785581455e-18,6.11966042393457e-17
97.222,0.3140311283823499,0.0,0.5386004650117237,0.9995186907722762,-0.031022359627774304,-1.8995716710075937e-18,6.120286826711105e-17
97.248,0.3141761136481155,0.0,0.537748056716679,0.9997386291705967,-0.02286205030385771,-1.399896836328256e-18,6.12163356098867e-17
97.273,0.3143266327534817,0.0,0.5369272467844497,0.9998873163835247,-0.01501181319339261,-9.192084488343133e-19,6.122544007585602e-17
97.288,0.31442217176612564,0.0,0.5364342427744746,0.9999469492159462,-0.010300424929191462,-6.307191209695963e-19,6.122909153372348e-17
97.293,0.3144548892386586,0.0,0.5362698263478541,0.9999618944354027,-0.008729815413877462,-5.34547025187613e-19,6.123000666448198e-17
97.329,0.3147033099994123,0.0,0.5350849055938361,0.9999966727748435,0.002579619980245739,1.5795616759122516e-19,6.123213622358577e-17
97.34,0.31478371789204246,0.0,0.5347224807079911,0.9999817875115377,0.006035283359532045,3.695545224099102e-19,6.123122476408267e-17
97.35,0.31485864385655193,0.0,0.5343928671728813,0.9999578938037503,0.009176634435755454,5.619067994346647e-19,6.122976169644459e-17
97.379,0.315085770220899,0.0,0.5334363111571359,0.9998328168887536,0.018284919258784036,1.1196283921468833e-18,6.122210294426468e-17
97.395,0.31521734354147757,0.0,0.5329081656657816,0.9997283175813035,0.0233086041207162,1.427240371451395e-18,6.121570420714559e-17
97.411,0.3153533676688035,0.0,0.5323797743720518,0.9995986038544385,0.0283307460589588,1.7347578739280195e-18,6.120776153212507e-17
97.428,0.3155027677829356,0.0,0.5318181173272322,0.9994331830132774,0.03366470988956561,2.0613689605240385e-18,6.119763242694306e-17
97.433,0.3155476644012477,0.0,0.5316528810281024,0.9993791229252076,0.035233062047496475,2.1574028330313323e-18,6.119432220125224e-17
97.444,0.31564796506704723,0.0,0.5312892982105529,0.9992515473141698,0.038682621294807956,2.3686274175657902e-18,6.11865104480669e-17
97.47,0.31589338778405285,0.0,0.530429617699144,0.9989028210428923,0.046831123332155646,2.867579264459967e-18,6.116515712247198e-17
97.49,0.31609015278568875,0.0,0.529768088728734,0.9985895340950565,0.05309371333612064,3.251052304596364e-18,6.114597382957789e-17
97.497,0.316160658409521,0.0,0.5295365152580984,0.9984706504341685,0.05528435783807683,3.385190593465884e-18,6.113869430483901e-17
97.518,0.316377267429835,0.0,0.5288417043439756,0.9980853328716964,0.06185198708525731,3.78734190024319e-18,6.111510040886218e-17
97.535,0.3165582082589336,0.0,0.5282791685381037,0.997741981332538,0.06716352199387209,4.112579611462915e-18,6.109407619069154e-17
97.551,0.3167330710913121,0.0,0.527749695023853,0.9973932101695198,0.07215805088650981,4.418406302543804e-18,6.107272011627029e-17
97.562,0.3168558555565181,0.0,0.5273856795013427,0.997139055323751,0.07558904912788199,4.6284943532526355e-18,6.105715762035236e-17
97.596,0.31724857718801885,0.0,0.5262606227390546,0.9962797042691574,0.08617859862727208,5.2769172481946615e-18,6.100453754443476e-17
97.619,0.3175255432270439,0.0,0.5254997158937543,0.9956354376606256,0.09332778404277355,5.714678599974902e-18,6.096508759243796e-17
97.627,0.31762401438698495,0.0,0.5252350994630897,0.9953994926606153,0.09581153380981683,5.8667644100795295e-18,6.095064012798609e-17
97.632,0.3176861180637143,0.0,0.5250697288400283,0.9952489289360236,0.09736308053722317,5.961769246751816e-18,6.094142075881665e-17
97.659,0.3180289046618916,0.0,0.5241769572065964,0.9943948334342141,0.10573038938423344,6.474119146600239e-18,6.088912249269379e-17
97.675,0.31823794509331865,0.0,0.5236481237558612,0.9938561427782083,0.1106795711141921,6.777169124799861e-18,6.085613720331338e-17
97.685,0.3183708252017597,0.0,0.52331769858813,0.9935072126277217,0.11376914545119422,6.966350990926734e-18,6.083477139371741e-17
97.701,0.318586997568106,0.0,0.5227891891844151,0.9929294014470509,0.11870637616405139,7.26866918038436e-18,6.079939066307141e-17
97.727,0.31894762171879376,0.0,0.5219308673397784,0.9919394641078072,0.12671266529244926,7.758912998091395e-18,6.073877448337835e-17
97.738,0.3191036714174983,0.0,0.5215679415351911,0.9915017385425071,0.13009343744857294,7.965925588073563e-18,6.071197152275586e-17
97.754,0.31933433922925053,0.0,0.5210402958459842,0.9908450903154982,0.13500372956949092,8.266594264511596e-18,6.067176341528724e-17
97.777,0.31967356823317206,0.0,0.5202823619836323,0.9898599474072434,0.1420467687732787,8.697856035370998e-18,6.061144080982239e-17
97.784,0.31977859910604917,0.0,0.5200518265481794,0.9895505234996003,0.1441865508349063,8.828879898003257e-18,6.059249405991866e-17
97.806,0.3201141178422921,0.0,0.5193277455862401,0.9885490681535619,0.15089976757014686,9.239945867342997e-18,6.053117260571792e-17
97.827,0.32044204792871633,0.0,0.5186372723822108,0.9875523683980261,0.1572905581128422,9.631268926449648e-18,6.047014234745152e-17
97.832,0.32052122798460614,0.0,0.5184729803176807,0.9873092260003286,0.15880961008274064,9.724284033083378e-18,6.045525416949766e-17
97.855,0.32089090428461353,0.0,0.5177177951359282,0.9861620625458442,0.16578415604431734,1.0151351802450928e-17,6.0385010666866e-17
97.865,0.3210544213770673,0.0,0.5173897524028763,0.9856486612684646,0.16880970511106105,1.0336613251463475e-17,6.035357390531495e-17
97.88,0.3213028604715429,0.0,0.5168980456843452,0.9848620411734624,0.17334001227541565,1.0614014559862535e-17,6.030540731624047e-17
97.897,0.32158900735761675,0.0,0.5163413193355999,0.9839467220644771,0.17846245582354509,1.092767376461402e-17,6.024936018538961e-17
97.921,0.3220012523480598,0.0,0.5155563867505155,0.9826117888912104,0.18567194815592192,1.1369127850030155e-17,6.016761910350378e-17
97.939,0.3223167786809037,0.0,0.5149685261695249,0.9815780702254472,0.19106148762240652,1.169914196285559e-17,6.010432209074149e-17
97.956,0.3226197567737641,0.0,0.514414019624839,0.9805764306019336,0.1961373593886983,1.2009949468429173e-17,6.004298935279973e-17
97.961,0.3227097874448748,0.0,0.5142510623414328,0.9802771754499802,0.19762757725532354,1.2101198995448912e-17,6.002466525960133e-17
97.995,0.3233330557332362,0.0,0.513144628169033,0.9781866642585676,0.2077278264140275,1.271966088558879e-17,5.989665836764407e-17
98.007,0.3235576275108098,0.0,0.5127548472735538,0.9774259107337273,0.21127846323358124,1.2937074686388851e-17,5.985007564918729e-17
98.023,0.32386077622300735,0.0,0.5122357554792484,0.976393177456974,0.21600084031196307,1.3226236885059207e-17,5.978683897409984e-17
98.038,0.32414883204768935,0.0,0.5117497660721846,0.9754060525682908,0.22041559067621477,1.3496562380189981e-17,5.972639500733561e-17
98.064,0.32465694233141396,0.0,0.5109089552884715,0.9736521058744444,0.2280385421946467,1.3963333539045137e-17,5.961899674711091e-17
98.08,0.3249751677556124,0.0,0.5103925611274585,0.9725460022566904,0.2327107077350107,1.4249421167749803e-17,5.955126743436052e-17
98.085,0.3250754773530381,0.0,0.5102313533911222,0.9721962056897206,0.23416775534328052,1.433863960223345e-17,5.952984857205591e-17
98.101,0.3253992287060433,0.0,0.5097160301992478,0.9710637157756007,0.23882056005311486,1.4623541721981268e-17,5.946050356463623e-17
98.112,0.3256242443716051,0.0,0.5093622334914106,0.9702735942388602,0.24201064506092215,1.4818878091672227e-17,5.941212257409089e-17
98.118,0.3257478157168775,0.0,0.5091694243439586,0.969838686367175,0.24374766137461182,1.4925239665103564e-17,5.938549214744173e-17
98.143,0.3262690320441243,0.0,0.5083673829073799,0.9679969749025505,0.2509618627989338,1.5366982099238574e-17,5.927271984493646e-17
98.163,0.3266933445864964,0.0,0.5077273388945793,0.9664896433276751,0.25670560831494005,1.5718685077303274e-17,5.918042240551521e-17
98.178,0.327015847699499,0.0,0.5072482634281987,0.9653396165025722,0.26099698237846897,1.5981455952845507e-17,5.911000357200043e-17
98.188,0.3272328778907134,0.0,0.5069293466410641,0.9645637356327543,0.26384995717677484,1.6156150275585177e-17,5.906249457081332e-17
98.193,0.32734200048928497,0.0,0.5067700304777583,0.9641730570909323,0.26527403940062805,1.62433501624434e-17,5.903857240952642e-17
98.222,0.32798287997157327,0.0,0.5058479084002364,0.9618715305596672,0.27350166123591124,1.6747146699702122e-17,5.88976445545431e-17
98.254,0.32870577739278095,0.0,0.5048343027861224,0.9592626799267926,0.28251568257296417,1.7299096318595512e-17,5.873789852569293e-17
98.27,0.329073385247702,0.0,0.5043290943857048,0.9579315861566281,0.2869966484881775,1.7573476346853234e-17,5.865639253944308e-17
98.285,0.32942173372811134,0.0,0.503856454852894,0.9566678270807135,0.291181504612958,1.7829724879758464e-17,5.857900961408247e-17
98.297,0.32970299549322524,0.0,0.5034790486301075,0.9556459089180335,0.29451807545246794,1.8034030919695177e-17,5.851643517373663e-17
98.316,0.33015300977857326,0.0,0.5028827968711339,0.9540083102383281,0.2997801594438995,1.8356240635542738e-17,5.841616117466718e-17
98.342,0.33077809038804373,0.0,0.5020695350065583,0.9517292095278541,0.3069389381155249,1.8794589404843257e-17,5.827660650516636e-17
98.359,0.33119256821756626,0.0,0.5015394925955731,0.9502156450819719,0.3115930484485366,1.9079571470953324e-17,5.818392741246871e-17
98.378,0.3316611879094954,0.0,0.5009487282298036,0.948502578824621,0.3167694081868443,1.9396532090191012e-17,5.80790323570291e-17
98.401,0.33223603415774244,0.0,0.5002359563250612,0.9463991993193741,0.32299931196156995,1.97780036760267e-17,5.795023750810448e-17
98.411,0.3324885447232121,0.0,0.4999268790867945,0.9454747356121622,0.32569544718818527,1.9943094344793845e-17,5.789363043210623e-17
98.423,0.3327936133488537,0.0,0.49955665634866775,0.9443575470581745,0.3289206945667415,2.014058378872421e-17,5.782522236277197e-17
98.449,0.33346226537745777,0.0,0.498757058383223,0.9419081792041922,0.3358704838896136,2.05661356511744e-17,5.767524183765628e-17
98.456,0.3336440750035067,0.0,0.4985423881520885,0.9412421165953989,0.33773255387512396,2.068015455355158e-17,5.763445726556175e-17
98.481,0.3342995627830312,0.0,0.4977778508250435,0.938840919683348,0.3443511689077376,2.108542783927552e-17,5.748742635993847e-17
98.508,0.3350182698687688,0.0,0.4969559860656324,0.9362092418773558,0.3514431041056671,2.151968362627076e-17,5.73262825698637e-17
98.511,0.33509881459600716,0.0,0.4968649181688035,0.9359144286397906,0.35222745813444817,2.1567711458808016e-17,5.730823046547718e-17
98.515,0.33520642121277094,0.0,0.49674357308240435,0.9355206070697549,0.3532721242156493,2.1631678807434053e-17,5.728411584921821e-17
98.532,0.33566646864024624,0.0,0.49622886867662674,0.933837563551264,0.3576973649618332,2.1902646653197582e-17,5.718105915633093e-17
98.549,0.3361309066330975,0.0,0.49571582308604945,0.9321397125779638,0.3620988210904188,2.2172158111170576e-17,5.707709576833687e-17
98.58,0.33698907200427214,0.0,0.4947846275497991,0.9290066318482004,0.3700630729781913,2.265982789026877e-17,5.688524990397812e-17
98.59,0.33726898562359864,0.0,0.49448546422565237,0.9279860434864794,0.372614952859262,2.2816085466676854e-17,5.682275689045667e-17
98.614,0.3379468899458011,0.0,0.49376995270536655,0.925517517883589,0.37870479808235924,2.3188980939665296e-17,5.667160329154703e-17
98.631,0.33843227186823205,0.0,0.493265282606206,0.9237530740926168,0.3829885874336733,2.345128738553071e-17,5.656356226950255e-17
98.649,0.33895088368863713,0.0,0.4927329030288888,0.9218709067014346,0.38749713725068324,2.3727356440640592e-17,5.644831275594901e-17
98.666,0.33944508346512386,0.0,0.4922319947454209,0.9200805165924669,0.391729298096197,2.3986501552287352e-17,5.63386829801404e-17
98.689,0.34012047750794194,0.0,0.49155727204466293,0.9176390955434819,0.3974147585711186,2.4334635600901926e-17,5.618918905648987e-17
98.706,0.340624662715064,0.0,0.4910607982948579,0.9158208986765505,0.4015869539057208,2.4590108883998833e-17,5.60778566078245e-17
98.719,0.34101306008929705,0.0,0.4906824414804508,0.9144229256575352,0.40476006847503343,2.478440611403066e-17,5.599225544867293e-17
98.723,0.34113306141220334,0.0,0.49056625261349307,0.9139914855095977,0.40573336616053507,2.4844003408789017e-17,5.596583735886317e-17
98.75,0.34194913323326004,0.0,0.48978482380045957,0.9110637817877623,0.4122654308992942,2.5243977017496247e-17,5.578656720927328e-17
98.768,0.3424990233450358,0.0,0.4892666599127839,0.9090974852720702,0.41658343974766693,2.5508378803238728e-17,5.566616627256745e-17
98.79,0.34317742073101243,0.0,0.48863642905032817,0.9066792169910556,0.42182081204758765,2.5829075364390773e-17,5.551809004707624e-17
98.795,0.3433325659669707,0.0,0.4884936725696895,0.906127382279422,0.42300492560186836,2.590158140809462e-17,5.5484299916413217e-17
98.812,0.3438627197325476,0.0,0.48800963832152255,0.9042451760980664,0.4270136549378448,2.6147045285592203e-17,5.536904802764659e-17
98.846,0.344935295961044,0.0,0.4870478549755382,0.9004543070746177,0.43495061888767333,2.6633044160397473e-17,5.513692424686892e-17
98.856,0.34525385491200944,0.0,0.4867665951226122,0.8993329686886327,0.43726446394566626,2.677472630759717e-17,5.506826207361104e-17
98.866,0.3455738136073654,0.0,0.4864860796547479,0.8982088674445111,0.4395689143286279,2.691583319686156e-17,5.499943072408449e-17
98.881,0.346056367298337,0.0,0.48606671319512124,0.896517700567164,0.4430079147935903,2.7126411242445688e-17,5.489587661892613e-17
98.908,0.34693283347486015,0.0,0.48531615685173013,0.8934591790757508,0.4491444036446246,2.7502162813916815e-17,5.4708596191197e-17
98.937,0.34788541361999337,0.0,0.48451626230354633,0.8901549065116812,0.45565803231500274,2.7901007539017465e-17,5.4506267850242086e-17
98.946,0.3481833831077763,0.0,0.4842693555344891,0.8891256822706479,0.4576631087675244,2.802378306199879e-17,5.444324604162278e-17
98.956,0.3485157545613032,0.0,0.4839957646002388,0.8879801264581235,0.45988182722892523,2.815964038509697e-17,5.4373100978670144e-17
98.973,0.3490839009606795,0.0,0.4835324851740457,0.8860281244062995,0.46363149457414443,2.838924129070647e-17,5.425357532543538e-17
98.983,0.34941992992592086,0.0,0.48326104963010985,0.8848773342358706,0.46582411203760093,2.85235003886253e-17,5.418310975050008e-17
99.026,0.35088014589404604,0.0,0.4821031368963077,0.8799094117559101,0.47514148114363614,2.9094024701234325e-17,5.387891223232529e-17
99.037,0.35125764750022337,0.0,0.4818093708159771,0.8786339429921913,0.47749596251905074,2.9238195105237e-17,5.3800812295380256e-17
99.048,0.35163675010843853,0.0,0.4815166130858378,0.8773567985261574,0.4798385646026501,2.93816381124048e-17,5.37226097512614e-17
99.058,0.35198277318249444,0.0,0.4812513500528931,0.8761943895823467,0.48195787332962897,2.951140834484978e-17,5.3651432731644495e-17
99.074,0.35253914098876604,0.0,0.48082868533871087,0.8743320203479885,0.48532825818635855,2.9717784896184213e-17,5.3537395505560133e-17
99.089,0.3530637741312325,0.0,0.4804344151959608,0.8725834808152804,0.48846501308516377,2.990985573851079e-17,5.343032833846445e-17
99.111,0.35383852234635205,0.0,0.47985964877475185,0.8700150092703361,0.49302523631588774,3.018908887765597e-17,5.3273054815653597e-17
99.127,0.3544058996583804,0.0,0.4794442735665146,0.8681444918105768,0.496311536576529,3.0390316732417537e-17,5.3158518654661426e-17
99.143,0.3549765603507613,0.0,0.4790311402015561,0.8662721883413506,0.499572312789938,3.0589981690041896e-17,5.3043873132130403e-17
99.164,0.35573050362361125,0.0,0.47849233655128354,0.8638126023916002,0.5038132470960358,3.084966402120974e-17,5.2893266929100924e-17
99.176,0.35616383667313706,0.0,0.4781862137021764,0.8624062557878388,0.5062168013588653,3.0996839272937294e-17,5.280715303576152e-17
99.193,0.35678082867577643,0.0,0.4777547557065247,0.8604131617664414,0.509597086980563,3.120382207127809e-17,5.268511122507632e-17
99.216,0.35762133653455913,0.0,0.4771751900072081,0.85771579112481,0.514124130590212,3.148102354458595e-17,5.251994490895692e-17
99.228,0.35806247192150603,0.0,0.4768747287431776,0.856308363177208,0.5164648944050028,3.162435399025312e-17,5.2433764802403855e-17
99.238,0.3584314437747087,0.0,0.47662535791037336,0.8551355766792753,0.5184044227216847,3.174311584749713e-17,5.2361952340865026e-17
99.261,0.35928474034177527,0.0,0.4760553271205265,0.8524388388305781,0.5228269561271451,3.20139179164531e-17,5.21968247721377e-17
99.276,0.3598447166495966,0.0,0.4756862331860479,0.8506809437966988,0.5256823488202336,3.2188760292548075e-17,5.208918474581383e-17
99.293,0.3604826520907174,0.0,0.4752704923819764,0.848689845393976,0.5288908642859595,3.2385225202303876e-17,5.1967265131529733e-17
99.313,0.36123761598387927,0.0,0.4747849036242894,0.8463494652470237,0.5326279965192189,3.261405855367645e-17,5.182395817874208e-17
99.324,0.3616548840351557,0.0,0.4745194628185774,0.8450634221411604,0.5346660757510906,3.2738854914062466e-17,5.174521075008403e-17
99.334,0.3620354665375434,0.0,0.4742791648566571,0.8438951168779478,0.5365081841962476,3.285165152461466e-17,5.1673672685033015e-17
99.36,0.3630305066203461,0.0,0.4736589316019418,0.8408617434174013,0.5412499685515451,3.3142002076262765e-17,5.1487932130079174e-17
99.377,0.3636853927681634,0.0,0.4732569687666451,0.838882157132763,0.5443130775980697,3.3329563410726045e-17,5.136671742972326e-17
99.383,0.36391733193582054,0.0,0.4731157790647065,0.8381842750034443,0.5453871296033218,3.3395330128243534e-17,5.1323984473930644e-17
99.409,0.3649272077544771,0.0,0.472508082453978,0.8351654130665906,0.5499988480145308,3.367771643778634e-17,5.113913249352886e-17
99.416,0.3652004241294377,0.0,0.47234562349672315,0.834354222199791,0.5512286566365919,3.3753020497414886e-17,5.108946137860268e-17
99.42,0.36535679909508895,0.0,0.4722530102994529,0.8338910052411181,0.5519291543105488,3.379591360912596e-17,5.1061097520315206e-17
99.453,0.3666538206949998,0.0,0.4714951069998433,0.8300790144512395,0.5576457923876579,3.414595673527673e-17,5.0827680404355004e-17
99.481,0.3677639195256366,0.0,0.4708607239421062,0.8268592931557904,0.5624088453446537,3.443760961317445e-17,5.0630529335424087e-17
99.483,0.3678435461036882,0.0,0.4708157185661562,0.8266298746077178,0.5627459910172874,3.445825383161631e-17,5.0616481500895974e-17
99.492,0.3682024131127821,0.0,0.4706137046683874,0.8255984637443435,0.5642580762939773,3.455084235132311e-17,5.055332580027412e-17
99.518,0.369244142219569,0.0,0.4700348219572561,0.8226281721184786,0.5685797133533792,3.481546630091677e-17,5.037144789366664e-17
99.53,0.3697274279869613,0.0,0.46977002118086664,0.8212622018720206,0.5705509580890392,3.4936170228709875e-17,5.028780633916387e-17
99.556,0.3707798811990308,0.0,0.46920147534334833,0.8183140324831268,0.5747713843270243,3.519459680287918e-17,5.0107283028891225e-17
99.563,0.3710644718599884,0.0,0.46904962533029604,0.817523089121359,0.5758958228303714,3.526344880357728e-17,5.005885171607643e-17
99.588,0.3720851125386761,0.0,0.46851155895209584,0.8147085085679986,0.5798707149588668,3.550684074968317e-17,4.9886508362795675e-17
99.598,0.37249521296981936,0.0,0.46829820340413875,0.8135873161170569,0.5814427564717304,3.560310053002593e-17,4.981785512548198e-17
99.619,0.37335982104930066,0.0,0.4678536599421085,0.8112418605332787,0.5847107350806076,3.58032065071781e-17,4.9674237391821165e-17
99.636,0.374063084770506,0.0,0.46749728719097683,0.8093524910617648,0.5873232033660137,3.596317405335793e-17,4.955854687803635e-17
99.643,0.3743535264098807,0.0,0.46735145930172395,0.8085770282224686,0.5883903376423862,3.6028517182148934e-17,4.951106347383626e-17
99.658,0.37497758367311723,0.0,0.46704077395992827,0.8069204031666116,0.5906601924570785,3.616750570381604e-17,4.9409624445234133e-17
99.68,0.3758969844167578,0.0,0.4665895714937839,0.8045036209817328,0.5939477450308912,3.636881024064346e-17,4.926163921688672e-17
99.697,0.37661075043307357,0.0,0.4662445771249171,0.8026470412875433,0.5964542959123967,3.6522292216340243e-17,4.9147956497894165e-17
99.714,0.3773273807286125,0.0,0.4659027948567482,0.8008003513258913,0.5989313794720803,3.6673969838969595e-17,4.903487935036644e-17
99.73,0.3780044481607051,0.0,0.4655840674241021,0.7990716138423674,0.6012358571736675,3.681507840101735e-17,4.892902470907825e-17
99.747,0.3787265598563702,0.0,0.46524857048381996,0.7972450418572161,0.6036558152077107,3.6963258094040457e-17,4.881717943232687e-17
99.769,0.3796651844313057,0.0,0.4648192446998396,0.7948973697316547,0.6067439093997542,3.715234932742803e-17,4.867342597462605e-17
99.77,0.37970795894764553,0.0,0.4647998603494245,0.7947910995299597,0.6068831090975902,3.716087285064789e-17,4.866691880150853e-17
99.793,0.3806943830270501,0.0,0.464357165883585,0.792357767004355,0.6100566933227372,3.7355198838805425e-17,4.851792015707138e-17
99.807,0.38129724574674073,0.0,0.46409066274963046,0.7908870277334321,0.6119621796834976,3.747187622743164e-17,4.842786335004558e-17
99.824,0.38203173902435533,0.0,0.46377008243139295,0.7891120291037311,0.6142493024202732,3.7611922104374104e-17,4.8319176030527867e-17
99.846,0.3829861978334398,0.0,0.4633601733089221,0.7868331887089911,0.6171657258354851,3.779050153439399e-17,4.8179637300768567e-17
99.851,0.3832037341936148,0.0,0.46326779577827115,0.7863181978864031,0.6178217313049772,3.7830670284315823e-17,4.814810320764493e-17
99.862,0.3836831080647923,0.0,0.4630655905077102,0.7851891029891631,0.6192560637951584,3.79184978189665e-17,4.8078966085053004e-17
99.894,0.3850837927685306,0.0,0.4624854087993715,0.7819355050804322,0.6233593393016659,3.81697509797197e-17,4.7879740671821013e-17
99.904,0.38552335994406384,0.0,0.46230657165763167,0.7809284542746325,0.6246204842176033,3.8246973833947886e-17,4.781807659452595e-17
99.926,0.3864934699528932,0.0,0.4619172934645932,0.7787296467551073,0.6273596554327238,3.841469969699358e-17,4.7683438464989555e-17
99.948,0.3874677391025488,0.0,0.46153376747262254,0.7765543203427707,0.6300503055764495,3.8579454501300534e-17,4.755023813859113e-17
99.969,0.3884015451771468,0.0,0.46117307076167036,0.7745003460008852,0.6325734850944268,3.8733954687318783e-17,4.7424468483425083e-17
99.976,0.3887136337077932,0.0,0.4610540148121977,0.773820659855058,0.6334047571509727,3.8784855420482263e-17,4.738284971027948e-17
100.003,0.38992119334084735,0.0,0.460600333773604,0.7712227786239462,0.6365653350062032,3.8978384998175465e-17,4.7223775363567174e-17
100.02,0.39068455834854926,0.0,0.46031921151778277,0.7696067970859689,0.6385181108465728,3.909795803229352e-17,4.712482503266892e-17
100.025,0.39090952054845457,0.0,0.46023719714815714,0.769134458600811,0.6390869929773547,3.9132792016321224e-17,4.709590264197078e-17
100.036,0.39140514047649144,0.0,0.4600578381953027,0.7681000875754773,0.6403298021071205,3.920889212745716e-17,4.70325656837055e-17
100.058,0.3923992527557281,0.0,0.4597035582962598,0.7660512876572654,0.6427794525952473,3.935888995892287e-17,4.690711287060892e-17
100.068,0.39285237414853624,0.0,0.4595444846894824,0.7651289289553487,0.6438771016860602,3.942610158120542e-17,4.685063468901052e-17
100.091,0.39389748102689986,0.0,0.45918329036299244,0.7630290187764697,0.6463642289800835,3.9578394205190307e-17,4.6722052275057464e-17
100.106,0.39458124328252525,0.0,0.45895125240413476,0.7616759102141142,0.647958183681247,3.9675995781328595e-17,4.663919827156809e-17
100.118,0.3951294704940319,0.0,0.45876763233914,0.7606028853020255,0.6492174141766639,3.9753101411108645e-17,4.6573494445368344e-17
100.122,0.3953124513439011,0.0,0.4587068236484595,0.7602470964391116,0.6496340141617433,3.977861080302126e-17,4.6551708660761355e-17
100.153,0.3967345430236066,0.0,0.4582423264635183,0.7575221420219739,0.6528094701721479,3.997305140497002e-17,4.638485332552285e-17
100.17,0.39751735694064005,0.0,0.45799271263827696,0.7560525428079452,0.6545109261988223,4.0077235538817865e-17,4.6294866326848366e-17
100.179,0.3979326220955307,0.0,0.45786203546055837,0.7552817222504424,0.6554002746676305,4.0131692426600494e-17,4.624766718042523e-17
100.185,0.39820978342106744,0.0,0.4577754844743892,0.7547706356855809,0.6559887861135921,4.016772835952841e-17,4.6216372154137983e-17
100.218,0.39973865243560475,0.0,0.4573075902802455,0.7520001102496924,0.6591629799863237,4.0362091677834105e-17,4.6046726398787125e-17
100.233,0.40043605971169816,0.0,0.4570994791207563,0.7507637202574993,0.6605708412767849,4.044829831898445e-17,4.597101934646527e-17
100.25,0.4012282815491562,0.0,0.45686708577088725,0.7493800881332078,0.6621400784648711,4.0544386383959084e-17,4.5886296313854715e-17
100.266,0.4019756487640202,0.0,0.45665173689184374,0.7480951334756548,0.663591494271922,4.063325997007592e-17,4.580761553343363e-17
100.281,0.4026778203580889,0.0,0.45645282787241226,0.7469058827703982,0.6649297724444081,4.0715205874091113e-17,4.5734794929954814e-17
100.291,0.4031467383975728,0.0,0.4563218283355588,0.7461214023236854,0.6658099225714027,4.076909952588077e-17,4.568675935655179e-17
100.318,0.4044159736780111,0.0,0.4559745691381427,0.7440370684193959,0.668138339580862,4.09116739477665e-17,4.555913071433967e-17
100.324,0.4046986425908891,0.0,0.45589867997789607,0.7435806368752975,0.6686462715547937,4.09427758110695e-17,4.553118234286417e-17
100.34,0.40545350431599847,0.0,0.4556985901114249,0.7423756164603093,0.6699839133032791,4.102468274535393e-17,4.545739612315804e-17
100.35,0.4059260802802169,0.0,0.45557522201692247,0.7416314974093712,0.6708075149029965,4.1075113798497257e-17,4.5411831972462247e-17
100.371,0.4069204287543271,0.0,0.4553203868410943,0.7400916420954368,0.6725060306796363,4.117911789395542e-17,4.531754302839426e-17
100.398,0.4082026566583564,0.0,0.4550012050564199,0.738157721219717,0.6746281780386248,4.130906194248063e-17,4.5199124527881537e-17
100.409,0.4087262385641573,0.0,0.4548739063998685,0.7373847949550697,0.6754729189013204,4.136078740216109e-17,4.515179644408267e-17
100.429,0.409679936286076,0.0,0.45464652831991254,0.7360019110739225,0.6769794582522677,4.145303633185744e-17,4.5067119228150707e-17
100.44,0.4102054064877375,0.0,0.45452371590313567,0.735253757296112,0.6777919388587843,4.1502786420564436e-17,4.5021308021687424e-17
100.459,0.41111457149140773,0.0,0.4543153482966251,0.7339824533652833,0.6791684313569645,4.158707227716177e-17,4.4943463107205783e-17
100.481,0.41216966678251554,0.0,0.4540800503734672,0.7325438787157704,0.6807198144288549,4.168206709282387e-17,4.485537581521276e-17
100.493,0.4127462255270804,0.0,0.4539544132270101,0.7317744685810335,0.6815468634899188,4.173270924209236e-17,4.48082630322759e-17
100.51,0.41356426127741713,0.0,0.45377970623393127,0.7307030679314883,0.6826954126955233,4.180303759750769e-17,4.474265866347241e-17
100.523,0.41419078450010377,0.0,0.45364870565003057,0.7298985686325271,0.6835554692255692,4.185570087133802e-17,4.469339728890295e-17
100.534,0.4147215619951813,0.0,0.45353962147541754,0.7292279236931919,0.6842708786044576,4.1899507061634805e-17,4.465233212998689e-17
100.562,0.41607522758068294,0.0,0.45326925945782054,0.7275628614948223,0.6860410210573898,4.200789702608572e-17,4.455037647540616e-17
100.584,0.41714136334400437,0.0,0.4530642115545723,0.7262973064687246,0.6873806970058699,4.208992851919576e-17,4.447288357981339e-17
100.606,0.4182096592750517,0.0,0.45286567675942435,0.7250697039961009,0.6886754855133196,4.2169211449256814e-17,4.4397714607877196e-17
100.617,0.41874459541596476,0.0,0.45276885712364046,0.7244702376395248,0.6893060820669803,4.2207824351806506e-17,4.436100788013832e-17
100.633,0.41952359909400355,0.0,0.45263094711972024,0.7236154522638766,0.6902033593405247,4.22627667388562e-17,4.4308667371426043e-17
100.638,0.4197672563823557,0.0,0.4525885604728393,0.7233525205285191,0.6904789142653368,4.227963961168922e-17,4.429256744602105e-17
100.66,0.42084055719721136,0.0,0.45240608347811834,0.7222194395644276,0.6916639943753355,4.235220483986138e-17,4.422318624722858e-17
100.67,0.4213290593263511,0.0,0.4523253102323597,0.7217172900117249,0.6921879465131792,4.238428765528721e-17,4.419243845510805e-17
100.692,0.42240512590914087,0.0,0.45215239401835455,0.7206410872910439,0.6933083176394049,4.245289060096668e-17,4.4126540044252264e-17
100.708,0.42318886370254594,0.0,0.45203077596788327,0.7198831606601845,0.6940952636331003,4.2501077145580724e-17,4.408013042312874e-17
100.726,0.4240716822105097,0.0,0.45189812979877414,0.71905557059065,0.6949525785278841,4.255357254266864e-17,4.402945514664566e-17
100.744,0.4249556423378533,0.0,0.45176991063377225,0.7182546739395337,0.6957802982005269,4.2604255755053306e-17,4.398041437063379e-17
100.761,0.42579150679280714,0.0,0.4516528863136664,0.7175229093453014,0.6965349054890605,4.2650462125079104e-17,4.393560671223099e-17
100.786,0.4270224371943249,0.0,0.4514879895936256,0.7164905088659597,0.697596839660988,4.2715486839306916e-17,4.387239041510779e-17
100.797,0.42756467111454033,0.0,0.4514181537633498,0.71605282169519,0.6980460991527396,4.2742996049234926e-17,4.3845589805472243e-17
100.819,0.42865023698955834,0.0,0.4512834743438684,0.7152079760205537,0.6989116904420637,4.279599822932695e-17,4.3793857927911405e-17
100.826,0.42899594227337323,0.0,0.4512420191749535,0.7149477260398703,0.6991779094267914,4.2812299440702904e-17,4.37779222126203e-17
100.842,0.429786647416229,0.0,0.4511498005798078,0.7143684507313012,0.6997697597065484,4.284853981823685e-17,4.374245182999708e-17
100.86,0.43067703013602743,0.0,0.4510502765092934,0.7137427608155318,0.7004079321248601,4.288761660870633e-17,4.3704139372366795e-17
100.875,0.4314196675317111,0.0,0.45097075847793733,0.7132424539923962,0.7009174001427734,4.29188125275766e-17,4.3673504414889565e-17
100.898,0.43255947419144536,0.0,0.4508548747072285,0.7125127216704327,0.7016591918145109,4.296423416739797e-17,4.362882119727322e-17
100.908,0.4330554383489404,0.0,0.45080677483731807,0.712209615336948,0.7019668537912575,4.2983073030150076e-17,4.3610261287218054e-17
100.936,0.43444534203907453,0.0,0.45067946977686774,0.7114067772762125,0.7027804758567738,4.303289301306259e-17,4.356110163415238e-17
100.948,0.4350415312491399,0.0,0.4506282405587563,0.7110834542894588,0.7031076169661165,4.305292462868389e-17,4.354130381111145e-17
100.97,0.436135297032569,0.0,0.45053951559621,0.7105231446449664,0.7036738313478967,4.308759526019781e-17,4.3506994740478495e-17
100.978,0.43653326005179677,0.0,0.45050892010979315,0.7103298303532926,0.7038689736806579,4.309954428185752e-17,4.3495157654052105e-17
100.989,0.4370806498462927,0.0,0.4504683049620676,0.7100731288636929,0.7041279370013133,4.311540121194437e-17,4.3479439221173377e-17
101.018,0.43852476372980254,0.0,0.45036930269758296,0.7094470234688252,0.7047587678711236,4.31540284622202e-17,4.3441101322785696e-17
101.035,0.4393719339511017,0.0,0.45031671436570453,0.7091142292445806,0.7050936178145881,4.317453210779313e-17,4.34207235537109e-17
101.045,0.43987046661576706,0.0,0.45028766230635275,0.7089303146794345,0.7052785328708921,4.318585488938397e-17,4.3409462034534765e-17
101.07,0.44111738608283513,0.0,0.450221135919165,0.7085089948603034,0.7057017813510481,4.321177138420732e-17,4.3383663636138956e-17
101.081,0.44166627608456854,0.0,0.450194628126092,0.7083410505214919,0.7058703536387609,4.3222093459835945e-17,4.3373380011290933e-17
101.107,0.44296418124567605,0.0,0.4501386917018234,0.7079865307829929,0.7062259356819617,4.3243866580387946e-17,4.3351671938141566e-17
101.126,0.4439130662113147,0.0,0.45010378918496874,0.7077652356157772,0.7064477130359638,4.325744652672305e-17,4.333812151723169e-17
101.143,0.4447623232367827,0.0,0.4500768389089578,0.707594315291957,0.7066189107054145,4.3267929360618765e-17,4.3327655665857913e-17
101.17,0.44611155287016224,0.0,0.45004234388989356,0.7073754880650241,0.7068379721582372,4.328134300596956e-17,4.331425636270643e-17
101.186,0.4469112868423657,0.0,0.450026715534226,0.7072763246234083,0.7069371970883999,4.328741878062552e-17,4.3308184353138065e-17
101.199,0.44756115115737954,0.0,0.450016655565844,0.707212486113887,0.7070010604550854,4.329132928400523e-17,4.3304275371820685e-17
101.217,0.4484610526632014,0.0,0.45000663159700355,0.707148870575305,0.7070646892923381,4.3295225426598985e-17,4.330038004353566e-17
101.235,0.4493610219807382,0.0,0.4500011432258535,0.707114037177638,0.7070995251209988,4.329735850590224e-17,4.3298247113087845e-17
101.254,0.4503110193425319,0.0,0.4500002708528084,0.7071085002807259,0.7071050620881897,4.3297697547359595e-17,4.3297908075933816e-17
101.268,0.4510110102456242,0.0,0.450002862032581,0.7071249462148588,0.7070886156915787,4.329669049601124e-17,4.3298915098963556e-17
101.294,0.45231090770980537,0.0,0.45001495380105877,0.7072016865169813,0.7070118631165514,4.3291990756244566e-17,4.330361408723155e-17
101.306,0.4529107959638244,0.0,0.4500237261113373,0.7072573549297244,0.7069561753728514,4.3288580865390865e-17,4.330702279440552e-17
101.316,0.45341065979568834,0.0,0.45003257591535006,0.7073135108704518,0.7068999910454911,4.3285140567557666e-17,4.331046135405877e-17
101.337,0.4544602147492558,0.0,0.4500557154012843,0.7074603210615485,0.7067530644599219,4.327614390892132e-17,4.331945088558921e-17
101.354,0.4553096614773291,0.0,0.4500789662485722,0.7076078084489589,0.7066053986646731,4.326710198674657e-17,4.3328481883434546e-17
101.37,0.4561089507173438,0.0,0.4501045417142949,0.7077700076361066,0.7064429320835375,4.325715377781876e-17,4.3338413719202785e-17
101.388,0.4570078955083275,0.0,0.45013759236612944,0.7079795615903135,0.7062329221796358,4.3244294379988644e-17,4.3351245198166194e-17
101.403,0.4577567819761184,0.0,0.4501685936151906,0.7081760674697808,0.706035875478744,4.323222874941216e-17,4.3363277712981356e-17
101.423,0.4587549241109974,0.0,0.4502148179129911,0.708468969603136,0.7057419635457925,4.321423183401614e-17,4.3381212795985196e-17
101.435,0.4593535842774714,0.0,0.450245233395427,0.708661635022077,0.7055485008472745,4.320238566029142e-17,4.3393010150415826e-17
101.449,0.4600517888190174,0.0,0.4502832581555716,0.7089024301081712,0.7053065607143673,4.318757109982391e-17,4.3407754596987607e-17
101.477,0.4614473755773095,0.0,0.45036750873134906,0.7094356732164387,0.7047701934445996,4.315472807681949e-17,4.3440406320272966e-17
101.5,0.4625928440895915,0.0,0.4504448878513078,0.709925083825412,0.7042772006500578,4.312454097442758e-17,4.347037407706036e-17
101.512,0.46319012546049704,0.0,0.45048818347873676,0.7101987790856186,0.7040012032555746,4.310764100814123e-17,4.348713307827805e-17
101.522,0.463687663147224,0.0,0.45052579370008067,0.7104364506486746,0.7037613584090231,4.309295474696017e-17,4.350168626422529e-17
101.533,0.4642347393825121,0.0,0.4505687711561624,0.7107079448846149,0.7034871833074766,4.307616636393443e-17,4.3518310491576854e-17
101.565,0.465824869743778,0.0,0.4507033556471388,0.7115574790623441,0.702627891554585,4.302354991919881e-17,4.3570329457152974e-17
101.581,0.4666191225488551,0.0,0.45077597758932453,0.7120154766614701,0.7021637707789683,4.299513071808497e-17,4.359837372184232e-17
101.592,0.46716483748750803,0.0,0.45082796395722113,0.7123431564153461,0.7018313383628731,4.297477510336978e-17,4.36184383199288e-17
101.615,0.46830495482788925,0.0,0.4509420780092076,0.7130619186993299,0.7011010626869926,4.293005861492166e-17,4.366244981645023e-17
101.637,0.46939427114797033,0.0,0.45105807805997483,0.7137918274321075,0.7003579278419946,4.288455472945858e-17,4.370714383611351e-17
101.653,0.4701857037963706,0.0,0.45114664130506493,0.7143485973115656,0.6997900267358764,4.284978081586659e-17,4.374123615865052e-17
101.675,0.4712727710962981,0.0,0.45127418197831404,0.7151496480291311,0.698971373465187,4.279965276048852e-17,4.379028636851158e-17
101.691,0.4720624905302508,0.0,0.4513711268181516,0.7157579347096361,0.6983484652379471,4.276151063215593e-17,4.382753318532381e-17
101.701,0.47255567707101165,0.0,0.4514335060401624,0.7161490632124298,0.697947361381902,4.273695010448437e-17,4.385148289877388e-17
101.729,0.4739349470328792,0.0,0.4516154771045041,0.7172888261108528,0.696775961078247,4.2665222522864797e-17,4.3921273248040915e-17
101.739,0.47442693299423183,0.0,0.45168307371268435,0.7177117466325269,0.6963403253766707,4.263854752948831e-17,4.394716966119901e-17
101.762,0.4755572298736004,0.0,0.45184374371454855,0.7187159694705836,0.6953037862891005,4.2575077815699113e-17,4.400866057541185e-17
101.78,0.47644053254169894,0.0,0.45197453164806833,0.7195323670229687,0.6944589064921867,4.252334384875137e-17,4.405865050787986e-17
101.797,0.47727369457804214,0.0,0.4521021146062303,0.7203278443824643,0.6936337625918394,4.247281835693156e-17,4.4107359447984885e-17
101.808,0.4778122307410979,0.0,0.45218676732932117,0.7208551536591533,0.6930857432115008,4.243926184793144e-17,4.413964782887778e-17
101.834,0.47908330070182603,0.0,0.4523933998317032,0.7221406121649031,0.691746294722349,4.235724428268832e-17,4.421835946110294e-17
101.845,0.4796202636880168,0.0,0.4524835854080142,0.7227009103886394,0.6911609032080965,4.232139939047945e-17,4.4252667832416265e-17
101.856,0.4801567397370057,0.0,0.45257541172644805,0.7232709361917122,0.6905643727129023,4.228487243240278e-17,4.42875718461745e-17
101.877,0.4811795372930943,0.0,0.4527552654701159,0.7243860418915068,0.6893945621433027,4.221324219391934e-17,4.4355852377472715e-17
101.893,0.48195756112766924,0.0,0.45289629710017854,0.7252591830708555,0.6884759381208579,4.2156992695483994e-17,4.440931685499737e-17
101.909,0.48273447364621236,0.0,0.45304078131354153,0.7261525449269198,0.6875336220841549,4.2099292479577316e-17,4.4464019491872846e-17
101.93,0.48375243966647596,0.0,0.4532356453983597,0.7273555573734123,0.6862608054945385,4.2021354941458545e-17,4.453768275896942e-17
101.941,0.4842848569839983,0.0,0.45334008109996066,0.7279994238673825,0.685577740922763,4.1979529299386756e-17,4.457710821101536e-17
101.951,0.4847683840378106,0.0,0.4534364305452841,0.7285928932226324,0.6849470022895741,4.1940907696975086e-17,4.4613447728330305e-17
101.978,0.4860715300085445,0.0,0.4537032578901965,0.7302337018831296,0.6831974389838275,4.1833777841860673e-17,4.471391828203486e-17
101.989,0.4866014248669284,0.0,0.453814756107085,0.730918151565641,0.6824651314989408,4.1788936940992767e-17,4.475582873767811e-17
102.006,0.48741916732177404,0.0,0.45399024173250496,0.7319939757373903,0.6813111033031597,4.171827309418831e-17,4.482170396909702e-17
102.026,0.48837933501716485,0.0,0.4542016130002532,0.7332874854608151,0.6799187184263681,4.163301411006111e-17,4.4900908596219926e-17
102.047,0.4893852670172216,0.0,0.45442925889270014,0.7346777566020684,0.6784162394534435,4.15410138068122e-17,4.4986038151374064e-17
102.058,0.4899112465675685,0.0,0.45455082892073084,0.7354189993104167,0.6776126441066942,4.1491807783351884e-17,4.5031426176882563e-17
102.076,0.4907705224048552,0.0,0.45475320392149404,0.73665106510717,0.6762730279084564,4.1409779948888994e-17,4.5106868448599215e-17
102.1,0.4919134279250764,0.0,0.4550296664881947,0.7383304054838384,0.6744391835725966,4.1297489369086726e-17,4.520969838944751e-17
102.11,0.49238867662892544,0.0,0.45514708926634717,0.7390423560749042,0.6736589611422492,4.124971452398934e-17,4.5253292790072494e-17
102.137,0.4936689565402817,0.0,0.45547066197696146,0.7410001384331943,0.6715048732823812,4.111781468385586e-17,4.5373172384997854e-17
102.164,0.4949449167405501,0.0,0.4558037334973318,0.7430091188546502,0.6692812931039059,4.0981659666444994e-17,4.549618695713213e-17
102.18,0.4956989516853851,0.0,0.4560055739836755,0.7442234499886138,0.6679307273116317,4.089896136271767e-17,4.557054329394781e-17
102.186,0.4959813070123509,0.0,0.456082118378497,0.7446833492019213,0.6674179420883211,4.0867562323598795e-17,4.5598703998923176e-17
102.201,0.4966862098886361,0.0,0.45627551342972994,0.7458438116001251,0.66612086643326,4.078813934613767e-17,4.566976182699774e-17
102.223,0.49771748397049265,0.0,0.4565644023810232,0.7475732543905355,0.6641793653223078,4.0669256690084244e-17,4.5775659655876964e-17
102.233,0.4981852134508068,0.0,0.4566977707864167,0.7483700371267116,0.6632814542341466,4.0614275493082466e-17,4.5824448527250663e-17
102.244,0.4986989608444862,0.0,0.45684595575364484,0.7492541276584925,0.6622826074922332,4.0553113769816316e-17,4.587858345924576e-17
102.278,0.5002818182365466,0.0,0.45731374903288696,0.7520366609604262,0.6591212791068825,4.035953823540764e-17,4.604896448433246e-17
102.289,0.5007922437021773,0.0,0.4574682425484304,0.7529528180351549,0.6580745047583282,4.0295441792638315e-17,4.6105062925786595e-17
102.3,0.5013018359261155,0.0,0.457624269791131,0.753876654271048,0.6570159740410356,4.023062547990174e-17,4.616163158024774e-17
102.323,0.5023646178287169,0.0,0.4579554498519873,0.7558328443740685,0.654764622872529,4.0092769979788326e-17,4.628141367765713e-17
102.339,0.5031017343260415,0.0,0.45818976558355207,0.7572129948498336,0.6531680338401029,3.99950070973826e-17,4.6365923520781497e-17
102.355,0.5038370083504297,0.0,0.45842729341483185,0.7586087680248755,0.6515464197398222,3.9895711871514554e-17,4.645138997833904e-17
102.361,0.5041122559268822,0.0,0.4585171922711953,0.7591361689004457,0.6509318528595401,3.9858080503374587e-17,4.6483683968045766e-17
102.396,0.505712562590354,0.0,0.459050544585982,0.7622553144592221,0.6472764753786996,3.9634253186795254e-17,4.667467654927728e-17
102.412,0.5064410675414786,0.0,0.4592994267278008,0.7637050578364868,0.6455653217413155,3.952947524555166e-17,4.676344772860489e-17
102.418,0.5067137536007529,0.0,0.45939357325216496,0.7642525041094885,0.644917134182661,3.948978520460399e-17,4.6796969144901724e-17
102.45,0.5081633760611853,0.0,0.4599031719610181,0.7672065751515674,0.6414000865639187,3.9274428149166913e-17,4.6977853827208515e-17
102.463,0.508749992318539,0.0,0.46011378274693293,0.7684229289433486,0.6399423429295216,3.9185167095374823e-17,4.7052334016095295e-17
102.479,0.509470134357285,0.0,0.46037582700676655,0.7699326226432819,0.6381251888067401,3.907389849637373e-17,4.7144776093961104e-17
102.487,0.5098294338678067,0.0,0.46050801713519307,0.7706926360298981,0.6372070784048832,3.901768044812884e-17,4.719131349202254e-17
102.508,0.5107701204530164,0.0,0.4608587075393289,0.7727038055289109,0.6347667515876513,3.886825352684901e-17,4.7314462106497984e-17
102.526,0.5115735377101799,0.0,0.4611635379750678,0.7744459551868474,0.6326400734183154,3.8738032046204324e-17,4.7421138006609364e-17
102.552,0.5127292528670907,0.0,0.4616107187026784,0.7769914968055699,0.6295110911587183,3.85464371407641e-17,4.7577007476382605e-17
102.56,0.5130837078363466,0.0,0.4617499390257914,0.7777815247628299,0.628534724368994,3.8486651917572626e-17,4.7625382736837376e-17
102.576,0.5137909756907558,0.0,0.4620306656725023,0.7793709730385443,0.6265627553445485,3.8365903639882376e-17,4.772270837400057e-17
102.588,0.5143199778374695,0.0,0.46224320461283985,0.7805711595187099,0.6250669283585691,3.827431065335948e-17,4.779619860056631e-17
102.61,0.5152865531879806,0.0,0.4626372786045685,0.7827891659659653,0.6222870090611795,3.8104089689887675e-17,4.793201232537228e-17
102.626,0.5159868359296488,0.0,0.4629274538485074,0.7844163177224535,0.6202346656635269,3.7978419901253354e-17,4.8031646634887794e-17
102.65,0.5170329686468479,0.0,0.4633683309770811,0.7868786412497014,0.617107773362987,3.778695296889662e-17,4.818242046619327e-17
102.661,0.5175107060613847,0.0,0.46357264052654257,0.7880156677236558,0.6156551854910677,3.76980076145053e-17,4.825204325778697e-17
102.678,0.5182468522265522,0.0,0.46389114855326186,0.7897830983385017,0.6133862221951489,3.755907368261882e-17,4.836026717004627e-17
102.697,0.5190664470447478,0.0,0.46425107182755887,0.7917727978509316,0.6108157140932998,3.740167545666322e-17,4.8482101127004387e-17
102.712,0.5197111169126379,0.0,0.4645381476583978,0.7933540310070185,0.608760528849329,3.727583165512904e-17,4.857892373316976e-17
102.74,0.520908813921059,0.0,0.4650808874653211,0.7963294737989672,0.6048630995184446,3.703718293738051e-17,4.876111705773006e-17
102.746,0.5211644902501082,0.0,0.46519834627050616,0.7969709963061735,0.6040175751141229,3.698540949961283e-17,4.880039898198162e-17
102.757,0.5216323302799464,0.0,0.4654147435032337,0.7981506311491132,0.6024579404375646,3.6889909418888515e-17,4.8872630783710063e-17
102.774,0.5223530498561411,0.0,0.46575185435496064,0.7999824638298269,0.6000233808484131,3.674083563847912e-17,4.898479818516054e-17
102.791,0.5230709449497412,0.0,0.4660922026703467,0.8018246522875363,0.5975593920138579,3.6589959836510477e-17,4.909759969506854e-17
102.815,0.5240795820804848,0.0,0.46657817198776996,0.8044423948289059,0.5940306670551064,3.637388775022016e-17,4.925789019628255e-17
102.83,0.5247070593921567,0.0,0.4668851396091181,0.8060882330233107,0.5917953705305211,3.623701531352123e-17,4.935866872011716e-17
102.842,0.5252074082118927,0.0,0.46713249636962556,0.8074101195986494,0.5899905921027001,3.6126504507281166e-17,4.943961092828338e-17
102.858,0.5258722641972727,0.0,0.4674647585070022,0.809179631881678,0.5875613358176591,3.597775546059197e-17,4.9547962305956527e-17
102.871,0.5264105303879746,0.0,0.4677367763061079,0.8106230747368088,0.5855682972158262,3.5855717043376375e-17,4.963634768957093e-17
102.901,0.5276460120285138,0.0,0.4683714933527898,0.8139727869100405,0.5809030058193035,3.5570050334584316e-17,4.9841458404121584e-17
102.919,0.5283827850401795,0.0,0.46875696786292953,0.8159945308496653,0.5780596211667397,3.5395943238908966e-17,4.9965254516339443e-17
102.924,0.5285868376150793,0.0,0.4688646584121227,0.8165576425266792,0.5772639053598208,3.534721969811026e-17,4.9999735161980314e-17
102.951,0.5296841253179486,0.0,0.46945077493162735,0.8196093367159583,0.5729228003562321,3.508140368073989e-17,5.018659753802418e-17
102.967,0.5303306804107597,0.0,0.46980173495583055,0.8214260364618338,0.5703150590880467,3.49217255808855e-17,5.029783831446409e-17
102.986,0.5310948617677982,0.0,0.470221983434035,0.8235908963035057,0.5671843047246531,3.473002216538317e-17,5.0430397748249396e-17
103.006,0.5318949994097968,0.0,0.4706684078791479,0.8258780216939785,0.5638488213012779,3.4525782710480895e-17,5.0570443787683955e-17
103.027,0.5327303919704232,0.0,0.471141598244315,0.8282880813286421,0.5603024668238725,3.430863112751108e-17,5.0718017378551204e-17
103.039,0.5332055552373947,0.0,0.4714140229377926,0.8296689534698569,0.5582557009545288,3.418330286398629e-17,5.080257141093973e-17
103.057,0.5339152708801862,0.0,0.4718254098403393,0.8317449707717185,0.5551579087034185,3.3993617795749e-17,5.0929690808124694e-17
103.072,0.5345039045165453,0.0,0.4721707378158229,0.8334790338469494,0.5525510837357536,3.3833995803119586e-17,5.103587154785476e-17
103.091,0.5352458292449364,0.0,0.4726114001165831,0.8356803915276823,0.5492160624163679,3.362978464392589e-17,5.117066582972915e-17
103.107,0.5358673957838629,0.0,0.47298527945191526,0.8375380550028887,0.5463789952239911,3.345606438112039e-17,5.1284414911169373e-17
103.129,0.5367172139799055,0.0,0.4735035033578675,0.8400975664595354,0.5424353222539684,3.321458405713927e-17,5.1441139786807544e-17
103.134,0.536909568675492,0.0,0.47362194596407525,0.8406800461971985,0.5415321411752734,3.3159280166285555e-17,5.147680638412241e-17
103.157,0.5377906246585418,0.0,0.4741699288929425,0.843362743060496,0.5373446599878666,3.2902870894653183e-17,5.16410741904584e-17
103.173,0.5383998518833188,0.0,0.47455416411709156,0.8452318164615631,0.534399828256977,3.2722551956990105e-17,5.175552192835782e-17
103.184,0.5388169311127914,0.0,0.474819757250612,0.8465179771313358,0.5323601359920475,3.259765682681553e-17,5.1834276555729136e-17
103.194,0.5391948400110127,0.0,0.47506221208214117,0.8476879469708718,0.5304951880651779,3.2483461701354667e-17,5.190591654668347e-17
103.211,0.5398345298294235,0.0,0.4754765726738413,0.8496782807749045,0.5273014500069222,3.2287901646836767e-17,5.202778934280064e-17
103.227,0.5404334027563708,0.0,0.4758690588154769,0.851552846580672,0.5242687759921952,3.210220392058713e-17,5.2142573393491854e-17
103.256,0.5415109145681036,0.0,0.4765865589768913,0.854952725088105,0.5187059261898046,3.176157761035537e-17,5.2350755910072744e-17
103.266,0.5418800785778511,0.0,0.476835785692719,0.8561254940620593,0.516767973482292,3.164291223134766e-17,5.242256729857736e-17
103.277,0.5422847330533044,0.0,0.47711100028865966,0.8574156300621603,0.5146245595821372,3.1511665982744034e-17,5.2501565344726784e-17
103.299,0.5430895356377666,0.0,0.47766475396559055,0.8599957923058453,0.5103011240593552,3.124693190902929e-17,5.265955471637727e-17
103.324,0.543996736772594,0.0,0.4782993488261599,0.8629267574983013,0.5053290128158762,3.094247790306273e-17,5.2839024573444946e-17
103.341,0.5446091330479745,0.0,0.4787340771612151,0.8649186058362989,0.5019121489645306,3.07332553341291e-17,5.2960990108020735e-17
103.361,0.5453248991727476,0.0,0.479248807770411,0.8672601237174857,0.4978552779769753,3.048484363065593e-17,5.310436672693782e-17
103.37,0.545645326923575,0.0,0.47948158613872816,0.8683130079291188,0.49601665320943206,3.0372260333835687e-17,5.3168837290920284e-17
103.386,0.5462124076475656,0.0,0.47989716228972523,0.8701833492365483,0.49272805756468097,3.017089192733397e-17,5.3283362665693113e-17
103.408,0.5469867453079738,0.0,0.4804722021967756,0.8727515326247395,0.48816468768354015,2.989146611142074e-17,5.3440618543991703e-17
103.43,0.5477547883393865,0.0,0.4810513914619336,0.8753148829144175,0.48355336390983733,2.960910396645588e-17,5.359757848035908e-17
103.451,0.5484820043735542,0.0,0.48160807853475857,0.8777564614802789,0.47910708023323945,2.933684761282354e-17,5.374708204913653e-17
103.453,0.5485509601370696,0.0,0.48166128954457654,0.8779886986716132,0.47868136061990874,2.931077980473355e-17,5.376130247578706e-17
103.463,0.5488949458357943,0.0,0.4819278454316799,0.879149066966412,0.47654686868354007,2.918007986884957e-17,5.3832354541689926e-17
103.484,0.5496129973450189,0.0,0.4824903127060389,0.8815811309110462,0.4720325302578211,2.8903656363683337e-17,5.398127550794582e-17
103.508,0.5504264200100125,0.0,0.48313756396937846,0.8843520630483013,0.46682055287038665,2.858451479244584e-17,5.415094616657302e-17
103.528,0.5510983579468187,0.0,0.4836805047864493,0.8866534623325873,0.462434468582993,2.831594458827848e-17,5.429186622992607e-17
103.552,0.5518975349029734,0.0,0.4843362532021524,0.8894049749292996,0.45712010519229185,2.799053368248208e-17,5.4460347784644934e-17
103.565,0.5523271468574577,0.0,0.48469334979043077,0.8908903983487948,0.4542183375095349,2.78128516572542e-17,5.45513037364481e-17
103.58,0.5528199774456666,0.0,0.4851070250150909,0.8925997234178371,0.4508500124813136,2.7606601234039247e-17,5.465596971017335e-17
103.603,0.5535696361625476,0.0,0.48574470443943113,0.8952104990176456,0.44564353742489976,2.728779658340536e-17,5.4815833609253225e-17
103.623,0.5542155603714263,0.0,0.48630249019960703,0.8974700811131984,0.4410753376767615,2.7008075023434197e-17,5.495419310828969e-17
103.629,0.5544082525653815,0.0,0.4864704148776799,0.8981459259302254,0.43969750480863334,2.692370709284854e-17,5.499557666788431e-17
103.65,0.5550787133549524,0.0,0.4870602695266949,0.9005036691862236,0.4348484124176475,2.6626785819079008e-17,5.513994680446779e-17
103.683,0.5561197711548289,0.0,0.4879937513165665,0.9041831069538092,0.4271450679796694,2.6155092013644035e-17,5.536524738870457e-17
103.7,0.556650059968594,0.0,0.48847771732196377,0.906065613140308,0.423137217323976,2.5909681939796262e-17,5.5480517647488106e-17
103.706,0.5568362393038259,0.0,0.48864902255466025,0.9067278260999475,0.4217163138604711,2.5822676695872327e-17,5.552106649655693e-17
103.722,0.5573302052529351,0.0,0.48910708405901804,0.9084879421351371,0.41791106589209137,2.5589672458650414e-17,5.562884251998807e-17
103.738,0.5578205044065897,0.0,0.48956694347561225,0.9102394015247374,0.41408239749099196,2.5355234133530264e-17,5.57360884767536e-17
103.754,0.5583071210040311,0.0,0.49002857962755786,0.9119818996386243,0.41023044101032563,2.5119369824805118e-17,5.58427857136382e-17
103.781,0.5591198925678171,0.0,0.4908115602128647,0.9149011991564419,0.40367783662483214,2.4718138525466444e-17,5.602154125415058e-17
103.783,0.559179676891725,0.0,0.4908697548142919,0.9151163540643249,0.40318985419280723,2.468825821929547e-17,5.603471569261357e-17
103.792,0.5594479854377258,0.0,0.49113196185931834,0.9160826453517605,0.4009895096948554,2.455352597697356e-17,5.609388396922368e-17
103.814,0.5600988705750733,0.0,0.4917751752703128,0.9184312869484054,0.3955805495146292,2.4222322688402085e-17,5.623769678990745e-17
103.836,0.5607426555806089,0.0,0.4924215554249171,0.9207602793856301,0.3901288350092779,2.3888501452459904e-17,5.638030644658173e-17
103.852,0.5612063811312109,0.0,0.49289360694528705,0.9224413085663681,0.38613732304759985,2.3644091835078532e-17,5.648323979685493e-17
103.863,0.5615229944473543,0.0,0.4932190853814535,0.9235905961949982,0.3833802428662278,2.3475269364123037e-17,5.655361336764001e-17
103.886,0.5621791935755245,0.0,0.49390207939633335,0.925976279967764,0.37758168511867896,2.31202101048627e-17,5.669969436744478e-17
103.901,0.5626028978236495,0.0,0.49434926984059047,0.9275191652082807,0.37377559868366766,2.2887154526366962e-17,5.67941688410073e-17
103.918,0.5630790208153342,0.0,0.494857738183314,0.9292550111724587,0.3694389316394167,2.2621610255631474e-17,5.690045875119948e-17
103.934,0.563523166714976,0.0,0.49533787773814825,0.9308760679913618,0.36533511471105756,2.2370323942351388e-17,5.699971985342475e-17
103.951,0.5639908378205273,0.0,0.49584968063970725,0.9325846394428142,0.36095136829677793,2.2101896891625325e-17,5.710433968138155e-17
103.967,0.5644269994631578,0.0,0.49633291135558427,0.9341794162385492,0.3568036130369247,2.1847920131494033e-17,5.720199159629411e-17
103.984,0.5648861562629531,0.0,0.4968479482392355,0.9358594214545559,0.3523735848141059,2.157665913733366e-17,5.730486224681078e-17
104.006,0.5654738104295304,0.0,0.4975168770800886,0.9380109123406856,0.34660572460620837,2.1223479560257104e-17,5.743660306816545e-17
104.017,0.5657648570442928,0.0,0.4978523447292063,0.9390768755216289,0.34370717458402744,2.1045994559915487e-17,5.750187448804301e-17
104.029,0.5660802417058914,0.0,0.49821906082363915,0.940232166357908,0.3405341001220219,2.0851699785747922e-17,5.757261564927969e-17
104.051,0.5666526815827263,0.0,0.4988933790348392,0.9423292845413491,0.3346871964921711,2.049368019498693e-17,5.770102710281893e-17
104.065,0.5670130641614665,0.0,0.499323819497361,0.9436494526265504,0.3309466883919703,2.0264640131382144e-17,5.778186408381285e-17
104.085,0.5675226183943455,0.0,0.4999404920920033,0.9455156101236896,0.3255767666963156,1.9935827260569372e-17,5.789613327409166e-17
104.102,0.5679508409535513,0.0,0.5004662598041758,0.9470831814163796,0.320988235731824,1.9654860772646716e-17,5.799211933239306e-17
104.123,0.5684735837939647,0.0,0.5011177192265316,0.9489954155662533,0.3152898685879935,1.9305936418493794e-17,5.810920990393622e-17
104.135,0.5687691886300846,0.0,0.5014909466117079,0.9500759109545684,0.31201885107128857,1.9105644361904412e-17,5.81753711648759e-17
104.145,0.5690137961562891,0.0,0.501802496592248,0.9509694401391676,0.309284858862179,1.893823562151542e-17,5.82300840476691e-17
104.168,0.569570409006402,0.0,0.5025208481224176,0.9530004498961825,0.3029688804112952,1.8551493481847495e-17,5.835444752756737e-17
104.178,0.5698098058678873,0.0,0.5028339382685167,0.9538728683743203,0.3002108442067787,1.838261247135781e-17,5.84078677524058e-17
104.195,0.5702131411941782,0.0,0.5033672316379062,0.955340958799306,0.29550575703431353,1.8094508974084377e-17,5.849776236439668e-17
104.2,0.5703308954158177,0.0,0.5035243285610826,0.9557691143320216,0.2941180036804665,1.8009533588944635e-17,5.852397932953055e-17
104.233,0.5710980800406829,0.0,0.5045639063792656,0.9585527962373618,0.2849149642007854,1.7446009946883726e-17,5.869443068629151e-17
104.25,0.571486501460495,0.0,0.5051012579287105,0.9599577809768527,0.280144710358766,1.7153916141946255e-17,5.878046118949493e-17
104.266,0.5718478381930829,0.0,0.5056080925207042,0.9612617417762039,0.27563719596124664,1.6877910487994622e-17,5.886030576045188e-17
104.285,0.5722715748674505,0.0,0.5062113007561252,0.962786714096911,0.27026235986254726,1.654879669678393e-17,5.8953683384019e-17
104.304,0.5726894854514052,0.0,0.5068159287411118,0.9642858203865492,0.2648638454025763,1.6218233024106224e-17,5.904547716997835e-17
104.328,0.5732090179046566,0.0,0.5075816370597004,0.9661418553128056,0.2580114637234745,1.5798645659613823e-17,5.915912653155563e-17
104.343,0.5735289757431141,0.0,0.5080612874032662,0.967280264978793,0.25371024611267834,1.5535272040638936e-17,5.922883401923413e-17
104.366,0.5740124592709224,0.0,0.5087983162727422,0.9689930458302779,0.2470879947155688,1.512977609180797e-17,5.933371159860471e-17
104.387,0.5744463533649199,0.0,0.5094728572735661,0.9705217480437022,0.24101356097571913,1.4757824300000993e-17,5.942731761223069e-17
104.405,0.5748125115862833,0.0,0.5100522097005801,0.9718049858266832,0.2357860672779462,1.4437732628773964e-17,5.950589326440432e-17
104.411,0.5749333821563118,0.0,0.5102455617622118,0.9722271215541352,0.23403936445512943,1.4330777927722754e-17,5.953174162277581e-17
104.433,0.5753715065460738,0.0,0.5109554951264249,0.973750714167274,0.22761710537374807,1.3937527976357318e-17,5.962503476362006e-17
104.444,0.5755875771864192,0.0,0.5113110229727585,0.9744981094337574,0.2243957100972135,1.3740274405647497e-17,5.96707995246599e-17
104.454,0.5757822710992314,0.0,0.5116345458906804,0.975169154417602,0.22146132906776111,1.3560595388887616e-17,5.971188917923737e-17
104.471,0.5761094546019467,0.0,0.5121852079321906,0.9762914187002825,0.2164603099235278,1.3254371284514618e-17,5.978060804731646e-17
104.493,0.576525757682201,0.0,0.5128990462052321,0.9777088229339249,0.20996537228114345,1.2856671054794236e-17,5.986739902520787e-17
104.52,0.5770256804100473,0.0,0.5137769106156498,0.9793938152559881,0.2019597847055683,1.236647019480814e-17,5.9970575047898e-17
104.531,0.5772258704516157,0.0,0.5141350998992299,0.9800628690979218,0.19868762572326848,1.2166108243609404e-17,6.001154278019706e-17
104.542,0.577424040599007,0.0,0.5144935905514822,0.9807217473764247,0.19540945274712865,1.1965378041495353e-17,6.005188743893688e-17
104.554,0.5776379195114323,0.0,0.5148850056698593,0.9814288504955307,0.19182651384785446,1.174598630876852e-17,6.00951850175109e-17
104.569,0.5779018784395208,0.0,0.5153747499983946,0.9822954906083202,0.18733811446301993,1.1471151111771892e-17,6.014825141951792e-17
104.603,0.5784862100586614,0.0,0.5164866918267008,0.9841882558838131,0.1771255966267384,1.0845814747800021e-17,6.02641498663264e-17
104.615,0.5786878041272224,0.0,0.5168797228678542,0.9848323333176255,0.17350871808690568,1.0624344811464476e-17,6.030358823471247e-17
104.625,0.5788539460390547,0.0,0.517207467998783,0.9853594352144944,0.17048983381355165,1.0439491463346511e-17,6.033586391725371e-17
104.642,0.5791325158290885,0.0,0.5177650743015755,0.9862353037931872,0.16534789249325071,1.0124638364381008e-17,6.038949539982222e-17
104.663,0.5794698899559229,0.0,0.5184546080128382,0.9872818932029351,0.15897944317938784,9.734683310993291e-18,6.045358051835568e-17
104.675,0.5796593243509129,0.0,0.518848967682328,0.9878622739520233,0.1553323137738497,9.511361043364868e-18,6.048911858968856e-17
104.686,0.5798308287716223,0.0,0.5192106703668637,0.9883829343884923,0.15198412749229218,9.306343762731943e-18,6.052099984653677e-17
104.718,0.5803180717030044,0.0,0.5202639425008242,0.989835392341768,0.14221777690435958,8.708327263388816e-18,6.060993724570553e-17
104.734,0.5805551632564344,0.0,0.5207911169114912,0.9905266600944168,0.13732055797366866,8.408459088979094e-18,6.065226518773729e-17
104.741,0.5806575197469069,0.0,0.5210218596605762,0.9908217133217095,0.13517519154871563,8.277093282713248e-18,6.06703319872564e-17
104.751,0.5808022942657615,0.0,0.5213515962624481,0.9912354002023196,0.13210746150671157,8.089248993883825e-18,6.069566300296582e-17
104.774,0.5811287991030317,0.0,0.5221104246238452,0.9921518240878158,0.1250390257448445,7.656432132346365e-18,6.075177778186757e-17
104.801,0.5815005496686285,0.0,0.5230019136301024,0.9931648829504488,0.11671981525868358,7.147027407680863e-18,6.081380974654114e-17
104.812,0.5816484256616877,0.0,0.5233653008903072,0.9935580656226594,0.11332418204496007,6.939104840367615e-18,6.083788524159128e-17
104.824,0.5818073795791108,0.0,0.5237618335564911,0.9939740258908197,0.10961585585304753,6.712035350311616e-18,6.086335546214004e-17
104.842,0.5820411781434908,0.0,0.5243568257542758,0.9945725039471051,0.10404582832764508,6.3709695313042784e-18,6.090000167393952e-17
104.862,0.582294427375587,0.0,0.5250181616115045,0.9952014897666309,0.09784679231471216,5.991388050752404e-18,6.09385159474691e-17
104.873,0.5824307827694315,0.0,0.5253819841247542,0.995531219168334,0.09443300091181384,5.782353615026595e-18,6.095870605028812e-17
104.894,0.5826853139065061,0.0,0.5260766919367461,0.9961286240863563,0.08790770316543824,5.382794365097479e-18,6.099528655132066e-17
104.909,0.5828624698408605,0.0,0.5265729965766863,0.9965294762585043,0.08324063279403346,5.097018725510664e-18,6.101983166779828e-17
104.915,0.5829322458559992,0.0,0.5267715328384293,0.996683764226956,0.08137244082848634,4.9826249599706594e-18,6.102927908113385e-17
104.956,0.5833924152832539,0.0,0.5281282961776563,0.9976451264127492,0.06858718353227394,4.199753738766567e-18,6.10881455373165e-17
104.969,0.5835322568488174,0.0,0.5285584826187996,0.9979159707871377,0.06452685679594632,3.9511304317097646e-18,6.110472997212458e-17
104.979,0.5836378378051628,0.0,0.5288893780560242,0.9981131412552358,0.06140160627871132,3.759764029586492e-18,6.111680318125672e-17
104.99,0.5837519776699565,0.0,0.5292533377569353,0.9983187897614728,0.05796200487550703,3.5491491871476484e-18,6.112939552050236e-17
105.015,0.584003592097926,0.0,0.5300803782422481,0.9987422910975018,0.05013816882688345,3.070077398447621e-18,6.115532749828248e-17
105.031,0.5841589399633407,0.0,0.530609546883684,0.998981276576604,0.045126589161807854,2.7632066486722814e-18,6.116996113838374e-17
105.061,0.5844382460926958,0.0,0.5316013494751005,0.999361762264824,0.03572209572443089,2.1873475093879823e-18,6.119325916739374e-17
105.073,0.5845455934527409,0.0,0.5319978987873163,0.9994892174673562,0.03195784984150301,1.9568539258014204e-18,6.120106354768454e-17
105.093,0.5847189462698906,0.0,0.5326585557900086,0.9996701750518094,0.02568153250654233,1.5725403290667883e-18,6.121214400401364e-17
105.105,0.5848196208180394,0.0,0.5330547776525806,0.9997598501366006,0.021914425724664396,1.3418715659431333e-18,6.121763501929128e-17
105.12,0.5849419428246633,0.0,0.5335498538060804,0.9998519931657384,0.01720441113494949,1.0534663513815487e-18,6.122327715257614e-17
105.133,0.5850447894367609,0.0,0.5339787241488675,0.9999139083787683,0.013121578818734537,8.034649750061479e-19,6.122706836594892e-17
105.158,0.5852343056312275,0.0,0.5348029128193842,0.9999861212500347,0.00526852041002826,3.2260383281918047e-19,6.12314901290316e-17
105.173,0.5853427929750283,0.0,0.5352970386543613,0.9999998453234145,0.0005561952419973807,3.405713614065399e-20,6.12323304861584e-17
105.19,0.5854610087324656,0.0,0.5358566651047513,0.9999885543849518,-0.004784464347674722,-2.929639474507239e-19,6.1231639115576e-17
105.219,0.5856510524000647,0.0,0.5368103002609167,0.9999034742933613,-0.01389395897738679,-8.507596194570682e-19,6.122642946248413e-17
105.23,0.585719304864472,0.0,0.5371716613773727,0.9998495016945125,-0.017348601131935665,-1.062295442295458e-18,6.122312459396304e-17
105.253,0.5858552008752722,0.0,0.5379265400512256,0.9996981104451614,-0.024570062522790974,-1.5044824211693154e-18,6.121385455351621e-17
105.271,0.5859551233033667,0.0,0.5385166200914331,0.9995432912519429,-0.03021934667119137,-1.850401308659937e-18,6.120437461204512e-17
105.294,0.5860745840595601,0.0,0.5392696623010507,0.9992990973367818,-0.03743412963985033,-2.2921793521154882e-18,6.118942204721645e-17
105.303,0.5861188197411498,0.0,0.5395640265204694,0.9991894000222583,-0.040255967050358527,-2.4649670597401443e-18,6.118270502396114e-17
105.325,0.5862210082331303,0.0,0.5402828250396805,0.9988878143252952,-0.04715012611260671,-2.887112551159892e-18,6.116423822603842e-17
105.339,0.586281645570356,0.0,0.5407396587189011,0.9986712249172679,-0.051534304324826016,-3.1555660418841892e-18,6.115097594977492e-17
105.356,0.5863506850872104,0.0,0.5412937467605681,0.9983824791089835,-0.05685442294316354,-3.481329353735754e-18,6.113329536828079e-17
105.385,0.5864568381683666,0.0,0.5422372580988722,0.9978249164768836,-0.06591992155562838,-4.036431046657246e-18,6.109915450364453e-17
105.398,0.586499669148904,0.0,0.5426594839268009,0.9975484476847775,-0.06997924350613399,-4.28499282832701e-18,6.108222567257868e-17
105.408,0.5865306136251554,0.0,0.5429839544320303,0.997324635614867,-0.07309973458004441,-4.476067798598624e-18,6.106852113582735e-17
105.423,0.5865737662533903,0.0,0.5434701263098631,0.996970787584725,-0.07777691625857351,-4.762462577180689e-18,6.104685419295246e-17
105.447,0.5866346660172691,0.0,0.5442466223268476,0.9963595132065951,-0.08525092634521293,-5.2201137036505895e-18,6.100942443242359e-17
105.464,0.5866717411182977,0.0,0.5447955739903811,0.995893052320397,-0.09053744164688456,-5.543819405792372e-18,6.098086194086309e-17
105.477,0.5866967021561912,0.0,0.5452147426123057,0.9955176866057122,-0.09457555527307783,-5.791082552137917e-18,6.095787741981316e-17
105.499,0.5867322531183133,0.0,0.5459228444397932,0.9948457525124418,-0.10139984569984986,-6.208949823517832e-18,6.091673332298509e-17
105.51,0.5867468758535774,0.0,0.5462762843015521,0.994492546557455,-0.1048073224620697,-6.417597599018907e-18,6.089510569587436e-17
105.526,0.5867643952843135,0.0,0.5467896301199818,0.9939583596425207,-0.10975782111881427,-6.720728215727183e-18,6.086239618109833e-17
105.542,0.5867774725294783,0.0,0.5473020666423278,0.9934000464330083,-0.11470112356423082,-7.023418191577017e-18,6.082820935685078e-17
105.559,0.5867865027881152,0.0,0.5478455064954999,0.9927805209144546,-0.11994514284798785,-7.344521763103018e-18,6.079027435968643e-17
105.586,0.5867905524327975,0.0,0.5487063769248661,0.9917411570468936,-0.12825551613591027,-7.85338536544171e-18,6.072663167800854e-17
105.598,0.5867883009226956,0.0,0.5490880773348922,0.9912575117533254,-0.1319414468338355,-8.079083526996366e-18,6.0697016944974e-17
105.615,0.5867808471865273,0.0,0.5496278347334382,0.9905496175010998,-0.13715485871242344,-8.398312935483842e-18,6.065367092346784e-17
105.625,0.5867741288052879,0.0,0.5499447891879179,0.9901208140900107,-0.14021688024533396,-8.585807678943799e-18,6.062741428722516e-17
105.649,0.5867509574513183,0.0,0.5507037764124582,0.989054444027023,-0.1475510310041798,-9.034894891508033e-18,6.056211795300794e-17
105.666,0.5867285303757428,0.0,0.55123990187746,0.9882674811651434,-0.15273305363117345,-9.35220226267088e-18,6.051393037551551e-17
105.671,0.5867209858579587,0.0,0.5513973455717049,0.9880310599604001,-0.15425506329948543,-9.44539847609936e-18,6.049945375193353e-17
105.704,0.5866603928410781,0.0,0.5524336663647238,0.9864145187709974,-0.16427536990608665,-1.0058965296711823e-17,6.040046915226894e-17
105.715,0.5866360312261473,0.0,0.5527779994614447,0.9858541372606976,-0.16760554897128474,-1.0262879953350942e-17,6.036615568112443e-17
105.726,0.586609590065301,0.0,0.5531217657842603,0.9852830702290477,-0.17093060439845614,-1.0466480877644591e-17,6.0331187910504e-17
105.752,0.586538834965175,0.0,0.5539320056552114,0.9838910915022794,-0.1787689012732735,-1.094643813657018e-17,6.02459537958931e-17
105.769,0.5864863049170729,0.0,0.5544599921726683,0.9829491543502084,-0.1838775678602754,-1.1259253745754325e-17,6.018827677997902e-17
105.779,0.5864530930200804,0.0,0.5547698988098138,0.9823834247712132,-0.1868764477797618,-1.144288218047564e-17,6.015363583407405e-17
105.798,0.586385277871487,0.0,0.5553573217080011,0.9812849401813275,-0.1925613309398556,-1.1790980878752418e-17,6.008637305222824e-17
105.825,0.5862783018108718,0.0,0.5561888572194529,0.9796712331995224,-0.200609757592513,-1.2283804875669874e-17,5.998756199772677e-17
105.842,0.5862045690340606,0.0,0.5567104291816674,0.9786237957356252,-0.2056586162065603,-1.2592958302721904e-17,5.992342495085333e-17
105.862,0.5861115265220398,0.0,0.5573220308002158,0.9773608043756875,-0.21157943678464858,-1.2955504001185983e-17,5.984608903453841e-17
105.88,0.5860219760271819,0.0,0.5578705754295531,0.9761960112736956,-0.21689017398980254,-1.328069286715621e-17,5.977476602733724e-17
105.909,0.5858661414477255,0.0,0.5587504732192359,0.9742641185538335,-0.22540946585829474,-1.3802349043043762e-17,5.965647171555349e-17
105.911,0.5858548692444796,0.0,0.558810976906445,0.9741283941952373,-0.2259952911514048,-1.3838220496547101e-17,5.964816099548743e-17
105.917,0.5858206466644948,0.0,0.5589923477308413,0.9737193074959742,-0.22775142197044632,-1.3945752495868262e-17,5.962311165964612e-17
105.953,0.5856025413972841,0.0,0.5600760909604422,0.9712050590166691,-0.23824511189199327,-1.4588305684551628e-17,5.9469158342024e-17
105.971,0.5854852960132393,0.0,0.560615025276018,0.9699100289975603,-0.24346362284734,-1.4907847321440666e-17,5.938986062363893e-17
105.989,0.5853626022939421,0.0,0.5611519565609826,0.9685901292568968,-0.2486627465184683,-1.522620182955159e-17,5.930904007400899e-17
106.016,0.5851683690204645,0.0,0.5619535245223314,0.9665643228558118,-0.2564242768972665,-1.57014584962956e-17,5.918499520776995e-17
106.035,0.5850243715527206,0.0,0.5625147831444175,0.9651061989386147,-0.26185878784233874,-1.60342263179863e-17,5.909571086837217e-17
106.042,0.5849697996791379,0.0,0.562720968781507,0.9645623039220528,-0.2638551910662012,-1.615647075888183e-17,5.906240690381692e-17
106.061,0.5848175570112003,0.0,0.5632789825196263,0.9630680610076765,-0.26925807298373483,-1.6487301861205765e-17,5.897091091370494e-17
106.072,0.5847266689661625,0.0,0.5636009406781342,0.9621910923916598,-0.2723752957265848,-1.6678176703918792e-17,5.891721207327707e-17
106.09,0.5845736053216024,0.0,0.5641260137894512,0.960737497714489,-0.2774589347728816,-1.6989459818222185e-17,5.882820506984433e-17
106.122,0.5842882298122755,0.0,0.5650539675339958,0.9580973970309664,-0.2864426256730772,-1.7539552233494872e-17,5.866654552726919e-17
106.132,0.5841955774097477,0.0,0.5653424831612349,0.9572579298211044,-0.28923564060228396,-1.7710575073146065e-17,5.861514298569185e-17
106.154,0.5839859375957411,0.0,0.5659747115325688,0.9553873524724137,-0.29535572913988295,-1.8085322415049516e-17,5.850060315756027e-17
106.171,0.5838184886160238,0.0,0.5664608612966864,0.9539198674661051,-0.30006147112458204,-1.8373466008008266e-17,5.841074561677165e-17
106.183,0.583697432912117,0.0,0.5668027546817489,0.9528726085979141,-0.3033707167539515,-1.8576098861388252e-17,5.834661950573121e-17
106.199,0.5835323557188152,0.0,0.5672569574206887,0.9514618119149579,-0.3077668280817561,-1.884528304470282e-17,5.826023312362972e-17
106.21,0.5834164368674585,0.0,0.5675681138520144,0.9504824290594015,-0.310778300480165,-1.902968254637442e-17,5.820026321966986e-17
106.234,0.5831566719092125,0.0,0.5682438275415931,0.9483192877659508,-0.3173177090095664,-1.9430105832566836e-17,5.806780901661346e-17
106.257,0.582898938777877,0.0,0.5688872455000842,0.9462130901345281,-0.3235441052747946,-1.9811362645388575e-17,5.793884160722879e-17
106.272,0.5827262305247799,0.0,0.5693046500813436,0.9448223632001609,-0.3275831222710708,-2.0058681107198143e-17,5.785368414279576e-17
106.289,0.5825260962632068,0.0,0.5697755665964882,0.9432301920455767,-0.33213973687841775,-2.033769328188992e-17,5.775619177738794e-17
106.306,0.582321300796254,0.0,0.5702441815208857,0.9416213166575057,-0.3366738718941306,-2.0615328978584656e-17,5.765767657267654e-17
106.316,0.5821986605668372,0.0,0.5705187514724761,0.9406672476565032,-0.33933041299939315,-2.0777995206652812e-17,5.759925669526437e-17
106.339,0.5819104978943116,0.0,0.5711471756007673,0.9384517459368331,-0.34541036543235015,-2.115028492095226e-17,5.746359634078939e-17
106.356,0.5816920668017871,0.0,0.5716088669822261,0.9367956409408635,-0.3498770171277284,-2.142378845603481e-17,5.736218915667108e-17
106.379,0.5813892065621842,0.0,0.5722296735627015,0.9345305743829956,-0.3558828536799551,-2.1791539881529142e-17,5.722349383117365e-17
106.39,0.5812413868603966,0.0,0.5725250051754452,0.9334375586613879,-0.35873991146827827,-2.1966484215301594e-17,5.715656592092942e-17
106.4,0.5811053399559303,0.0,0.572792595402765,0.9324385548768422,-0.36132857813794106,-2.212499433285469e-17,5.709539458157543e-17
106.416,0.580884373092932,0.0,0.5732189570455573,0.9308297227541151,-0.3654531806367228,-2.2377553395249102e-17,5.699688202610226e-17
106.45,0.5804014146443783,0.0,0.5741176005158142,0.9273695374475751,-0.37414668382102567,-2.2909876937650793e-17,5.678500678309671e-17
106.46,0.5802559114773823,0.0,0.5743799754288106,0.9263414261198774,-0.37668496419978287,-2.3065301784709973e-17,5.672205312076511e-17
106.472,0.5800792409364789,0.0,0.5746936532169812,0.9251016213839224,-0.379719620394888,-2.325112088450238e-17,5.664613697569236e-17
106.482,0.5799302966742055,0.0,0.5749540684934421,0.924063475167805,-0.38223905329099933,-2.3405391656096844e-17,5.65825688536616e-17
106.505,0.5795818119963433,0.0,0.5755496030829944,0.9216589809078053,-0.38800093158649224,-2.3758204946679446e-17,5.643533604370776e-17
106.531,0.5791779858664923,0.0,0.5762170097599384,0.9189136310311377,-0.3944587921509294,-2.4153634860158338e-17,5.626723184675774e-17
106.544,0.5789721543030559,0.0,0.5765483754125048,0.9175305008705079,-0.39766541208950373,-2.4349983702351196e-17,5.618253955055676e-17
106.569,0.5785690136505599,0.0,0.5771811848468495,0.9148517833221224,-0.40378981481995374,-2.4724995212377942e-17,5.601851540698425e-17
106.586,0.578289404150554,0.0,0.5776081307539637,0.9130165665150974,-0.40792247948474547,-2.497804794006227e-17,5.590614078756103e-17
106.602,0.5780222107428714,0.0,0.5780074482701377,0.911279556598298,-0.4117882583634574,-2.521475862656357e-17,5.579977960582624e-17
106.612,0.5778532356887253,0.0,0.5782557743939213,0.9101892634809499,-0.4141925936614585,-2.5361981702902273e-17,5.57330184070116e-17
106.632,0.5775107333430954,0.0,0.5787495250847174,0.9079982602519517,-0.4189739363963215,-2.5654754506696096e-17,5.55988581524459e-17
106.648,0.5772323759550174,0.0,0.579141718048491,0.9062357860503728,-0.42277263402645027,-2.5887357651379386e-17,5.549093773296873e-17
106.672,0.5768076128757014,0.0,0.5797252803914293,0.9035766723890145,-0.42842641972034773,-2.6233552179034217e-17,5.5328113981271163e-17
106.682,0.5766280783069538,0.0,0.5799667431538219,0.9024634656536307,-0.4307664020794079,-2.6376834774338434e-17,5.5259949728007305e-17
106.709,0.5761358774842902,0.0,0.5806136822333197,0.8994431665922396,-0.43703774444608867,-2.6760843742124073e-17,5.5075009749107286e-17
106.73,0.5757455638418918,0.0,0.5811117538754438,0.8970800070293246,-0.44186814887279097,-2.705662070811148e-17,5.493030795937737e-17
106.748,0.5754058196737967,0.0,0.5815350808491178,0.8950452489205539,-0.44597533831451214,-2.7308113528276262e-17,5.480571495913012e-17
106.767,0.5750420280464872,0.0,0.5819782964574689,0.892888757867325,-0.4502773212967154,-2.757153401273334e-17,5.467366796584378e-17
106.786,0.5746729481324006,0.0,0.5824177520778631,0.8907238528469176,-0.4545448470388182,-2.78328445997506e-17,5.4541105765658786e-17
106.787,0.5746533768565881,0.0,0.5824407765448163,0.8906096872890603,-0.4547684959480837,-2.784653914579384e-17,5.453411514140864e-17
106.825,0.5738989011860991,0.0,0.5833078743218445,0.8862559488673765,-0.4631958474524423,-2.8362565598048956e-17,5.4267525550286645e-17
106.835,0.5736968821643222,0.0,0.583533502763372,0.8851055239522945,-0.4653903860944426,-2.84969423342255e-17,5.419708234079092e-17
106.854,0.5733090826132168,0.0,0.583959234770886,0.882914786025085,-0.4695332582664176,-2.875062009145979e-17,5.406293833127453e-17
106.877,0.5728327242761013,0.0,0.5844693625968225,0.8802548353702189,-0.4745012379407971,-2.9054821111782694e-17,5.390006332850595e-17
106.898,0.5723912095526873,0.0,0.5849300820671461,0.8778192694108286,-0.4789919939320898,-2.932980060930711e-17,5.3750927925691966e-17
106.91,0.5721361102303713,0.0,0.5851911693033027,0.8764248361865051,-0.48153868641621894,-2.948574054926218e-17,5.366554351645234e-17
106.927,0.5717712432612789,0.0,0.585558308842522,0.87444636508373,-0.4851222058325635,-2.9705167828407615e-17,5.354439710129139e-17
106.94,0.5714894881209684,0.0,0.5858368873719814,0.8729312329516847,-0.48784327661396704,-2.987178535954258e-17,5.3451622015501664e-17
106.969,0.5708524502647538,0.0,0.5864514843090647,0.86954541784777,-0.4938529804506066,-3.0239773587910787e-17,5.324430063402596e-17
106.97,0.5708302747679849,0.0,0.5864725076851702,0.8694285365714755,-0.49405872099901504,-3.025237156311395e-17,5.323714371998125e-17
106.974,0.5707414341217654,0.0,0.5865564876021866,0.8689609340915883,-0.4948806876638797,-3.0302702505370566e-17,5.320851132596789e-17
107.013,0.5698636612850839,0.0,0.5873657129402639,0.8643962592722767,-0.5028112040876724,-3.078830658306973e-17,5.2929005605636964e-17
107.029,0.5694975100675111,0.0,0.5876926381947728,0.8625213182681166,-0.5060207263868056,-3.0984833143591004e-17,5.281419858067023e-17
107.053,0.5689417472499118,0.0,0.5881774457487994,0.8597074086325249,-0.5107868161399124,-3.1276671971620566e-17,5.2641896309254363e-17
107.059,0.5688015868167868,0.0,0.5882975953422049,0.8590037550001656,-0.5119692851095812,-3.134907731356036e-17,5.25988099508255e-17
107.081,0.5682835135431396,0.0,0.5887345196764182,0.8564234928146113,-0.516273959206952,-3.1612662581296244e-17,5.2440814459500496e-17
107.103,0.5677589504742023,0.0,0.5891657144119182,0.8538435275292503,-0.5205297594724112,-3.1873255189941504e-17,5.228283714806907e-17
107.116,0.5674459494169083,0.0,0.589417799806652,0.8523194680172086,-0.5230215334370685,-3.2025832340442317e-17,5.218951541791247e-17
107.137,0.5669356032332354,0.0,0.5898207316657104,0.8498587571015083,-0.5270105245418535,-3.227008759985742e-17,5.20388403305855e-17
107.155,0.5664935405174192,0.0,0.5901618654025617,0.8477512430856203,-0.5303940326274283,-3.247726771720185e-17,5.1909792315899736e-17
107.167,0.5661964746154866,0.0,0.5903871026804409,0.8463473172799515,-0.5326314096380621,-3.261426754692977e-17,5.18238266536921e-17
107.183,0.5657974682231164,0.0,0.5906846855413341,0.844477020646016,-0.5355917863455603,-3.2795538339885175e-17,5.170930401438184e-17
107.2,0.5653698879585067,0.0,0.5909974271527711,0.8424921523246822,-0.5387086162957898,-3.2986389130986936e-17,5.158776588255932e-17
107.216,0.5649640566639954,0.0,0.5912885168905698,0.8406265457554801,-0.5416151867989021,-3.316436524414356e-17,5.147353042688724e-17
107.236,0.5644521559916662,0.0,0.591647914410838,0.8382984227499793,-0.5452116601971174,-3.338458572591071e-17,5.133097400755185e-17
107.248,0.5641425700182896,0.0,0.591861159506901,0.8369038470648882,-0.5473499344733589,-3.351551726331562e-17,5.1245580875106065e-17
107.278,0.5633606400391711,0.0,0.5923863673382005,0.8334259021170725,-0.5526312203272123,-3.383890275413082e-17,5.10326181677084e-17
107.291,0.563018293598258,0.0,0.5926104302906475,0.8319229347010915,-0.5548911881786586,-3.397728587390329e-17,5.094058795594821e-17
107.301,0.5627535153571587,0.0,0.5927813272817681,0.8307686576715636,-0.5566178558316185,-3.4083013774622725e-17,5.086990887247118e-17
107.327,0.5620592884847189,0.0,0.5932196920158053,0.8277756252799625,-0.5610592786795056,-3.4354972488338964e-17,5.0686638495565246e-17
107.344,0.5616008688401648,0.0,0.5935016299849066,0.8258254232633986,-0.5639258553141792,-3.4530499683347146e-17,5.056722306270146e-17
107.365,0.5610297112771748,0.0,0.5938447595656208,0.8234243610120773,-0.5674260495358423,-3.474482476584484e-17,5.0420200402669756e-17
107.381,0.5605909528323935,0.0,0.5941023535597577,0.8216013017929332,-0.570062541211188,-3.4906263320404375e-17,5.030857022080071e-17
107.403,0.5599826286257296,0.0,0.5944510948755446,0.8191041031789665,-0.5736448972625668,-3.512561936399074e-17,5.0155660906329236e-17
107.418,0.5595645455940502,0.0,0.5946852366614845,0.8174081240189564,-0.5760589889827347,-3.527343984888832e-17,5.005181213384288e-17
107.435,0.5590874911371781,0.0,0.5949470152583843,0.8154928803963503,-0.5787671051665463,-3.5439264139699524e-17,4.9934537285242283e-17
107.445,0.5588052784497539,0.0,0.5950992179876247,0.8143698054952206,-0.5803462930851514,-3.553596151118812e-17,4.986576878109873e-17
107.461,0.5583512992734369,0.0,0.5953399819805643,0.8125785441908495,-0.5828517045704503,-3.5689373718989036e-17,4.9756085659957e-17
107.484,0.5576934815218559,0.0,0.5956801022590745,0.8100163100288976,-0.5864073477431612,-3.590709407050756e-17,4.9599194066701977e-17
107.506,0.5570585503233678,0.0,0.5959988017239682,0.8075801845157787,-0.5897577855166143,-3.611224921525765e-17,4.9450024401103866e-17
107.518,0.5567098886143101,0.0,0.5961698907868722,0.806257712221694,-0.5915644525181006,-3.6222875663282415e-17,4.936904632800827e-17
107.541,0.5560370505302894,0.0,0.5964923653763183,0.8037359633927015,-0.5949861352579622,-3.643239330403588e-17,4.9214633746424303e-17
107.552,0.555713149771171,0.0,0.5966440524035436,0.8025361356878611,-0.5966035123222081,-3.653142908627303e-17,4.914116548851125e-17
107.567,0.5552692842421343,0.0,0.5968482390592562,0.8009067103197898,-0.5987891459977648,-3.666526055051699e-17,4.904139196043835e-17
107.594,0.5544640308779643,0.0,0.5972080094558361,0.7979938935204408,-0.6026655340270317,-3.6902620860131735e-17,4.886303337194708e-17
107.606,0.5541035639957889,0.0,0.5973646887570088,0.7967078981817513,-0.6043645629707423,-3.7006656378010426e-17,4.8784288868184853e-17
107.632,0.5533171683820747,0.0,0.5976973310080955,0.7939404002435602,-0.6079955927974277,-3.7228992830753366e-17,4.8614828493602224e-17
107.653,0.5526766745123393,0.0,0.597959149981268,0.7917245398500095,-0.6108782636493877,-3.740550551234578e-17,4.847914617668626e-17
107.665,0.552308560591248,0.0,0.5981059987723857,0.7904663747265569,-0.6125054370588514,-3.750514114772365e-17,4.8402105782124506e-17
107.682,0.5517844513448552,0.0,0.5983105831671103,0.7886942422505053,-0.6147856473933832,-3.7644763762102e-17,4.8293593963901426e-17
107.71,0.5509145935959265,0.0,0.5986386879702457,0.785802422092089,-0.6184776094849405,-3.787083124000195e-17,4.8116521048865704e-17
107.722,0.5505393000737426,0.0,0.5987759161223174,0.7845736316001384,-0.6200356575212189,-3.796623416702926e-17,4.804127933172621e-17
107.745,0.5498158442909324,0.0,0.5990332292220085,0.7822366757875848,-0.622981366537386,-3.814660682292269e-17,4.789818205894658e-17
107.766,0.5491505882613757,0.0,0.599261590665582,0.7801243722726376,-0.6256244590696748,-3.8308449563398574e-17,4.776884077202619e-17
107.778,0.5487684435242842,0.0,0.5993892536459433,0.7789267497642295,-0.6271149165039319,-3.8399713759704993e-17,4.769550754345075e-17
107.794,0.5482566761423985,0.0,0.5995562596854054,0.7773407787254188,-0.6290797355904572,-3.852002422996583e-17,4.7598394825639755e-17
107.809,0.5477745862139234,0.0,0.5997094853023784,0.7758653962957367,-0.6308984758507976,-3.863138995188115e-17,4.7508053707138333e-17
107.831,0.5470635199384958,0.0,0.5999283448904944,0.7737219879225083,-0.6335252839510368,-3.8792235558477765e-17,4.7376807796961345e-17
107.857,0.5462171064029244,0.0,0.6001779594197286,0.7712210244896384,-0.636567460199744,-3.897851512874883e-17,4.722366795381891e-17
107.869,0.5458242639625623,0.0,0.6002898515548001,0.7700787397023935,-0.6379488495627007,-3.906310083183489e-17,4.7153723183398197e-17
107.886,0.5452653944196431,0.0,0.6004447698741001,0.7684737344606901,-0.639881332314079,-3.9181431272629033e-17,4.705544495680486e-17
107.896,0.5449353743212948,0.0,0.600533924534022,0.7675369567448497,-0.6410046957946991,-3.9250217447170054e-17,4.699808386524403e-17
107.919,0.544172783913652,0.0,0.600733415414949,0.7654033541986202,-0.643550856872634,-3.9406124847880387e-17,4.6867438388799404e-17
107.941,0.5434387775183599,0.0,0.600916951184162,0.7633903778222907,-0.6459374048995307,-3.9552258767987905e-17,4.674417913499785e-17
107.953,0.5430365478951983,0.0,0.6010140509816623,0.762304078467472,-0.6472190448000263,-3.963073657807798e-17,4.6677662483608114e-17
107.965,0.54263301600861,0.0,0.6011090201835777,0.7612261449962707,-0.648486511944633,-3.970834655716133e-17,4.6611658094848095e-17
107.994,0.5416524970097095,0.0,0.6013297075121311,0.7586562200148464,-0.6514911663505384,-3.989232857719813e-17,4.645429557472059e-17
108.005,0.541278630075976,0.0,0.6014101428898537,0.7576945974609905,-0.6526092988752363,-3.996079444806783e-17,4.639541317559222e-17
108.015,0.5409378322700341,0.0,0.6014816994402474,0.7568267721685924,-0.6536155115424278,-4.0022407204174707e-17,4.634227420226449e-17
108.031,0.5403907503891535,0.0,0.6015930807839738,0.7554510118914296,-0.6552051347724734,-4.011974355420099e-17,4.625803318127342e-17
108.043,0.5399789929675513,0.0,0.6016741007037201,0.7544296027801985,-0.6563809674639507,-4.019174254129851e-17,4.6195489911338964e-17
108.083,0.5385976522900766,0.0,0.6019285385381009,0.7510904974191464,-0.6601992613496771,-4.0425545610566445e-17,4.599102867671755e-17
108.093,0.5382502277282921,0.0,0.601988379799027,0.7502717344656333,-0.6611295822015001,-4.04825113332347e-17,4.594089390520354e-17
108.105,0.5378322308575633,0.0,0.6020581938401248,0.7492978018687826,-0.6622331946637912,-4.05500881067069e-17,4.588125773333761e-17
108.122,0.5372380566249335,0.0,0.6021533639342811,0.7479342396022708,-0.6637728325493392,-4.0644363737126015e-17,4.5797763625081523e-17
108.132,0.5368874506912051,0.0,0.6022072981897582,0.7471410829070205,-0.6646654814510263,-4.069902271813669e-17,4.5749196784678496e-17
108.161,0.5358661822630619,0.0,0.6023551065850427,0.7448788450684716,-0.6671997498271862,-4.085420190088892e-17,4.561067466828405e-17
108.177,0.5352998906578839,0.0,0.6024311675070291,0.7436551424923536,-0.668563406899209,-4.093770181430829e-17,4.5535744496136487e-17
108.184,0.5350515127584875,0.0,0.6024632141373966,0.7431252956820001,-0.6691522957575052,-4.097376085707659e-17,4.55033007361196e-17
108.206,0.5342684467431634,0.0,0.6025590487334062,0.7414821531349173,-0.6709725900380783,-4.108522173528709e-17,4.54026872730782e-17
108.218,0.5338397696925449,0.0,0.6026081940067554,0.7406001373263081,-0.671946007200172,-4.1144826345876745e-17,4.5348679381237674e-17
108.245,0.5328713090932546,0.0,0.6027106778773478,0.7386528048393362,-0.6740860730670688,-4.127586758656973e-17,4.522943965638538e-17
108.258,0.5324030957367984,0.0,0.6027560173622318,0.7377337544752292,-0.6750917770998861,-4.13374491978037e-17,4.5173164052052437e-17
108.276,0.5317527748493999,0.0,0.602814488446859,0.7364813472847077,-0.676457851681612,-4.1421097140999056e-17,4.5096476229197376e-17
108.306,0.5306637672866729,0.0,0.6029008015025763,0.7344465018451707,-0.6786665867179492,-4.1556343155619805e-17,4.497187788148295e-17
108.318,0.5302263957076749,0.0,0.6029314198545055,0.7336511296783952,-0.6795263202567025,-4.1608986651937497e-17,4.492317538257432e-17
108.33,0.5297880291209497,0.0,0.6029598015507437,0.7328664628458387,-0.6803725065255275,-4.166080061721745e-17,4.487512839632995e-17
108.353,0.528945083355601,0.0,0.6030079382191885,0.7313926695757835,-0.6819565696514762,-4.175779650905947e-17,4.4784884585791053e-17
108.377,0.5280617110566533,0.0,0.6030493770028098,0.729897441178053,-0.6835566731162315,-4.1855774588380324e-17,4.4693328252227305e-17
108.39,0.5275816364301853,0.0,0.6030680673906382,0.729105876154685,-0.6844009215048655,-4.190746989272163e-17,4.4644858873618075e-17
108.41,0.5268409284363904,0.0,0.603091659687693,0.7279134747024004,-0.6856689969268538,-4.198511711805239e-17,4.4571845342526126e-17
108.42,0.5264696186095748,0.0,0.6031011064419365,0.7273288862226406,-0.6862890726699159,-4.202308580675089e-17,4.453604962199831e-17
108.45,0.5253519390952748,0.0,0.6031200331237687,0.7256219557355683,-0.6880935818291645,-4.2133580125046184e-17,4.443153027413031e-17
108.46,0.5249781496475604,0.0,0.6031231998564621,0.7250686951167136,-0.688676547707083,-4.216927648986643e-17,4.439765283183157e-17
108.484,0.5240785999621258,0.0,0.6031243791750851,0.7237731963781656,-0.6900379411340606,-4.225263779500285e-17,4.4318326412658463e-17
108.494,0.5237027800003281,0.0,0.6031221922200165,0.7232469487101665,-0.690589495417816,-4.228641075441071e-17,4.4286103036549766e-17
108.522,0.5226473986666306,0.0,0.6031076744415169,0.7218161555526615,-0.6920848485432809,-4.2377974725345484e-17,4.419849222352075e-17
108.545,0.5217771504022439,0.0,0.6030864817527392,0.7206882682630824,-0.6932592732794559,-4.244988750004529e-17,4.412942904557164e-17
108.566,0.5209800230685865,0.0,0.6030598201445954,0.719696100389813,-0.6942892214946853,-4.2512953639298703e-17,4.4068676285060835e-17
108.582,0.5203710890989928,0.0,0.6030348160613567,0.7189644334648345,-0.6950468641844156,-4.2559345874042484e-17,4.402387460717499e-17
108.609,0.5193404544135811,0.0,0.6029834113133803,0.717777651954564,-0.6962723909179459,-4.263438774361686e-17,4.395120519828299e-17
108.627,0.5186512820042262,0.0,0.602942708338148,0.717020084569297,-0.6970525075804822,-4.2682156112303686e-17,4.39048175746077e-17
108.649,0.5178067589016266,0.0,0.6028859629510266,0.7161309204321327,-0.6979659768219554,-4.273808997143817e-17,4.385037197388296e-17
108.66,0.5173836086178758,0.0,0.6028547014416945,0.7157015664731318,-0.6984062340414104,-4.276504795116853e-17,4.3824081626303373e-17
108.677,0.5167285085351758,0.0,0.6028025971612178,0.7150580723695779,-0.6990650564426057,-4.280538918841005e-17,4.3784678976594e-17
108.687,0.5163425193134763,0.0,0.6027697959985203,0.7146909561592527,-0.6994403742880254,-4.282837077831285e-17,4.3762199591999506e-17
108.711,0.5154142658866927,0.0,0.6026845660141942,0.7138444976334444,-0.700304243310331,-4.288126749996531e-17,4.37103689557874e-17
108.728,0.5147551850517816,0.0,0.6026186328534541,0.7132746072448736,-0.7008846800006913,-4.2916808996713177e-17,4.3675473233775997e-17
108.738,0.5143668974860087,0.0,0.6025776927526129,0.7129509186428729,-0.7012139385424991,-4.293697026767902e-17,4.365565302325796e-17
108.762,0.5134332589895391,0.0,0.6024729172096666,0.7122090665679144,-0.7019674105672286,-4.298310712284562e-17,4.361022768480603e-17
108.779,0.5127704757284431,0.0,0.6023931297033664,0.7117135829275916,-0.7024697686565381,-4.301386768415055e-17,4.357988806209847e-17
108.801,0.5119110208128513,0.0,0.6022830127936922,0.7111094344002573,-0.70308134117394,-4.305131570044469e-17,4.3542894634087994e-17
108.807,0.5116762921873949,0.0,0.6022516366961419,0.7109519430741226,-0.7032405951302367,-4.306106719283621e-17,4.3533251071665773e-17
108.834,0.5106183051979993,0.0,0.6021033122031282,0.7102819385632949,-0.7039173017839295,-4.310250352470654e-17,4.349222512768581e-17
108.845,0.5101864915220762,0.0,0.602039536835574,0.7100271732106862,-0.7041742776489653,-4.311823875823525e-17,4.347662524900551e-17
108.881,0.5087702503549076,0.0,0.6018172643026443,0.709267322670488,-0.7049396179757794,-4.3165102337309815e-17,4.34300978224113e-17
108.893,0.5082971735087838,0.0,0.6017385584305663,0.7090392701430639,-0.7051689963370421,-4.317914771110551e-17,4.3416133632523935e-17
108.909,0.5076656597395796,0.0,0.6016300270264318,0.7087548742468737,-0.7054548378396015,-4.3196650455164155e-17,4.3398719406325934e-17
108.926,0.5069937706713913,0.0,0.6015102161288746,0.7084773802074118,-0.7057335203420924,-4.3213714836896845e-17,4.338172779696546e-17
108.942,0.5063605795351267,0.0,0.6013932208290778,0.7082394722574232,-0.705972272781677,-4.322833420744314e-17,4.33671601364932e-17
108.958,0.5057266150868338,0.0,0.6012721215472251,0.7080241557753462,-0.7061882148822708,-4.324155684755781e-17,4.335397580446423e-17
108.98,0.5048536992727944,0.0,0.6010989091172259,0.7077650371547601,-0.7064479118670541,-4.325745870161597e-17,4.333810936499923e-17
108.987,0.5045756680887825,0.0,0.6010421690174789,0.7076915703789236,-0.7065215079632134,-4.326196516279553e-17,4.3333610822405634e-17
109.014,0.5035020268704697,0.0,0.6008159573977344,0.707448855674331,-0.7067645411345136,-4.3276846652561493e-17,4.3318748833101367e-17
109.024,0.5031039014474898,0.0,0.6007292104842739,0.7073753612153426,-0.7068380991043589,-4.328135077917764e-17,4.331424859540361e-17
109.049,0.5021075092817916,0.0,0.6005053334627309,0.7072304444726327,-0.706983096269665,-4.329022929489652e-17,4.330537500414848e-17
109.073,0.5011495970824953,0.0,0.6002809932313921,0.7071435317546227,-0.7070700287083301,-4.329555237153418e-17,4.3300053135052675e-17
109.084,0.5007101282288476,0.0,0.6001750883601205,0.7071207965829887,-0.707092765512305,-4.329694459924472e-17,4.329866100729419e-17
109.101,0.5000304490867715,0.0,0.6000076077807424,0.7071068069325593,-0.7071067554405348,-4.329780123528606e-17,4.3297804388263214e-17
109.118,0.4993501905372718,0.0,0.599835503131397,0.7071184968094117,-0.707095065369571,-4.329708542488668e-17,4.32985201867767e-17
109.135,0.498669384026257,0.0,0.5996587764746107,0.7071558643993816,-0.7070576945664077,-4.3294797123162904e-17,4.330080829174912e-17
109.152,0.49798806100493054,0.0,0.5994774300866966,0.7072189039031559,-0.7069946406883285,-4.329093618666473e-17,4.3304668348074974e-17
109.164,0.4975068332105168,0.0,0.599346640785576,0.707278853668596,-0.7069346668209424,-4.328726384642839e-17,4.3308339212492766e-17
109.188,0.49654369681313415,0.0,0.5990781640860091,0.7074370939129029,-0.7067763140881751,-4.32775675380624e-17,4.33180286329271e-17
109.212,0.49557972643438314,0.0,0.5988004968082643,0.7076464126589013,-0.7065667375775541,-4.326473467791697e-17,4.333084570954152e-17
109.224,0.49509745616261247,0.0,0.5986582194832589,0.7077702068434464,-0.7064427325019241,-4.3257141556969564e-17,4.3338425917134334e-17
109.234,0.494695429887473,0.0,0.5985379024778232,0.7078831041738611,-0.70632960494742,-4.3250214492093624e-17,4.334533888485057e-17
109.266,0.4934082022887665,0.0,0.5981421903932505,0.7083037744604804,-0.7059077581986452,-4.322438382856273e-17,4.337109751085081e-17
109.283,0.4927239542274776,0.0,0.597925344441594,0.7085640118646547,-0.7056465411877717,-4.320838889975028e-17,4.338703245605283e-17
109.295,0.49224080761964045,0.0,0.5977695123931686,0.7087630361403507,-0.705446637670853,-4.319614833964364e-17,4.339921917816202e-17
109.318,0.4913144789482423,0.0,0.5974644459858571,0.7091798919250718,-0.7050275745594234,-4.3170488124740994e-17,4.3424744233285256e-17
109.331,0.49079075275832007,0.0,0.597288306654031,0.7094360455518927,-0.7047698186441392,-4.3154705126910284e-17,4.344042911924406e-17
109.362,0.4895415299887695,0.0,0.5968574825884833,0.710106573284275,-0.7040942085960263,-4.3113335942765625e-17,4.3481487101304136e-17
109.376,0.48897724801179454,0.0,0.5966579350866785,0.7104368951707576,-0.7037609096704178,-4.3092927269645335e-17,4.35017134833526e-17
109.396,0.48817105181080467,0.0,0.5963674979727358,0.7109383764788195,-0.7032543102247297,-4.306190700016475e-17,4.3532420357290114e-17
109.401,0.4879694934070213,0.0,0.5962939026087634,0.7110691757694834,-0.7031220571639804,-4.305380883578854e-17,4.354042950392222e-17
109.407,0.48772762055920776,0.0,0.5962050679104229,0.7112289966515789,-0.7029603931388939,-4.3043909769245573e-17,4.3550215710506986e-17
109.447,0.4861151575811781,0.0,0.5955983509893302,0.7123740194202276,-0.7018000117234746,-4.2972856899936407e-17,4.3620328133935807e-17
109.466,0.48534932885123516,0.0,0.5953013502882811,0.7129661805907707,-0.7011984208009946,-4.2936020080055845e-17,4.365658754804005e-17
109.484,0.4846239154762877,0.0,0.5950147580026602,0.7135557144488,-0.7005984887062365,-4.2899284834078286e-17,4.369268608565128e-17
109.503,0.4838583576910889,0.0,0.5947067394083858,0.714208008378925,-0.6999335116762231,-4.2858566734512656e-17,4.3732627569332824e-17
109.522,0.48309300327311794,0.0,0.5943930769500823,0.7148909960602993,-0.6992359142320375,-4.2815851210656893e-17,4.377444850322543e-17
109.54,0.48236815771116964,0.0,0.594090725910169,0.7155662289469807,-0.6985448961882101,-4.2773538558880586e-17,4.38157945928931e-17
109.558,0.48164357071846736,0.0,0.593783327059858,0.716268770887975,-0.6978245107837855,-4.2729427674896525e-17,4.385881287985838e-17
109.569,0.48120091067390147,0.0,0.5935929910811377,0.716711493078886,-0.6973697983771837,-4.270158457023265e-17,4.3885921795558906e-17
109.593,0.4802355307512087,0.0,0.5931711909144867,0.7177125310235722,-0.6963395169109232,-4.263849802523882e-17,4.394721769129816e-17
109.61,0.47955210981417373,0.0,0.5928670141586088,0.7184505854580368,-0.6955780015605757,-4.2591868658423586e-17,4.399241049133633e-17
109.633,0.47862805800295327,0.0,0.5924483674192607,0.7194871572753136,-0.6945057454880327,-4.252621191006828e-17,4.405588220924206e-17
109.645,0.4781462301536284,0.0,0.5922267018196852,0.7200452484502243,-0.6939271144610611,-4.2490780978314877e-17,4.4090055437791395e-17
109.655,0.47774486721859305,0.0,0.5920402856027187,0.7205193295165789,-0.6934348533157094,-4.2460638676514895e-17,4.4119084530813773e-17
109.667,0.47726343343439553,0.0,0.5918145549592105,0.7210989941245833,-0.6928320436242208,-4.242372722855607e-17,4.4154578751152355e-17
109.702,0.47586060677755565,0.0,0.591143546131975,0.7228563569003927,-0.6909983265455077,-4.231144444100668e-17,4.426218618606914e-17
109.712,0.4754601967082557,0.0,0.5909483829282193,0.7233765822030036,-0.6904537061384356,-4.227809605909312e-17,4.429404079865303e-17
109.729,0.4747799347985028,0.0,0.5906130992656244,0.7242793148658214,-0.6895066889142529,-4.222010797847648e-17,4.434931723195331e-17
109.746,0.4741002474344784,0.0,0.5902734087142001,0.7252050305035396,-0.6885329794079295,-4.216048546696556e-17,4.440600096658592e-17
109.758,0.47362083070216404,0.0,0.5900309792117735,0.725872234579799,-0.6878295566971001,-4.211741324840233e-17,4.444685543340438e-17
109.774,0.4729820961219416,0.0,0.5897043378979357,0.7267794483078793,-0.6868709001823374,-4.2058712466788035e-17,4.4502406252816184e-17
109.797,0.4720649391863711,0.0,0.5892279953485512,0.7281185846889646,-0.6854511847174377,-4.1971779966798565e-17,4.4584404706952075e-17
109.813,0.47142766489352617,0.0,0.5888919113567137,0.7290743333884263,-0.6844345230876521,-4.190952739626192e-17,4.4642927436231325e-17
109.819,0.4711888513933394,0.0,0.5887648845411957,0.7294378207086949,-0.6840471224409543,-4.1885805948163617e-17,4.466518461539621e-17
109.848,0.47003590341918816,0.0,0.5881432872484088,0.7312334597130614,-0.6821272809352127,-4.176824956041978e-17,4.477513579335228e-17
109.864,0.46940076646376977,0.0,0.5877949352779785,0.7322514579562789,-0.6810343620705962,-4.170132758095576e-17,4.483747020785698e-17
109.883,0.46864748311514165,0.0,0.5873762944572676,0.7334852964925472,-0.6797053183764565,-4.161994712565801e-17,4.491302102856227e-17
109.908,0.46765794638652397,0.0,0.5868172512917825,0.7351496665060503,-0.6779048368584215,-4.150969942925873e-17,4.501493429904393e-17
109.921,0.4671441461529864,0.0,0.5865228775222278,0.7360333322181004,-0.6769452960645486,-4.145094450116534e-17,4.5069043218332856e-17
109.936,0.4665519676659908,0.0,0.5861801031380967,0.7370682741895376,-0.6758182885830012,-4.1381935195920733e-17,4.513241513696404e-17
109.955,0.46580293322410826,0.0,0.5857411477031591,0.7384025807352451,-0.6743601624974075,-4.129265072374695e-17,4.521411784897815e-17
109.974,0.46505512053514214,0.0,0.5852968720538841,0.7397627670309951,-0.6728677793702457,-4.120126861275794e-17,4.5297405238644866e-17
109.994,0.4642693151098533,0.0,0.5848234851756822,0.7412221981658421,-0.6712597507270915,-4.110280525621914e-17,4.538676962203818e-17
110.012,0.4635633274333506,0.0,0.5843924306348915,0.7425596722434555,-0.6697799139700233,-4.101219138882894e-17,4.5468666289442776e-17
110.029,0.46289767057638076,0.0,0.583980983078673,0.7438434794506817,-0.6683538569341118,-4.09248705796074e-17,4.554727680879537e-17
110.039,0.4625066233369875,0.0,0.5837369909133301,0.7446079389569594,-0.6675020728374325,-4.0872713846229256e-17,4.5594086453167406e-17
110.063,0.46156971011697395,0.0,0.5831454924215247,0.7464703846376239,-0.6654186387973798,-4.074514030481e-17,4.570812836023799e-17
110.092,0.4604407177398388,0.0,0.5824196641899649,0.74877238454379,-0.6628272143964871,-4.0586461324920715e-17,4.584908520107418e-17
110.111,0.45970294472556145,0.0,0.5819375656021292,0.7503106843664445,-0.6610853779396105,-4.0479804602843113e-17,4.594327889877132e-17
110.117,0.4594702862618668,0.0,0.5817842495357789,0.7508013509897256,-0.6605280700712143,-4.044567933798456e-17,4.597332356425379e-17
110.126,0.4591215933691084,0.0,0.5815533106938444,0.7515417143738767,-0.6596855702196117,-4.03940911006572e-17,4.601865774668413e-17
110.143,0.4584639304785205,0.0,0.5811139411663522,0.7529543541255401,-0.6580727471969879,-4.0295334173044834e-17,4.610515698419527e-17
110.16,0.45780757274551026,0.0,0.5806704624491348,0.7543853345938589,-0.6564318448625962,-4.0194857883468516e-17,4.619277926670372e-17
110.198,0.456345288037473,0.0,0.5796643741439548,0.7576491041884017,-0.6526621139016057,-3.996402843571733e-17,4.639262751605928e-17
110.215,0.45569335197133365,0.0,0.5792077029650425,0.7591377865940563,-0.6509299662521899,-3.985796498199195e-17,4.6483783023210876e-17
110.223,0.45538705086342607,0.0,0.5789913981300466,0.7598443502871364,-0.6501050402332839,-3.9807452831562617e-17,4.652704757146709e-17
110.245,0.4545463778121178,0.0,0.5783919536870604,0.761806961452602,-0.6478041011620363,-3.96665609481308e-17,4.6647222845555e-17
110.251,0.45431753050699,0.0,0.5782272995798581,0.7623471464051736,-0.6471683153306322,-3.9627630293962186e-17,4.668029963421073e-17
110.278,0.4532900307302347,0.0,0.5774801811884016,0.7648036864676774,-0.6442633942460573,-3.9449755178562166e-17,4.683071933043685e-17
110.292,0.4527587693356256,0.0,0.5770888231440967,0.7660937725178513,-0.6427288166165936,-3.935578939946388e-17,4.690971431803535e-17
110.307,0.4521907333076497,0.0,0.5766665207855164,0.767488162568578,-0.6410631172646793,-3.9253794730480696e-17,4.699509608365463e-17
110.332,0.451246754188923,0.0,0.5759558396762341,0.7698396018040796,-0.6382374068433596,-3.908076986934137e-17,4.7139080210311956e-17
110.351,0.4505316743243572,0.0,0.5754100284139863,0.7716491983998331,-0.6360483587030902,-3.894672932943335e-17,4.724988604424883e-17
110.368,0.4498936178103355,0.0,0.5749175242449198,0.773284439190072,-0.6340592843784372,-3.8824933654185725e-17,4.7350015664228887e-17
110.383,0.4493320240056089,0.0,0.5744797235714607,0.7747397188482752,-0.6322802923062647,-3.8716001806840996e-17,4.743912584299303e-17
110.401,0.44865986867450225,0.0,0.5739503728965323,0.7765011429924384,-0.6301158424698087,-3.858346747863445e-17,4.7546981964997546e-17
110.429,0.44761817819077054,0.0,0.5731183336001379,0.7792730997251105,-0.6266844788606288,-3.8373357055599814e-17,4.7716715361999637e-17
110.456,0.4466182714142345,0.0,0.572306154009003,0.781981856288659,-0.6233011923904389,-3.816619050828398e-17,4.788257886476059e-17
110.47,0.4461016087770299,0.0,0.5718812382790346,0.7833998436624233,-0.6215180487722707,-3.8057004452063495e-17,4.796940554968618e-17
110.481,0.44569653886102323,0.0,0.5715455710733557,0.7845202763725231,-0.620103165578422,-3.7970367843337786e-17,4.803801226629037e-17
110.499,0.4450353870685214,0.0,0.5709928854898041,0.7863654437812474,-0.6177615954611632,-3.782698802588378e-17,4.815099618433963e-17
110.528,0.44397468357795994,0.0,0.5700935882122581,0.7893680430087369,-0.6139202657320876,-3.7591774418024676e-17,4.833485236099299e-17
110.556,0.4429559183752533,0.0,0.5692150034099012,0.7923008010323106,-0.6101306750881805,-3.73597289154177e-17,4.8514431997305157e-17
110.567,0.44255715723544947,0.0,0.5688670958525112,0.793461709833267,-0.6086201730377233,-3.7267237340357804e-17,4.858551715966482e-17
110.573,0.4423400043838224,0.0,0.5686766774111622,0.7940969659085266,-0.6077910897132931,-3.721647062838331e-17,4.86244153756251e-17
110.601,0.4413299599977714,0.0,0.5677820130972396,0.797080015358004,-0.6038737029519369,-3.6976599870467456e-17,4.8807074473625136e-17
110.613,0.4408987855812343,0.0,0.5673955522773098,0.7983675676294345,-0.6021704301586557,-3.687230449174912e-17,4.888591431202225e-17
110.623,0.44054026343444763,0.0,0.5670721186798344,0.7994445815411753,-0.6007398447285274,-3.678470639835345e-17,4.8951862394004775e-17
110.652,0.4395046614878437,0.0,0.5661270906351475,0.8025881354265161,-0.5965335572057856,-3.652714557080249e-17,4.914434955418627e-17
110.666,0.43900693301944804,0.0,0.5656671283631322,0.8041161233795864,-0.5944722534492133,-3.6400927118424655e-17,4.9237911831979433e-17
110.684,0.4383691491324546,0.0,0.5650721921309514,0.806090252667749,-0.5917926195501635,-3.6236846864556756e-17,4.9358792387672004e-17
110.694,0.4380158815960795,0.0,0.5647399514336658,0.8071915142578494,-0.5902896401853247,-3.614481592114004e-17,4.9426225211739017e-17
110.721,0.4370658782214907,0.0,0.5638368010908166,0.8101804436210249,-0.5861805598738662,-3.589320731859668e-17,4.960924435061354e-17
110.732,0.4366804552961721,0.0,0.563466312497374,0.8114044247379365,-0.5844851234340344,-3.578939177813679e-17,4.968419157846567e-17
110.755,0.4358776348080023,0.0,0.5626869393423626,0.8139748453242784,-0.580900121517733,-3.556987372205001e-17,4.9841584445641974e-17
110.783,0.43490595951652083,0.0,0.5617295902662204,0.8171234691939349,-0.5764626927152082,-3.52981595730772e-17,5.003438205282666e-17
110.8,0.4343190968020263,0.0,0.5611438014494248,0.8190449357480658,-0.5737293728104277,-3.513079199945544e-17,5.015203794608592e-17
110.803,0.4342157770621921,0.0,0.561040072879705,0.8193847534696558,-0.5732439496248273,-3.5101068401931567e-17,5.017284578033785e-17
110.824,0.4334946083340355,0.0,0.560311013844794,0.8217694136984673,-0.5698201740107814,-3.489142260959457e-17,5.031886410615126e-17
110.843,0.43284527064164147,0.0,0.5596469510895112,0.8239355316122469,-0.5666835446233145,-3.469935945262092e-17,5.045150057463555e-17
110.852,0.43253874396398206,0.0,0.5593309327022026,0.8249642830916402,-0.5651848649982554,-3.460759179233212e-17,5.05144934349534e-17
110.869,0.43196161510401243,0.0,0.5587314590572161,0.8269119729309058,-0.5623313871939898,-3.443286666936052e-17,5.0633755041322825e-17
110.889,0.43128579245223103,0.0,0.5580219523219818,0.8292104893480058,-0.5589364582447996,-3.422498722581261e-17,5.0774498579972286e-17
110.911,0.4305463691835807,0.0,0.557236237490988,0.8317470917707669,-0.5551547309812568,-3.3993423216385307e-17,5.092982068185948e-17
110.929,0.4299445247760519,0.0,0.5565893162580297,0.8338283908348855,-0.552023744632154,-3.380170559585516e-17,5.1057263493706534e-17
110.938,0.4296446715172991,0.0,0.5562644933355477,0.8348708868265039,-0.5504458214297997,-3.370508566590199e-17,5.112109796266951e-17
110.962,0.42884857977221014,0.0,0.5553938901183971,0.837656404082379,-0.54619753633624,-3.344495322881733e-17,5.1291661702238365e-17
110.979,0.4282878048309529,0.0,0.5547733601446421,0.8396339189963238,-0.5431527244439401,-3.325851227192178e-17,5.1412749567719796e-17
110.99,0.4279263435920497,0.0,0.5543701508592309,0.8409152536853436,-0.5411668283619334,-3.3136911207908344e-17,5.1491208688997026e-17
111.006,0.42740255105685143,0.0,0.553781309432824,0.8427812571516041,-0.5382562146357083,-3.2958687518739544e-17,5.160546844760472e-17
111.031,0.4265888402018796,0.0,0.5528556990351821,0.8457015548560316,-0.5336561440797722,-3.267701443463059e-17,5.1784285109418945e-17
111.048,0.4260388340504435,0.0,0.5522224541415767,0.8476900963345639,-0.5304917535422184,-3.248325139747722e-17,5.190604815725176e-17
111.067,0.4254273320051234,0.0,0.551511074643067,0.8499146899246977,-0.5269203164143559,-3.226456394512758e-17,5.2042265228229807e-17
111.091,0.42465980099114536,0.0,0.5506070557230497,0.852727108924942,-0.5223566575669445,-3.198512043513343e-17,5.221447622455533e-17
111.104,0.42424635631216295,0.0,0.5501148680382155,0.8542512873339106,-0.5198603063211852,-3.18322630070001e-17,5.230780523504898e-17
111.12,0.4237397402342489,0.0,0.5495066968305643,0.85612764806975,-0.5167644049376451,-3.1642693721008687e-17,5.242269919350855e-17
111.137,0.42320418737368704,0.0,0.5488576324984215,0.8581214998093243,-0.5134466784048718,-3.1439541562068334e-17,5.2544787401050755e-17
111.155,0.4226402179511373,0.0,0.5481671777768066,0.8602324777486499,-0.5099020339500703,-3.122249468778393e-17,5.267404751987404e-17
111.165,0.42232828293631236,0.0,0.5477821756636914,0.8614050135863318,-0.5079186968091759,-3.110105031372261e-17,5.274584463289918e-17
111.196,0.42136761094983116,0.0,0.5465823040864703,0.8650378842492392,-0.5017065465126002,-3.072066581489642e-17,5.2968293804351475e-17
111.207,0.4210290449144788,0.0,0.5461542499621382,0.8663259397076218,-0.49947909484752817,-3.058427373730213e-17,5.3047164454063097e-17
111.219,0.42066109571155913,0.0,0.545685924562038,0.8677302882167642,-0.49703535780792435,-3.04346380001267e-17,5.3133155999393526e-17
111.251,0.4196870740781718,0.0,0.5444301993910029,0.8714701382507942,-0.49044856828941974,-3.0031313465102e-17,5.336215576806683e-17
111.263,0.4193245286087422,0.0,0.5439567564703737,0.8728703014235111,-0.48795228956613046,-2.9878460477689203e-17,5.3447891035454414e-17
111.28,0.4188134771052516,0.0,0.5432836945967119,0.8748513539054178,-0.48439148275940763,-2.9660423944777444e-17,5.356919551449991e-17
111.286,0.41863382452907355,0.0,0.5430454894595043,0.8755497842522564,-0.48312790780064374,-2.95830522933408e-17,5.3611962038934074e-17
111.297,0.41830543969244566,0.0,0.5426078995521684,0.8768291227730576,-0.4808021312941846,-2.944063955563243e-17,5.369029893016033e-17
111.331,0.4172984909586418,0.0,0.5412482137160411,0.8807733079099955,-0.4735381505995944,-2.899584902029753e-17,5.3931810615320106e-17
111.343,0.4169460269804489,0.0,0.5407657781933863,0.8821613162985957,-0.4709473558969505,-2.8837208598305494e-17,5.4016801616834555e-17
111.361,0.41642022114200267,0.0,0.5400396646438967,0.8842389199567889,-0.46703483000055945,-2.859763548252567e-17,5.4144018150329714e-17
111.378,0.4159268305724628,0.0,0.5393512049434699,0.8861958871881712,-0.4633107483436685,-2.8369601248481927e-17,5.426384783312714e-17
111.387,0.41566689086913455,0.0,0.5389856792792946,0.8872297470999073,-0.46132783989375115,-2.824818312417225e-17,5.4327153494710856e-17
111.394,0.4154653245286126,0.0,0.5387008837495736,0.8880327691919809,-0.4597801657762348,-2.815341541646527e-17,5.4376324416445986e-17
111.428,0.41449391491459087,0.0,0.5373114586828451,0.8919186953929352,-0.4521957991938498,-2.768900690353137e-17,5.461426877063206e-17
111.438,0.41421062863798236,0.0,0.536900889040939,0.8930567637401817,-0.44994401511511767,-2.755112489531186e-17,5.4683955358565377e-17
111.472,0.4132557692286854,0.0,0.5354985474510817,0.8969082236735324,-0.4422167322781769,-2.707796528569357e-17,5.491978926253649e-17
111.48,0.413032975229819,0.0,0.5351671623115919,0.8978101919996975,-0.44038262811044937,-2.696565879577805e-17,5.4975018893715005e-17
111.496,0.41258954897301314,0.0,0.5345027870343865,0.8996089817707933,-0.4366963245979023,-2.6739937805911732e-17,5.5085163000490583e-17
111.519,0.4119572006515754,0.0,0.5335440376283914,0.9021821884738103,-0.4313551886793601,-2.6412887555589048e-17,5.524272646811029e-17
111.54,0.41138510437164544,0.0,0.5326648879342354,0.9045180102590201,-0.42643542197742346,-2.6111638728385126e-17,5.538575430174209e-17
111.557,0.4109256848839483,0.0,0.5319505967351165,0.906398892441217,-0.4224228305635661,-2.5865938366821797e-17,5.550092511894212e-17
111.56,0.41084495661928094,0.0,0.531824306311458,0.906729851341985,-0.42171195938145,-2.582241006093257e-17,5.552119050686587e-17
111.582,0.4102561332217732,0.0,0.5308960072432692,0.9091477819700873,-0.41647366127868246,-2.5501656810705872e-17,5.566924605707916e-17
111.593,0.40996383096071637,0.0,0.5304304383835837,0.910350578074336,-0.4138379211717098,-2.5340264276436456e-17,5.57428960770339e-17
111.615,0.4093834698000419,0.0,0.529496500060634,0.9127433372788012,-0.40853347507047266,-2.5015460629479967e-17,5.588941032207785e-17
111.631,0.4089649607107827,0.0,0.528814955286825,0.9144724109976742,-0.4046482540727203,-2.4777559456536094e-17,5.599528555184323e-17
111.649,0.4084977538440344,0.0,0.5280459181917507,0.9164060097814083,-0.4002499534497379,-2.4508241217554933e-17,5.611368432990998e-17
111.667,0.4080343955744244,0.0,0.5272744791282068,0.9183269042542228,-0.3958228100082858,-2.4237156865307905e-17,5.62313051932916e-17
111.694,0.40734661928329996,0.0,0.5261128910083885,0.9211834937218034,-0.3891284760776217,-2.382724713427734e-17,5.640622085068913e-17
111.701,0.4071697364512094,0.0,0.5258108828943121,0.9219190925047983,-0.3873824813735505,-2.372033579299389e-17,5.645126328544169e-17
111.706,0.4070437533084649,0.0,0.5255949493887608,0.9224432318599632,-0.38613272847007696,-2.364381049834569e-17,5.648335756462219e-17
111.718,0.40674262647341297,0.0,0.525075988123738,0.9236967271078139,-0.38312446584669146,-2.3459607538709506e-17,5.656011201177352e-17
111.764,0.40560452391649254,0.0,0.5230773740570343,0.9284417262460684,-0.3714780760222879,-2.27464718377056e-17,5.685065941210454e-17
111.782,0.40516623056812373,0.0,0.5222913945996047,0.9302714906510313,-0.3668718491270597,-2.2464421786536218e-17,5.696270016819112e-17
111.797,0.4048040374126607,0.0,0.5216347690577852,0.9317842435197752,-0.3630125666258406,-2.222810888843005e-17,5.705532956612153e-17
111.804,0.40463596657566464,0.0,0.521327838884156,0.9324863738051818,-0.3612051531576794,-2.2117436732504078e-17,5.709832264645192e-17
111.826,0.40411170564844195,0.0,0.5203611373975527,0.9346769131969772,-0.35549833745964315,-2.176799505360788e-17,5.723245449918034e-17
111.837,0.40385183697944976,0.0,0.5198766269542228,0.9357628232853259,-0.3526300307079303,-2.1592361919484985e-17,5.729894731487324e-17
111.857,0.4033832289055388,0.0,0.5189937510970286,0.9377208424700839,-0.34738972580834365,-2.1271485788393236e-17,5.741884141123738e-17
111.882,0.40280454259508247,0.0,0.5178866854546543,0.940137959946832,-0.34079409658473975,-2.0867619977540773e-17,5.756684717029052e-17
111.894,0.4025295779315211,0.0,0.5173539496993427,0.9412858905563838,-0.3376105333657044,-2.067268295223703e-17,5.763713764762206e-17
111.911,0.40214317242933606,0.0,0.5165977751020784,0.9428981864536315,-0.33308108619741933,-2.0395334303409663e-17,5.773586229811421e-17
111.916,0.40203022350413453,0.0,0.516375047597627,0.9433692394923503,-0.3317445975138473,-2.0313497973988002e-17,5.776470597791898e-17
111.94,0.40149251203558856,0.0,0.5153039431550358,0.945610000339099,-0.3253025165268309,-1.9919034280958123e-17,5.790191300785026e-17
111.958,0.4010940722351178,0.0,0.5144984652235285,0.9472681399356411,-0.3204419932887554,-1.9621413069673595e-17,5.800344477532249e-17
111.974,0.4007434042558353,0.0,0.5137809703635874,0.9487255595464987,-0.31610095327787735,-1.9355601031958977e-17,5.809268598839507e-17
111.991,0.40037444328064054,0.0,0.5130170996748452,0.9502567642991107,-0.3114676257715792,-1.9071891546959507e-17,5.818644523835134e-17
112.008,0.4000092294434489,0.0,0.5122516799326651,0.9517698348849433,-0.30681294203975146,-1.8786874370298202e-17,5.827909409084254e-17
112.03,0.39954218437273337,0.0,0.5112588869353161,0.9537005038604405,-0.3007579573948826,-1.841611349208695e-17,5.839731346989533e-17
112.052,0.39908146677118517,0.0,0.5102636169133954,0.9555996237356926,-0.29466821870741805,-1.8043224542524586e-17,5.851360102371655e-17
112.054,0.3990398981040347,0.0,0.5101730172873216,0.9557706839681284,-0.2941129029252135,-1.800922125776495e-17,5.852407544202224e-17
112.064,0.3988328434580779,0.0,0.5097197220727975,0.9566219761758784,-0.2913321037876826,-1.7838946419622498e-17,5.857620205589026e-17
112.093,0.39823983869841906,0.0,0.5084024143342041,0.9590524740681847,-0.28322844487038,-1.7342740421899672e-17,5.872502712909762e-17
112.103,0.39803793282176825,0.0,0.5079472414369743,0.9598771973949396,-0.28042069453097807,-1.7170815298601998e-17,5.877552686821224e-17
112.132,0.39745991622950444,0.0,0.506624627019942,0.9622293416248844,-0.27224014053063783,-1.6669900835013562e-17,5.891955416332898e-17
112.14,0.397302434794893,0.0,0.5062590986316725,0.9628677230205129,-0.26997360605306,-1.653111562535742e-17,5.895864374996857e-17
112.166,0.3967965306458101,0.0,0.5050691913980422,0.9649106167924598,-0.2625785627220827,-1.6078299818115554e-17,5.908373491590921e-17
112.182,0.39648971163255,0.0,0.5043355015712809,0.9661432594092407,-0.2580062059294088,-1.579832371258017e-17,5.915921250766588e-17
112.199,0.3961674917897141,0.0,0.5035547896921646,0.9674321649633401,-0.2531304134124242,-1.5499767527618576e-17,5.923813521072743e-17
112.222,0.3957377586525275,0.0,0.5024966742742885,0.9691414389894738,-0.24650531684613203,-1.5094097362420986e-17,5.934279805897595e-17
112.249,0.39524243824760374,0.0,0.5012519084097883,0.9710964925700553,-0.238687247497927,-1.461537868228142e-17,5.946251056445698e-17
112.266,0.39493565769728,0.0,0.500466763002175,0.9722984896947048,-0.233742693869554,-1.431261209357145e-17,5.95361116610213e-17
112.278,0.39472148090359127,0.0,0.499911910391411,0.9731333176090018,-0.23024236395437228,-1.4098278702242098e-17,5.958723012767544e-17
112.291,0.3944916781971922,0.0,0.4993102441609839,0.9740248611569897,-0.226441095758051,-1.3865518155775822e-17,5.964182142529263e-17
112.315,0.39407351394013884,0.0,0.4981979489128191,0.97563531064159,-0.21939858848517707,-1.3434288956290972e-17,5.974043301561785e-17
112.325,0.39390161492048953,0.0,0.49773392515011766,0.9762926184700803,-0.21645489858359473,-1.3254039935508212e-17,5.97806815120286e-17
112.342,0.39361254824245484,0.0,0.4969443439674785,0.977391343665567,-0.211438315656405,-1.2946862824286203e-17,5.984795902671837e-17
112.367,0.3931947008304424,0.0,0.4957815594909043,0.9789639187985695,-0.20403344257877915,-1.2493445118655858e-17,5.994425148187088e-17
112.385,0.3928992105229347,0.0,0.4949431991487656,0.9800639776833848,-0.19868215734539868,-1.2165773402036665e-17,6.001161066147902e-17
112.402,0.3926242679339493,0.0,0.49415056476403096,0.9810779081309501,-0.1936133729301754,-1.1855399871553105e-17,6.007369599533745e-17
112.42,0.3923375371913588,0.0,0.49331044146553243,0.9821247550455438,-0.18823114919356626,-1.1525833717986441e-17,6.013779688149518e-17
112.437,0.39207088660642636,0.0,0.4925162099136239,0.9830879841184356,-0.18313387311458929,-1.1213715576261965e-17,6.019677765154331e-17
112.467,0.39161018970480205,0.0,0.4911128720113084,0.9847268402471318,-0.17410643324386346,-1.0660944309152986e-17,6.029712864715685e-17
112.469,0.39157992515768814,0.0,0.49101924001018415,0.984833309432513,-0.173503177585323,-1.062400555358803e-17,6.03036480045111e-17
112.492,0.39123592191389717,0.0,0.4899418224498254,0.9860324525242635,-0.16655330248597913,-1.0198448438843763e-17,6.037707434196269e-17
112.513,0.3909283341235893,0.0,0.48895709605786547,0.9870864753048115,-0.16018829629633874,-9.808704216008952e-18,6.044161462318402e-17
112.526,0.39074103965674406,0.0,0.4883470540398203,0.9877192717084363,-0.15623904856263066,-9.566882536202675e-18,6.048036222769457e-17
112.536,0.39059859159103877,0.0,0.4878775681440219,0.9881957299427666,-0.15319660349656122,-9.380586505615496e-18,6.050953688027456e-17
112.574,0.3900702006220585,0.0,0.4860918769283642,0.9899238841297328,-0.1416005071654175,-8.67053039288852e-18,6.061535580494963e-17
112.59,0.3898538496981188,0.0,0.4853392885949477,0.9906121967672779,-0.13670214195801003,-8.370592029273205e-18,6.065750279836874e-17
112.599,0.3897337518587904,0.0,0.4849157861849201,0.9909890545533858,-0.13394287497058746,-8.201635655066203e-18,6.068057868244328e-17
112.617,0.38949701596400405,0.0,0.48406843400754007,0.9917203763326683,-0.12841610166404627,-7.863218393092768e-18,6.072535922625054e-17
112.628,0.38935461764117973,0.0,0.4835503930442259,0.9921525362790283,-0.12503337456491878,-7.656086097375993e-18,6.075182139100201e-17
112.651,0.38906245800386907,0.0,0.4824667352041907,0.993019768532157,-0.11794803645818523,-7.222234265711594e-18,6.080492405114759e-17
112.661,0.38893779081346014,0.0,0.4819953925597068,0.9933814089976022,-0.1148624231763315,-7.033294944260156e-18,6.082706814307006e-17
112.678,0.38872914203000797,0.0,0.48119387524387025,0.9939746521274496,-0.1096101771192595,-6.71168762815378e-18,6.086339380807425e-17
112.703,0.3884298319350837,0.0,0.4800146965403986,0.9947975500794596,-0.10187165629312708,-6.23783989016087e-18,6.091378177522195e-17
112.719,0.3882429827984379,0.0,0.4792597664270103,0.9952931140060258,-0.09691035657858342,-5.934047899409542e-18,6.094412631404406e-17
112.73,0.3881166589255936,0.0,0.47874065329885046,0.9956196787914154,-0.09349574965354733,-5.72496352735495e-18,6.096412264000115e-17
112.754,0.3878470887333626,0.0,0.4776078112560233,0.9962920498626749,-0.08603575640644506,-5.268170684768717e-18,6.100529349401401e-17
112.772,0.38765035870636577,0.0,0.4767580157555005,0.9967600707468949,-0.08043234029073802,-4.9250604042491504e-18,6.103395150790371e-17
112.79,0.3874583042227184,0.0,0.47590812287368356,0.9971968890776329,-0.07482221871804544,-4.581539532907876e-18,6.106069891643107e-17
112.814,0.3872095136966851,0.0,0.4747748480693175,0.99773059706349,-0.06733242668530434,-4.122922040949089e-18,6.109337910525903e-17
112.829,0.3870582505785909,0.0,0.47406653945754684,0.9980358002256539,-0.06264616083958238,-3.835971017553241e-18,6.111206740904071e-17
112.849,0.38686163463867307,0.0,0.47312215971140537,0.9984086937974161,-0.05639219936956898,-3.4530263227411017e-18,6.113490055499478e-17
112.868,0.38668021959918836,0.0,0.4722250770634733,0.9987268134792723,-0.050445535357838585,-3.0888981703625825e-18,6.115437976750132e-17
112.878,0.38658684135224464,0.0,0.4717529746848012,0.9988800755732412,-0.04731378892876727,-2.8971340083574156e-18,6.11637643641418e-17
112.904,0.38635085239399475,0.0,0.4705257155145435,0.9992327283717548,-0.039165731842247385,-2.3982094068435914e-18,6.118535812018731e-17
112.914,0.3862627024047012,0.0,0.4700537908165785,0.9993507100306358,-0.03602996476912109,-2.2061990513948025e-18,6.119258241323264e-17
112.926,0.38615884132886497,0.0,0.46948756720177354,0.9994793228007482,-0.032265822378449015,-1.9757118048812314e-18,6.120045767409502e-17
112.955,0.38591649158694297,0.0,0.4681196484368726,0.9997316679005019,-0.023164459779595224,-1.4184140761529446e-18,6.121590935502972e-17
112.977,0.38574080647111736,0.0,0.4670824250355108,0.999867854186428,-0.01625651145319925,-9.954242358231374e-19,6.122424835998708e-17
112.994,0.3856098787598908,0.0,0.46628128467728447,0.9999404065489869,-0.010917112743158375,-6.684803588419842e-19,6.122869091091599e-17
113.004,0.38553482988664456,0.0,0.46581018309992567,0.999969767363553,-0.007775883157658556,-4.761355209785182e-19,6.123048874229493e-17
113.025,0.38538197278694736,0.0,0.464821284243857,0.9999993052819042,-0.0011787432753190361,-7.217720895679624e-20,6.123229741815305e-17
113.049,0.38521515480082824,0.0,0.463691867865165,0.9999797688515252,0.006360965936898685,3.89496828705416e-19,6.123110115680652e-17
113.064,0.3851151611964464,0.0,0.46298642999762707,0.9999386938492382,0.011072874201382156,6.780179974041981e-19,6.122858603830274e-17
113.089,0.384955802564349,0.0,0.46181153621381504,0.999820915856748,0.018924487189183523,1.1587906330869347e-18,6.122137421622709e-17
113.106,0.38485265011961955,0.0,0.46101325064424686,0.9997056364373378,0.024261914092203636,1.4856137717102622e-18,6.121431538762766e-17
113.13,0.38471420647624144,0.0,0.4598872165715847,0.9994944453581226,0.03179392549306877,1.946816454370805e-18,6.120138366366919e-17
113.146,0.3846265831684498,0.0,0.4591371904125971,0.999322182627959,0.03681270579150689,2.2541281157761073e-18,6.119083561361384e-17
113.171,0.3844971550749815,0.0,0.45796641080099926,0.9990027115231068,0.044649550607818105,2.73399646176161e-18,6.117127365031497e-17
113.181,0.38444793900574437,0.0,0.4574985067826285,0.9988577715952883,0.04778234112823393,2.9258245559229307e-18,6.116239863938139e-17
113.198,0.38436762228759247,0.0,0.4567036312945087,0.9985889227457807,0.05310521037922086,3.2517562954479813e-18,6.11459363952312e-17
113.205,0.38433577694907595,0.0,0.45637654142266837,0.998470013986731,0.05529585128503973,3.385894364117598e-18,6.113865533367315e-17
113.244,0.38417144445857093,0.0,0.45455657066799865,0.9977201343529318,0.06748728403757004,4.13240431898792e-18,6.109273844900926e-17
113.261,0.38410675734298844,0.0,0.4537645833028338,0.99734703416551,0.07279349861945883,4.457316254152877e-18,6.106989265149489e-17
113.278,0.38404628498181886,0.0,0.45297345212815787,0.9969459770276351,0.07809429485189033,4.781896411101856e-18,6.10453349844862e-17
113.296,0.3839868476129985,0.0,0.45213675329323816,0.9964909511951973,0.08370056263903465,5.125181306136316e-18,6.101747268802499e-17
113.313,0.3839350475174278,0.0,0.4513474875431125,0.9960326111115425,0.08898897461103085,5.449003145840201e-18,6.098940745220654e-17
113.331,0.38388478830417194,0.0,0.4505128369678592,0.9955171448848983,0.09458125734108401,5.791431703104532e-18,6.095784424898013e-17
113.354,0.3838274314169983,0.0,0.449447959915497,0.9948135349895821,0.10171543934689291,6.228274361001957e-18,6.091476056867276e-17
113.366,0.3838005610282616,0.0,0.44889311835894447,0.9944264932924562,0.10543220304095198,6.455860499057784e-18,6.089106109989668e-17
113.378,0.3837757842449412,0.0,0.4483388035767504,0.9940258309176225,0.1091450753288035,6.683208357205798e-18,6.086652760515273e-17
113.401,0.38373414366319086,0.0,0.44727788094558374,0.9932199789481269,0.1162500469603447,7.118262395535782e-18,6.081718340340125e-17
113.413,0.38371546737208223,0.0,0.44672516772378995,0.9927798369900076,0.1199508035241696,7.344868379551368e-18,6.07902324813922e-17
113.429,0.3836938156610284,0.0,0.4459891075874689,0.9921720725233136,0.12487825473152799,7.646587747003678e-18,6.075301764095358e-17
113.454,0.3836674143386314,0.0,0.44484111136003374,0.9911748573376589,0.13256093761614535,8.117016397179219e-18,6.069195582169492e-17
113.464,0.3836593884937639,0.0,0.4443826487213366,0.9907598100659493,0.13562816358737648,8.30482982057571e-18,6.066654150605522e-17
113.489,0.3836456536802554,0.0,0.44323838918062686,0.9896820550478105,0.1432809474994589,8.773427686700616e-18,6.060054804439379e-17
113.508,0.3836412565824246,0.0,0.4423706137347303,0.9888248520304357,0.14908189697943564,9.128633397334066e-18,6.054805949782141e-17
113.529,0.3836424588461813,0.0,0.4414134237585985,0.9878394254116173,0.15547755337168742,9.520254403794938e-18,6.048771952009488e-17
113.542,0.38364638934158907,0.0,0.4408219187678623,0.9872095421210053,0.1594281027461441,9.762155786110037e-18,6.044915029231066e-17
113.558,0.3836545679310166,0.0,0.44009503085414153,0.9864135920695352,0.16428093431824856,1.0059306018688983e-17,6.040041240816996e-17
113.569,0.38366232727020966,0.0,0.43959602407304954,0.9858531926767788,0.1676111049095556,1.0263220156451924e-17,6.03660978420408e-17
113.593,0.38368529201916696,0.0,0.43850938929871086,0.9845934821213649,0.17485901453492628,1.0707026622612899e-17,6.028896281706381e-17
113.603,0.3836973007387581,0.0,0.4380574943226407,0.9840537156039924,0.17787154017991993,1.089149061703744e-17,6.025591165017446e-17
113.62,0.38372100526411557,0.0,0.4372904720065187,0.9831161679291808,0.18298251379911373,1.1204447491201051e-17,6.019850341222415e-17
113.628,0.38373359239903654,0.0,0.4369300503852907,0.9826663253822135,0.18538309782668316,1.1351440868473409e-17,6.017095850046096e-17
113.663,0.38379941924680766,0.0,0.43535729174862214,0.9806338407443658,0.1958501222541206,1.199236126655633e-17,6.004650471015814e-17
113.682,0.38384247464102467,0.0,0.4345063623823779,0.9794870219345931,0.20150725510934328,1.2338760748731319e-17,5.997628231092865e-17
113.683,0.38384488318350596,0.0,0.43446163343822936,0.9794258236217117,0.20180449951111523,1.2356961718991044e-17,5.997253499502946e-17
113.716,0.3839323442641947,0.0,0.4329888290951343,0.9773596294135558,0.21158486428049839,1.2955836339456974e-17,5.984601708885772e-17
113.728,0.38396798280570726,0.0,0.43245485498550246,0.9765860227821767,0.21512726490728662,1.3172745818901664e-17,5.979864734461185e-17
113.756,0.38405907298140607,0.0,0.4312123026438489,0.9747353998510331,0.22336271013140613,1.3677021400565229e-17,5.968532937215916e-17
113.767,0.38409789185314597,0.0,0.4307254777868969,0.9739910998697501,0.2265862691658844,1.3874407463237047e-17,5.963975414267497e-17
113.785,0.3841650971415376,0.0,0.42993049388299603,0.9727523827923024,0.23184650476532528,1.419650399771786e-17,5.95639045974777e-17
113.804,0.38424098796758155,0.0,0.42909358669021824,0.9714171538778904,0.237378838887924,1.453526176147057e-17,5.948214540666952e-17
113.814,0.3842829696187882,0.0,0.4286540486873668,0.9707030922707556,0.24028213969413764,1.4713037663435143e-17,5.943842174359093e-17
113.837,0.38438485344731876,0.0,0.42764561170117477,0.9690314893096084,0.24693718376624135,1.512054158448946e-17,5.933606558280023e-17
113.854,0.3844649210099837,0.0,0.4269025211586755,0.9677700377976043,0.25183556925347844,1.5420481189886197e-17,5.925882395497746e-17
113.868,0.38453389162673973,0.0,0.42629204141153326,0.966714860770471,0.25585616655755805,1.5666671770841276e-17,5.919421299653682e-17
113.889,0.384642472185243,0.0,0.42537886345216014,0.9651047766033799,0.26186402994176217,1.6034547304000285e-17,5.909562377545753e-17
113.901,0.38470727364370283,0.0,0.4248584362949176,0.9641701802776338,0.2652844953317008,1.6243990403569418e-17,5.903839625551654e-17
113.923,0.38483126834708403,0.0,0.4239069860145246,0.9624296560510166,0.2715311347774355,1.6626486753701748e-17,5.893181988436828e-17
113.941,0.38493770444243636,0.0,0.42313113195299634,0.960979860912515,0.2766183416199357,1.6937988332515167e-17,5.884304553557901e-17
113.958,0.3850423367889426,0.0,0.4224005689843369,0.9595896717901311,0.2814030237820988,1.723096561725669e-17,5.875792100263216e-17
113.969,0.38511216262165504,0.0,0.4219289990647986,0.9586794365736848,0.2844885549380894,1.7419899909949356e-17,5.870218517041756e-17
113.993,0.3852702840234814,0.0,0.4209032932284771,0.956664713716831,0.29119173327739517,1.783035120481659e-17,5.85788189755268e-17
114.012,0.385401064403017,0.0,0.4200944085090164,0.955042196732917,0.29646990143952934,1.8153545792072545e-17,5.847946846398119e-17
114.028,0.38551502279675026,0.0,0.4194154233260119,0.953657331424992,0.3008948225200343,1.8424494063958546e-17,5.839466992065115e-17
114.041,0.3856101843119769,0.0,0.418865234553434,0.9525198351229134,0.3044765404713768,1.8643811035186557e-17,5.832501836038203e-17
114.056,0.3857228428586602,0.0,0.41823207643071625,0.951193834865611,0.308594051325771,1.8895935859600976e-17,5.824382426184333e-17
114.073,0.38585421377524176,0.0,0.41751669170924693,0.9496737983462415,0.31324060518173913,1.9180455224939832e-17,5.815074886894168e-17
114.103,0.38609557936619865,0.0,0.4162600244763812,0.9469476288109295,0.32138790937021583,1.9679333724744723e-17,5.798381912917404e-17
114.119,0.38622926685407893,0.0,0.4155928639123234,0.9454713288820412,0.32570533655748884,1.9943699894017005e-17,5.789342183004932e-17
114.126,0.3862888366287202,0.0,0.41530165954730763,0.9448206522209427,0.3275880570728921,2.005898327666089e-17,5.78535793755346e-17
114.142,0.38642746243194054,0.0,0.4146376145375116,0.9433225866062818,0.33187723272082725,2.0321619538072116e-17,5.776184931253924e-17
114.177,0.38674262767177436,0.0,0.4131927103854603,0.93999429854121,0.3411901503707554,2.0891871277607486e-17,5.755805044626272e-17
114.189,0.386854436511539,0.0,0.4126997811716319,0.9388373662252306,0.34436085692086477,2.1086021058988834e-17,5.7487208773383e-17
114.212,0.38707406878325484,0.0,0.4117585764445246,0.936597986391209,0.35040578175585624,2.1456165951501768e-17,5.735008630609252e-17
114.215,0.38710323185409884,0.0,0.41163616005619524,0.9363038023894384,0.35119110129825243,2.1504252904696935e-17,5.733207273128609e-17
114.22,0.3871521007402773,0.0,0.4114323131663527,0.9358124375272913,0.35249834293118254,2.1584298368770938e-17,5.730198531100399e-17
114.265,0.3876067057638406,0.0,0.4096079569777763,0.9313319983256282,0.36417126313699183,2.2299058587108278e-17,5.702763753464944e-17
114.282,0.38778534021571825,0.0,0.40892363372433554,0.9296129614188726,0.3685373006386649,2.256640127967734e-17,5.692237688237571e-17
114.299,0.387967735147405,0.0,0.40824202990499797,0.9278799647024041,0.3728790301208494,2.2832255535333386e-17,5.681626143828791e-17
114.305,0.3880330051354117,0.0,0.40800211847193835,0.9272650506999073,0.3744055631938426,2.2925728727415072e-17,5.677860881504248e-17
114.324,0.38824276586880135,0.0,0.40724467140800885,0.9253068098120294,0.37921933984896505,2.322048753604037e-17,5.665870114327753e-17
114.334,0.3883550373139102,0.0,0.40684741222868676,0.9242695533205953,0.3817404783416963,2.3374862745306894e-17,5.659518750117105e-17
114.362,0.3886762335108298,0.0,0.4057402708294458,0.9213417311590056,0.38875366805334016,2.3804296761915784e-17,5.641591009923787e-17
114.373,0.38880516395865794,0.0,0.4053074327792558,0.9201822908101239,0.39149016804950865,2.3971859059974507e-17,5.634491485363486e-17
114.39,0.3890074542638786,0.0,0.4046408681572016,0.9183805147822183,0.3956984079679216,2.4229539437280936e-17,5.62345878913671e-17
114.42,0.38937338456890885,0.0,0.4034716662371542,0.915172536256876,0.4030623138934685,2.46804486283281e-17,5.603815585972742e-17
114.43,0.38949788822929104,0.0,0.40308396468963403,0.91409543874156,0.40549911081514706,2.4829659405843387e-17,5.597220265850234e-17
114.454,0.38980182542794445,0.0,0.40215767607162745,0.9114951911684464,0.4113107298342672,2.5185518437324853e-17,5.581298341513213e-17
114.478,0.3901129683836059,0.0,0.401237372214455,0.9088742888100708,0.41707017052288464,2.5538182467534573e-17,5.565249943092901e-17
114.491,0.39028449753428424,0.0,0.4007414003569281,0.9074463721766127,0.4201679207453903,2.572786496226205e-17,5.556506475419832e-17
114.522,0.3907019680763153,0.0,0.3995659470699674,0.9040190660903975,0.42749213810904807,2.61763439297952e-17,5.5355202782789245e-17
114.533,0.3908529477168293,0.0,0.3991513292980752,0.9027956977102175,0.43006967830332044,2.6334172747224664e-17,5.5280293074240965e-17
114.542,0.39097757996252014,0.0,0.39881307062949173,0.9017920588560008,0.43217020094432146,2.6462792663666586e-17,5.5218837918725144e-17
114.567,0.39132897043228754,0.0,0.39787809766008564,0.8989918979017522,0.4379652583333587,2.681763758778457e-17,5.5047377511239246e-17
114.572,0.3914001611427424,0.0,0.39769192620433486,0.8984297730210927,0.4391172314419781,2.6888175596793298e-17,5.5012957289448214e-17
114.591,0.39167344775504465,0.0,0.3969869971539622,0.8962876181017916,0.4434732298994123,2.715490357519268e-17,5.488178813118822e-17
114.628,0.3922181159125019,0.0,0.3956258156112323,0.8920900208675067,0.4518577150703654,2.7668305221547985e-17,5.462475943033438e-17
114.645,0.39247385917529143,0.0,0.39500559588474776,0.8901507093973778,0.45566623153284586,2.790150959631182e-17,5.4506010851112225e-17
114.663,0.3927483877922048,0.0,0.3943524931724904,0.8880905625906622,0.4596685247408191,2.81465793746315e-17,5.437986324148133e-17
114.678,0.3929800869974058,0.0,0.3938110916494893,0.8863687779094616,0.46297990188267085,2.8349342745508424e-17,5.4274434336548665e-17
114.704,0.39338796157861766,0.0,0.3928788564556234,0.8833743924252396,0.4686679878200972,2.869763755733564e-17,5.409108110661538e-17
114.719,0.3936268662894719,0.0,0.39234463190071245,0.8816415551834272,0.4719196628386529,2.889674522750272e-17,5.3984975427533936e-17
114.736,0.39390078361313563,0.0,0.39174239208689554,0.8796733802529427,0.4755783259089523,2.912077372841276e-17,5.3864459471094943e-17
114.766,0.3943923006261561,0.0,0.39068802307234607,0.8761901175121375,0.4819656398272254,2.951188390567088e-17,5.3651171142789124e-17
114.783,0.3946754043269347,0.0,0.3900953548967572,0.8742112460336237,0.4855457726191622,2.973110381387928e-17,5.3530000211684825e-17
114.8,0.3949617962393336,0.0,0.3895061958575903,0.8722292122818596,0.4890973330965593,2.994857417241041e-17,5.3408635647189826e-17
114.81,0.39513179059875786,0.0,0.3891612809213722,0.8710619841121978,0.4911731057728235,3.0075678590597633e-17,5.3337163535097286e-17
114.837,0.3955963966213274,0.0,0.388236157729613,0.8679062482200762,0.4967280385689451,3.041582012401008e-17,5.3143930442135226e-17
114.861,0.3960162191136395,0.0,0.3874214195967448,0.8650969282272729,0.5016047296146006,3.071443132798471e-17,5.2971909205286864e-17
114.883,0.3964066632496732,0.0,0.386680915532501,0.8625191655188581,0.5060243957682798,3.098505782840487e-17,5.2814066762795787e-17
114.899,0.3966939664539021,0.0,0.3861462064737018,0.8606433729141414,0.5092081938254431,3.11800092333967e-17,5.269920759233426e-17
114.916,0.39700229103906604,0.0,0.3855816456907335,0.8586497589954237,0.5125627682314633,3.138541767383841e-17,5.2577133947119596e-17
114.935,0.3973506022902266,0.0,0.38495504444048484,0.8564213387740391,0.5162775324304578,3.16128813781327e-17,5.24406825625559e-17
114.954,0.39770280630016636,0.0,0.38433309666515303,0.8541931405377655,0.5199558429888341,3.183811294071197e-17,5.230424477065999e-17
114.973,0.39805887515188737,0.0,0.38371583506602625,0.8519656813341908,0.5235976297012507,3.206110806273889e-17,5.216785223146553e-17
114.995,0.3984759567427108,0.0,0.38300700825759093,0.8493881193518956,0.5277687208464045,3.231651373373211e-17,5.2010022079904447e-17
115.008,0.39872481401749865,0.0,0.38259115001189126,0.8478661292441797,0.5302103609705228,3.246602107186567e-17,5.191682706421704e-17
115.026,0.39907230833330476,0.0,0.3820190409834912,0.845760493711406,0.5335627304048125,3.267129449672879e-17,5.178789407344793e-17
115.036,0.39926681928809493,0.0,0.3817030654685825,0.8445917095794142,0.5354109114593412,3.2784462947362456e-17,5.1716326686141024e-17
115.054,0.3996195480866846,0.0,0.3811376804369465,0.8424900093845479,0.5387119676480414,3.298659434212732e-17,5.158763466532051e-17
115.061,0.3997576219918079,0.0,0.3809189836049131,0.8416734902647188,0.5399867922325565,3.306465483447236e-17,5.153763728899344e-17
115.079,0.4001149737900192,0.0,0.38035965675863875,0.8395761876519183,0.5432419581805799,3.326397626241937e-17,5.1409214542412967e-17
115.113,0.40079895138043375,0.0,0.379315158838372,0.8356250028127145,0.5493003319444208,3.363494466431568e-17,5.1167274249104436e-17
115.124,0.4010227298503516,0.0,0.378980618403754,0.8343499673991163,0.5512350967609859,3.375341484130115e-17,5.1089200847201315e-17
115.153,0.40161846761903386,0.0,0.37810664502736613,0.8309972611740606,0.5562765067133522,3.4062112169368896e-17,5.088390679985152e-17
115.165,0.4018674109681254,0.0,0.37774841138292725,0.8296139551460364,0.5583374297205502,3.4188307307571604e-17,5.079920373487847e-17
115.183,0.4022434707821181,0.0,0.37721482731159595,0.8275437922263064,0.5614011684595106,3.4375907199576186e-17,5.067244281521042e-17
115.188,0.40234849208902973,0.0,0.3770674145199847,0.8269698165590113,0.5622463183519792,3.442765770510676e-17,5.063729694202335e-17
115.218,0.4029836935781982,0.0,0.37619032766185184,0.8235363915120311,0.5672634413174735,3.473486788413782e-17,5.042706029232852e-17
115.235,0.4033474705961438,0.0,0.37569896462743696,0.8215992124158664,0.5700655525092075,3.490644770922842e-17,5.0308442283353855e-17
115.259,0.4038657013568244,0.0,0.3750122864949768,0.8188755744804479,0.5739710737653217,3.514559191449353e-17,5.014166755937153e-17
115.271,0.40412684650777564,0.0,0.37467204131032117,0.8175189419231357,0.57590171001385,3.5263809289597435e-17,5.005859777342495e-17
115.293,0.40460909377184,0.0,0.3740536454019616,0.815041266913481,0.5794029109592632,3.547819601614603e-17,4.99068839349299e-17
115.31,0.40498479879002103,0.0,0.37358059190601656,0.8131354973502563,0.5820744479436899,3.5641780476985127e-17,4.979018920515412e-17
115.323,0.4052738865014495,0.0,0.3732216811489009,0.8116835520668486,0.584097433057314,3.576565258919125e-17,4.970128319796101e-17
115.34,0.40565423828343056,0.0,0.37275606107599646,0.8097921997965296,0.5867167912619319,3.592604202124653e-17,4.95854712727657e-17
115.346,0.40578910232802046,0.0,0.3725927357712981,0.8091267076837446,0.5876342152333066,3.598221803774679e-17,4.95447216334767e-17
115.381,0.40658221387132787,0.0,0.37165057476102303,0.8052668630975961,0.5929125392475331,3.630542216819104e-17,4.9308374317595045e-17
115.394,0.4068795563861002,0.0,0.3713052475640724,0.8038432340243268,0.5948412015935947,3.6423518676628057e-17,4.922120217820743e-17
115.404,0.4071092873980376,0.0,0.37104132218071917,0.8027519790696337,0.5963130554497246,3.651364373231417e-17,4.9154382083841496e-17
115.436,0.40785024573549344,0.0,0.37020680605895573,0.7992832413176256,0.6009544909132389,3.6797849686506264e-17,4.8941983154587584e-17
115.447,0.4081069778460403,0.0,0.36992349227691346,0.7980993290596241,0.6025259006504018,3.6894070781744536e-17,4.886948943672594e-17
115.464,0.408505762994397,0.0,0.36948923531339084,0.7962784761605008,0.6049302343274889,3.704129375883088e-17,4.8757994352994466e-17
115.481,0.4089069765220917,0.0,0.36905935575490045,0.7944686244709271,0.6073051989990477,3.71867184029865e-17,4.8647172899066073e-17
115.51,0.40959693517236784,0.0,0.3683361863363543,0.7914075156464374,0.6112889203791723,3.743065098482973e-17,4.8459734042878423e-17
115.528,0.4100286512107123,0.0,0.3678937952733083,0.7895247574693738,0.6137187119054841,3.757943280559439e-17,4.834444835412295e-17
115.541,0.4103420770327913,0.0,0.36757738846704335,0.7881734526978519,0.6154531732490678,3.768563793222761e-17,4.8261704800967104e-17
115.564,0.41089991314170315,0.0,0.36702398311512396,0.7858005365211291,0.6184800051764856,3.787097793380108e-17,4.811640559094368e-17
115.582,0.41133940042429024,0.0,0.3665966032165832,0.783959792343846,0.6208116010418891,3.801374700447466e-17,4.800369251770574e-17
115.587,0.41146193076508,0.0,0.36647878096644204,0.7834510713595839,0.6214534727439538,3.80530503107445e-17,4.797254234145395e-17
115.62,0.4122754843917991,0.0,0.36571094706160534,0.7801225340352326,0.6256267512586458,3.8308589919492894e-17,4.7768728212448484e-17
115.643,0.41284742471431124,0.0,0.365185892979289,0.7778332314015795,0.6284707345035064,3.848273366837526e-17,4.762854885531934e-17
115.67,0.41352389186327804,0.0,0.3645801767526354,0.7751789450012465,0.6317417219297411,3.8683023882454737e-17,4.746602068810993e-17
115.682,0.41382627271918304,0.0,0.3643146779965568,0.7740110359948192,0.6331721062698724,3.877060966263935e-17,4.739450688678911e-17
115.692,0.4140790601246994,0.0,0.36409517815628145,0.7730434159840783,0.6343531169653596,3.884292571103871e-17,4.733525724934187e-17
115.721,0.4148162234967183,0.0,0.3634676514742806,0.7702668428787345,0.6377217189038076,3.9049193090114807e-17,4.7165241181038973e-17
115.741,0.41532809679039195,0.0,0.3630427231129868,0.7683780859438494,0.63999618517712,3.9188463982183835e-17,4.704958817430525e-17
115.742,0.41535376420963677,0.0,0.3630216454273412,0.7682842175061086,0.6401088666242847,3.9195363730863514e-17,4.7043840390214245e-17
115.785,0.4164640016492758,0.0,0.3621305688962464,0.7643002732744171,0.6448605215646647,3.948631868153297e-17,4.679989416264811e-17
115.806,0.4170107780433653,0.0,0.361706278854876,0.7623926278634259,0.6471147355604722,3.962434947926091e-17,4.6683084570324186e-17
115.812,0.4171675403455991,0.0,0.3615863710148174,0.7618522668279031,0.6477508190108181,3.9663298357333746e-17,4.6649996999697337e-17
115.843,0.417981246268731,0.0,0.36097621049555517,0.7590941159620428,0.650980893046643,3.986108334878284e-17,4.6481108968225276e-17
115.856,0.41832433093583204,0.0,0.36072501985656436,0.7579545291788181,0.6523073904972381,3.994230789163026e-17,4.641132940290394e-17
115.864,0.41853599640024536,0.0,0.3605718206036257,0.7572583284708173,0.6531154752121432,3.999178880960768e-17,4.636869940447307e-17
115.875,0.41882769774512696,0.0,0.36036289104706143,0.7563074322731076,0.6542163769644251,4.0059199599963076e-17,4.631047380523074e-17
115.911,0.41978762653126517,0.0,0.3596930843182459,0.7532478214342524,0.6577368162909483,4.027476433760402e-17,4.6123126674208715e-17
115.929,0.42027056098353094,0.0,0.3593662307329301,0.751748636753875,0.6594497608906159,4.037965194365901e-17,4.603132808820097e-17
115.942,0.4206205538139399,0.0,0.35913351934799875,0.7506788027157639,0.660667340764796,4.045420720844006e-17,4.5965819646681384e-17
115.964,0.4212151179423539,0.0,0.35874611775290477,0.7488933003695352,0.6626905949699491,4.057809579775016e-17,4.585648916002243e-17
115.982,0.42170366577352036,0.0,0.3584351701305705,0.7474560913902235,0.6643112158044976,4.067733020363323e-17,4.576848549121144e-17
115.989,0.42189415611526515,0.0,0.3583157120783116,0.7469029889435004,0.6649330230235715,4.0715404914659505e-17,4.573461773416243e-17
115.994,0.42203039025004413,0.0,0.35823088828672206,0.7465099219747897,0.6653742829364488,4.074242429165437e-17,4.5710549323908333e-17
116.034,0.4231252649751733,0.0,0.3575674380522889,0.7434262612102306,0.6688179080609146,4.095328551596139e-17,4.552172955965965e-17
116.052,0.42362079859396584,0.0,0.35727769324413594,0.7420743971555708,0.6703175285535925,4.104511078777608e-17,4.5438951760288577e-17
116.057,0.42375875292178056,0.0,0.3571981816557054,0.7417028725389279,0.6707285955343658,4.107028138088804e-17,4.5416202438659766e-17
116.086,0.4245614646685255,0.0,0.35674537739629775,0.7395826231069812,0.6730657795477327,4.1213392626937446e-17,4.528637460464839e-17
116.104,0.4250618691854731,0.0,0.3564715187025368,0.7382965877822628,0.6744762030413434,4.1299756157782075e-17,4.520762765244805e-17
116.116,0.4253963755293634,0.0,0.3562920146888024,0.7374521314125039,0.6753994032238666,4.135628586520704e-17,4.5155919612935805e-17
116.134,0.42589946566660863,0.0,0.35602737080806346,0.7362049677642991,0.6767586315956136,4.1439514598945546e-17,4.5079552864446464e-17
116.152,0.42640412322573173,0.0,0.35576827264165556,0.7349814296041913,0.6780872349019551,4.1520868088267936e-17,4.500463275987593e-17
116.17,0.42691031513929234,0.0,0.3555147324885989,0.7337817381316228,0.6793852815483528,4.160035052180068e-17,4.493117284378366e-17
116.188,0.42741800825627524,0.0,0.3552667623846577,0.7326061098903704,0.680652839376505,4.167796605364972e-17,4.485918637565181e-17
116.205,0.42789884467132766,0.0,0.35503769348392555,0.7315180804223566,0.6818220427759656,4.17495591136848e-17,4.479256378538275e-17
116.228,0.4285514222833275,0.0,0.3547357187701781,0.7300808153515669,0.6833608146913249,4.1843781718722935e-17,4.470455668195931e-17
116.235,0.42875048777812486,0.0,0.35464562945341066,0.7296513817598974,0.6838193190425907,4.1871857013031573e-17,4.4678261458285094e-17
116.264,0.4295773903618224,0.0,0.3542814498740955,0.7279123939297854,0.6856701442847056,4.198518737345843e-17,4.457177916428994e-17
116.279,0.43000645882469013,0.0,0.3540988111628439,0.7270384498916963,0.6865967465543945,4.204192539864129e-17,4.4518265525845963e-17
116.298,0.43055123782527743,0.0,0.35387308943260387,0.7259566638707309,0.6877404468123702,4.2111956841646986e-17,4.445202523644908e-17
116.308,0.43083853145735146,0.0,0.3537568154278974,0.7253986867591478,0.6883289513365712,4.214799235073931e-17,4.441785899226419e-17
116.328,0.43141426521316517,0.0,0.35352950384702625,0.7243064360541628,0.689478198850781,4.2218363465224563e-17,4.4350977925777873e-17
116.34,0.4317604236405196,0.0,0.3533964726871289,0.7236663365763826,0.6901500078288182,4.225949990095415e-17,4.431178313694791e-17
116.382,0.43297605734702954,0.0,0.35295072881165435,0.7215168770777651,0.6923968487016309,4.239707922510832e-17,4.418016670220397e-17
116.395,0.43335356442844936,0.0,0.3528190354980178,0.7208804453690874,0.6930594371945787,4.2437651068960345e-17,4.4141196499458564e-17
116.408,0.4337316351085797,0.0,0.35269031432154346,0.7202577686349628,0.6937065278062362,4.2477273941276576e-17,4.4103068545991104e-17
116.426,0.43425602410304986,0.0,0.35251699759097965,0.7194184157314111,0.6945769526168477,4.2530572089187266e-17,4.4051673003656623e-17
116.44,0.43466459034985,0.0,0.35238614458888995,0.7187839885928021,0.6952334699528083,4.2570772181890716e-17,4.401282554542714e-17
116.462,0.4353078331203574,0.0,0.35218750928142195,0.7178197413463996,0.6962289989173016,4.2631730749881974e-17,4.3953782430232465e-17
116.48,0.43583518469420146,0.0,0.3520313533529864,0.7170607024246725,0.6970107237612886,4.2679597591282105e-17,4.390730470093639e-17
116.498,0.43636345525776343,0.0,0.351880932889629,0.7163287092392006,0.6977629829101719,4.2725660179222565e-17,4.38624830453571e-17
116.511,0.43674553614563233,0.0,0.35177586689498697,0.7158169406182354,0.6982879832303787,4.2757807177307194e-17,4.383114625517865e-17
116.533,0.4373931494262247,0.0,0.3516048939613339,0.7149832930737519,0.6991415383349879,4.281007235364498e-17,4.3780100065330206e-17
116.544,0.4377174180640557,0.0,0.3515226310248457,0.7145818115036113,0.6995518813270516,4.283519861523414e-17,4.3755516409340746e-17
116.579,0.43875112308528913,0.0,0.3512752023719059,0.7133727754475557,0.7007847624272743,4.291069080988999e-17,4.368148430253563e-17
116.594,0.43919499863988376,0.0,0.3511758388398114,0.7128866253871551,0.7012793019504525,4.2940972622095594e-17,4.3651716196766887e-17
116.609,0.4396393607583867,0.0,0.3510804864981176,0.7124197669738963,0.7017535718646961,4.297001327871611e-17,4.3623129363694265e-17
116.633,0.4403513021824137,0.0,0.3509362738302377,0.7117130611147049,0.7024702973355786,4.3013900056405295e-17,4.35798561102744e-17
116.643,0.44064827739722123,0.0,0.35087922118587006,0.7114332718305572,0.7027536550829662,4.303125071432288e-17,4.3562723957711035e-17
116.664,0.44127252735872435,0.0,0.3507652286213652,0.7108738963457409,0.7033194889196692,4.306589804417126e-17,4.352847208786095e-17
116.697,0.44225502627770885,0.0,0.3506020380312789,0.7100722893449755,0.7041287836073635,4.311545305161385e-17,4.347938781547787e-17
116.71,0.44264254650875545,0.0,0.3505431050157111,0.7097825705472637,0.7044208277353238,4.313333559693967e-17,4.3461647655564345e-17
116.72,0.4429408089563579,0.0,0.35049983268889856,0.709569761608693,0.7046351917202138,4.314646160533707e-17,4.344861686629182e-17
116.727,0.44314967705422514,0.0,0.350470608660446,0.7094260028669264,0.7047799276768996,4.3155324126640905e-17,4.343981418214412e-17
116.75,0.4438364197573461,0.0,0.35038077411898333,0.7089838977386475,0.7052246682776454,4.318255663429862e-17,4.341274305063245e-17
116.783,0.44482286710368485,0.0,0.35026846297752084,0.7084307719254177,0.7057803067450641,4.321657967782899e-17,4.337887386279757e-17
116.807,0.44554100397246166,0.0,0.3501990661496911,0.7080887712281443,0.7061234255147019,4.3237589642977206e-17,4.335793235983647e-17
116.812,0.44569068323263134,0.0,0.3501859111726676,0.7080239216112477,0.7061884496550689,4.324157122324559e-17,4.335396146604855e-17
116.841,0.44655922426003497,0.0,0.35011847428132414,0.7076913833285993,0.70652169532326,4.3261976635289596e-17,4.3333599368876583e-17
116.857,0.44703867641026035,0.0,0.35008774094273465,0.7075397801863832,0.7066735168759365,4.3271273024215935e-17,4.3324316353733804e-17
116.888,0.4479680245973748,0.0,0.3500412995582791,0.7073106275339355,0.7069028760569237,4.328531722355849e-17,4.331028480061699e-17
116.901,0.4483578777790756,0.0,0.3500269700540406,0.7072399068672319,0.7069736304378184,4.32896496798629e-17,4.330595440871139e-17
116.92,0.44892775939365104,0.0,0.35001149779889845,0.7071635381329523,0.7070500196840989,4.3294327172160237e-17,4.3301278172411866e-17
116.946,0.4497077146555455,0.0,0.35000085431164096,0.7071109985142078,0.7071025638337342,4.329754457339348e-17,4.329806104861567e-17
116.965,0.4502777129374347,0.0,0.3500007712483545,0.7071105884716633,0.707102973880932,4.3297569681542894e-17,4.329803594075119e-17
116.983,0.4508176934801405,0.0,0.3500066864967369,0.7071397885247234,0.7070737723075362,4.3295781600873434e-17,4.3299823928326935e-17
116.997,0.4512376435058944,0.0,0.35001531903409017,0.7071823999719984,0.7070311543134746,4.3293172001372755e-17,4.3302433126952556e-17
117.015,0.4517775056609858,0.0,0.35003160130481104,0.7072627643661291,0.7069507635904931,4.3288249489293734e-17,4.3307354026854436e-17
117.028,0.45216733648616714,0.0,0.3500469868296868,0.7073386939979216,0.7068747922887861,4.328359758872061e-17,4.331200337588119e-17
117.051,0.4528568494410958,0.0,0.3500816562211335,0.7075097611299177,0.706703571454034,4.3273113336359273e-17,4.332247821666311e-17
117.064,0.453246445124878,0.0,0.3501054613372842,0.707627196462639,0.7065859826138824,4.326591309652392e-17,4.332966905687931e-17
117.087,0.4539354527034236,0.0,0.3501550232471043,0.7078716302177223,0.706341103952548,4.325091860308479e-17,4.334463630766762e-17
117.098,0.4542648353499149,0.0,0.3501820887602482,0.7080050772431196,0.7062073424979127,4.324272807622137e-17,4.3352807581293045e-17
117.11,0.45462404387588307,0.0,0.3502140950678728,0.7081628511788859,0.7060491315837667,4.3233040451741416e-17,4.33624684485643e-17
117.144,0.45564104374399317,0.0,0.3503188285642572,0.7086788752739208,0.7055311841020854,4.320132531546304e-17,4.339406581137767e-17
117.169,0.45638801879945473,0.0,0.35040907995037757,0.7091232311365059,0.7050845644761496,4.317397775069611e-17,4.342127476061753e-17
117.187,0.45692535168740633,0.0,0.3504810041953079,0.7094771440494058,0.7047284456239146,4.3152171760070823e-17,4.344294567641552e-17
117.202,0.45737278767089135,0.0,0.35054537874214997,0.7097937506508477,0.7044095623548862,4.313264579133496e-17,4.346233223946776e-17
117.215,0.45776029779189314,0.0,0.3506044315296428,0.7100840533208643,0.7041169201342998,4.3114726623398144e-17,4.348010815124875e-17
117.238,0.45844524160834443,0.0,0.3507163238601788,0.7106337718635671,0.7035621097578804,4.308075428581735e-17,4.3513768703936393e-17
117.258,0.4590401208945461,0.0,0.35082131664131716,0.7111491853730552,0.7030411340335927,4.304885372315823e-17,4.3545328679167985e-17
117.279,0.45966396456078157,0.0,0.35093925605358794,0.7117276828884663,0.7024554828672168,4.301299293184227e-17,4.3580751435696136e-17
117.299,0.4602573093154393,0.0,0.351058902906193,0.712314045348634,0.7018608842207009,4.2976584265380625e-17,4.361665578119536e-17
117.319,0.460849832972871,0.0,0.3511856876075367,0.71293482771597,0.7012302984252748,4.293797202158281e-17,4.3654667738151624e-17
117.329,0.4611457720449807,0.0,0.35125175434391703,0.713258084672995,0.7009014942547995,4.2917838572836863e-17,4.367446151803776e-17
117.36,0.4620617391207637,0.0,0.35146787909652416,0.7143144613993492,0.6998248711183089,4.28519144189373e-17,4.3739145936868926e-17
117.375,0.4625041269050561,0.0,0.3515785932261793,0.714854959710511,0.6992727554947952,4.281810708738253e-17,4.377224191320438e-17
117.394,0.46306367369566526,0.0,0.35172456985556033,0.7155669318775846,0.6985441761286828,4.277349446795082e-17,4.3815837634978803e-17
117.419,0.46379847450658085,0.0,0.35192640394698405,0.7165500718394153,0.6975356582619477,4.271174055908182e-17,4.3876037595347296e-17
117.436,0.46429715832964324,0.0,0.3520699774001774,0.7172485272876762,0.6968174438858858,4.2667762612244523e-17,4.3918805656800283e-17
117.454,0.46482427404632465,0.0,0.352227570582288,0.7180143282364106,0.6960283215841263,4.261944280719525e-17,4.396569744083287e-17
117.473,0.46537962975175273,0.0,0.3524001309464278,0.7188518295883533,0.6951633240451319,4.2566476983825254e-17,4.401697960832977e-17
117.484,0.46570064580220905,0.0,0.3525029468315079,0.7193503218141468,0.6946474749870494,4.2534890338934056e-17,4.4047503453765666e-17
117.5,0.4661668968476184,0.0,0.352656305426604,0.7200931533747074,0.6938774030496094,4.2487737032269105e-17,4.409298876841297e-17
117.513,0.4665451164652372,0.0,0.3527842291247023,0.7207121320821912,0.6932344644271101,4.2448368395964504e-17,4.4130890283055996e-17
117.543,0.4674157717469464,0.0,0.35309077890925544,0.7221930031449034,0.6916915976130876,4.235389505069934e-17,4.422156748340102e-17
117.553,0.46770530002769783,0.0,0.353196473551868,0.7227027976964712,0.6911589297706378,4.232127855228609e-17,4.4252783396691026e-17
117.583,0.46857173289468695,0.0,0.3535240699329218,0.7242803025915077,0.6895056513749209,4.222004444751539e-17,4.4349377712708316e-17
117.601,0.46908999466131734,0.0,0.3537281833168329,0.7252612108992517,0.6884738019452528,4.215686189245313e-17,4.44094410236751e-17
117.614,0.469463525721932,0.0,0.3538791159502444,0.7259855705388951,0.6877099325800923,4.2110088383802606e-17,4.4453795259381146e-17
117.632,0.4699796312898034,0.0,0.3540929621044536,0.7270104414084833,0.6866264035725995,4.204374136726214e-17,4.451655050088017e-17
117.65,0.47049443899159904,0.0,0.3543124458108899,0.7280605913185679,0.685512782790268,4.1975551760934823e-17,4.458085363718067e-17
117.674,0.47117877225920796,0.0,0.354613842226984,0.7294997887962316,0.6839810363937392,4.18817593448541e-17,4.466897906639876e-17
117.686,0.4715200263884688,0.0,0.3547682839262832,0.7302359721246937,0.6831950124343001,4.183362925855509e-17,4.47140572942381e-17
117.699,0.47188901663772304,0.0,0.3549384070638464,0.7310458910521721,0.6823282972116397,4.178055825739492e-17,4.4763650525343363e-17
117.723,0.4725682705530659,0.0,0.3552601479143773,0.7325747196158763,0.6806866240640551,4.168003476912314e-17,4.485726427569263e-17
117.733,0.4728505277850908,0.0,0.3553971370785075,0.7332244998325768,0.6799866416667812,4.1637173209009096e-17,4.489705183881921e-17
117.752,0.47338554864255733,0.0,0.3556621558318366,0.734479598853736,0.6786307676989418,4.1554149873271e-17,4.4973904488762993e-17
117.779,0.4741429175982964,0.0,0.3560494204858683,0.7363089782828511,0.6766454673609097,4.143258528805515e-17,4.5085921671877583e-17
117.797,0.4746458743710725,0.0,0.3563145303302574,0.7375581191896328,0.6752836595220201,4.1349198607507647e-17,4.516240949253629e-17
117.807,0.47492460417794347,0.0,0.35646420480005736,0.738262203691431,0.6745138387021218,4.1302060677357376e-17,4.520552223410912e-17
117.837,0.47575776836431877,0.0,0.35692345078624116,0.7404173585535643,0.6721474058214929,4.1157158454724414e-17,4.533748740928803e-17
117.843,0.4759238473420617,0.0,0.35701713633792176,0.740856045136154,0.6716638447804206,4.112754888066734e-17,4.53643492152479e-17
117.875,0.4768064065586972,0.0,0.3575270990719561,0.7432382389217453,0.6690268456530744,4.096607925363439e-17,4.551021651497156e-17
117.888,0.47716338120805646,0.0,0.3577392180922519,0.7442262580117758,0.6679275985357918,4.0898769780451785e-17,4.557071523577667e-17
117.906,0.4776561283285858,0.0,0.35803762575228715,0.745613352333252,0.6663788178073863,4.080393431237064e-17,4.5655650266822235e-17
117.916,0.4779291006225204,0.0,0.35820576377512175,0.7463934451931612,0.6655049398559588,4.075042472056759e-17,4.570341717801851e-17
117.925,0.4781742958576458,0.0,0.35835852424140013,0.7471012749093638,0.6647102263609334,4.070176255367148e-17,4.574675924783296e-17
117.967,0.479312409386338,0.0,0.35908934272906745,0.7504754812781365,0.6608982917214641,4.0468348875932235e-17,4.595336979929196e-17
117.982,0.47971637946641144,0.0,0.3593574847859831,0.7517084662642922,0.6594955509679996,4.0382455777244045e-17,4.602886835512658e-17
118.005,0.4803331817209458,0.0,0.35977589959352774,0.7536270317928249,0.6573022873466489,4.024815711356537e-17,4.6146346611800177e-17
118.01,0.48046684423683456,0.0,0.35986802018237063,0.754048546910698,0.6568186879968207,4.021854519377353e-17,4.617215696879496e-17
118.049,0.48150409905660263,0.0,0.3606007375858649,0.7573898073291391,0.652963000294756,3.9982452413631256e-17,4.6376750162623036e-17
118.063,0.4818741107640186,0.0,0.3608698746464092,0.7586119901926495,0.6515426680854812,3.9895482148940545e-17,4.6451587279211575e-17
118.076,0.48221656707000193,0.0,0.36112266727891357,0.7597574463834992,0.6502065999855926,3.981367157284197e-17,4.652172624209595e-17
118.086,0.4824792495274838,0.0,0.3613190060652543,0.7606454223011571,0.6491675758479427,3.975004969362148e-17,4.6576099085359935e-17
118.103,0.48292430556904853,0.0,0.36165653084522714,0.7621685064999627,0.6473786895624665,3.964051200044413e-17,4.66693610948049e-17
118.129,0.48360126297815387,0.0,0.36218184759382244,0.7645303611291173,0.6445877185548771,3.946961431489626e-17,4.681398298038718e-17
118.139,0.48386041750679726,0.0,0.3623868141065399,0.7654490431027692,0.64349651313201,3.9402797253479936e-17,4.687023602731053e-17
118.164,0.484505306580959,0.0,0.36290630484654196,0.7677702519212197,0.6407252455341734,3.923310605381637e-17,4.701236907479394e-17
118.174,0.4847620494171798,0.0,0.3631169229445566,0.7687083955238866,0.639599407950861,3.9164168384178204e-17,4.706981380280127e-17
118.192,0.48522241661660154,0.0,0.3635000852151097,0.7704107218833747,0.6375478959318567,3.903854950280391e-17,4.7174051229163825e-17
118.229,0.4861614649263213,0.0,0.36430397898862354,0.7739639147543727,0.633229704497575,3.8774136536898974e-17,4.739162154297487e-17
118.24,0.48643872689631507,0.0,0.3645471806318165,0.7750339458818614,0.6319196014769537,3.869391586336112e-17,4.745714205273822e-17
118.259,0.48691553399284127,0.0,0.36497177646071616,0.7768965840028791,0.6296282218616455,3.8553609327785186e-17,4.7571195743381936e-17
118.269,0.48716540669834313,0.0,0.36519754141476635,0.7778841361891795,0.6284077264525111,3.847887553797666e-17,4.763166587457912e-17
118.293,0.4877620296419096,0.0,0.36574580682079816,0.78027414768104,0.6254376503382464,3.829701082764875e-17,4.7778011870750736e-17
118.304,0.48803401779705335,0.0,0.3660001190178806,0.7813787827066854,0.6240570470203975,3.821247325594396e-17,4.784565125816987e-17
118.328,0.4886242100231792,0.0,0.3665615516384732,0.7838085068434333,0.6210025962907624,3.802544209048391e-17,4.799442895251384e-17
118.341,0.4889420246255717,0.0,0.3668694097124001,0.7851356065921071,0.6193238888184792,3.792265090385209e-17,4.807569037548198e-17
118.37,0.4896461853216312,0.0,0.367565616251599,0.7881231002756947,0.6155176510968856,3.768958606172491e-17,4.8258621604335897e-17
118.392,0.4901758847324371,0.0,0.36810243256444786,0.7904136496983071,0.6125734750791957,3.7509307274915396e-17,4.8398877305270456e-17
118.393,0.4901998689080742,0.0,0.36812701011275895,0.7905182488080353,0.612438485320344,3.750104153611063e-17,4.8405282153516574e-17
118.422,0.4908918519227352,0.0,0.36884641980860994,0.7935694298924718,0.6084797120201604,3.725863658357963e-17,4.8592113110950276e-17
118.432,0.49112885884682633,0.0,0.3690974685515079,0.7946293797543029,0.6070948433575202,3.717383783483254e-17,4.865701632122768e-17
118.453,0.49162385723615704,0.0,0.3696296154120955,0.7968679115973024,0.6041535661291373,3.699373654767534e-17,4.879408686404362e-17
118.468,0.49197515412926207,0.0,0.37001380640030346,0.7984770798202402,0.602025209606493,3.68634122975303e-17,4.889261999971914e-17
118.503,0.49278737820223784,0.0,0.370923416335657,0.802263575059657,0.5969699792556559,3.655386871412504e-17,4.9124475963466064e-17
118.521,0.4932009694383755,0.0,0.37139835108480573,0.8042275269528176,0.594321533255657,3.6391698168294376e-17,4.9244733333447994e-17
118.533,0.4934751218765138,0.0,0.3717176518545945,0.8055428392458133,0.59253753816935,3.6282459974687354e-17,4.9325272982922804e-17
118.561,0.4941098588443825,0.0,0.3724709751719012,0.8086298802988362,0.5883177004713438,3.6024069438198123e-17,4.9514299730143853e-17
118.589,0.4947375783336848,0.0,0.37323583197605953,0.8117408963306834,0.5840177370801839,3.576077261802638e-17,4.970479452141874e-17
118.596,0.4948933995505566,0.0,0.37342883805203453,0.8125222220248812,0.5829302177068448,3.5694181262047865e-17,4.9752636921943295e-17
118.62,0.4954242426493712,0.0,0.3740959851818558,0.8152113990107234,0.5791635131143701,3.546353712592247e-17,4.991730152134591e-17
118.63,0.49564386216331807,0.0,0.3743764269516002,0.8163364575513695,0.5775766512528714,3.53663698609538e-17,4.998619148837869e-17
118.656,0.4962105207478169,0.0,0.37511231991869526,0.8192735374178627,0.5734028870583247,3.511080051289143e-17,5.016603576124574e-17
118.679,0.4967065042617799,0.0,0.37577137692075674,0.8218853120360484,0.5696529942512435,3.488118580172455e-17,5.0325960832558514e-17
118.692,0.4969846232816666,0.0,0.37614722034881165,0.8233668358802172,0.5675095184863417,3.47499357649977e-17,5.04166780042396e-17
118.709,0.49734587819468556,0.0,0.37664232097596084,0.8253096743281335,0.5646803887690719,3.457670153236635e-17,5.053564254856466e-17
118.727,0.49772534747030334,0.0,0.377170986940182,0.82737318543171,0.56165257235108,3.439130124813137e-17,5.066199616196466e-17
118.75,0.4982056396347649,0.0,0.3778531140281883,0.8300188047663296,0.5577354065632499,3.4151444020941584e-17,5.082399362445987e-17
118.763,0.49847481469770694,0.0,0.3782419261114559,0.8315182746953168,0.5554973976966262,3.401440550119288e-17,5.0915809676907465e-17
118.781,0.4988447606872538,0.0,0.3787841487037795,0.8335990135856891,0.5523700612351887,3.3822911371825065e-17,5.104321818800526e-17
118.786,0.4989469520234269,0.0,0.37893556010667867,0.8341778842937888,0.5514954735581592,3.376935832186267e-17,5.107866379599498e-17
118.815,0.4995347248260853,0.0,0.37982051628456603,0.8375423235788501,0.546372451917317,3.345566371914167e-17,5.1284676286063775e-17
118.833,0.49989528142085043,0.0,0.3803755755346813,0.839636057247788,0.5431494190086088,3.3258309872381866e-17,5.141288049786037e-17
118.847,0.5001734345410842,0.0,0.3808103265825087,0.8412670745041296,0.5406197456209524,3.310341205152778e-17,5.151275150097701e-17
118.871,0.5006455909327607,0.0,0.38156176064086966,0.8440676834252984,0.5362366509266691,3.283502490714209e-17,5.168423933852565e-17
118.893,0.5010731674486114,0.0,0.38225734948199547,0.8466392406134746,0.5321672634176581,3.258584678777207e-17,5.184170180249188e-17
118.9,0.5012081571334807,0.0,0.38248002382998614,0.8474581992081067,0.530862129554325,3.250593038736258e-17,5.18918485535694e-17
118.923,0.5016480755002654,0.0,0.3832162311901984,0.8501511185804063,0.5265387693004989,3.224120092254213e-17,5.205674230805182e-17
118.952,0.5021947837741766,0.0,0.3841543959619563,0.853549921502416,0.521011066584213,3.190272675063525e-17,5.226485896402042e-17
118.96,0.5023440229458102,0.0,0.38441512999508654,0.8544879642770693,0.5194711916031821,3.180843660230492e-17,5.232229751809254e-17
118.977,0.502658876384839,0.0,0.38497194273319985,0.8564816519867613,0.5161774692971675,3.160675427833787e-17,5.244437568170123e-17
118.989,0.5028792503920223,0.0,0.3853672309313435,0.857889083109086,0.5138349161766371,3.146331426929336e-17,5.253055598264999e-17
119.014,0.5033333441860757,0.0,0.38619667246621214,0.8608209269237511,0.5089079796683621,3.11616264180703e-17,5.2710079639811474e-17
119.033,0.5036738883897335,0.0,0.3868323647397656,0.8630482623052238,0.5051214675025538,3.092976941788082e-17,5.284646459708888e-17
119.05,0.5039752177675164,0.0,0.38740500388751953,0.8650400353643791,0.5017028375610344,3.072043870711326e-17,5.2968425522165005e-17
119.068,0.504290782970989,0.0,0.38801527532585817,0.8671474020670105,0.49805158677433653,3.0496864077672575e-17,5.3097464516515363e-17
119.091,0.5046887465762532,0.0,0.3888009305219142,0.8698371052146824,0.49333904203067236,3.0208303935864226e-17,5.326216133403801e-17
119.11,0.505013018293534,0.0,0.38945487261196265,0.872055850354781,0.48940636884086397,2.996749715416465e-17,5.3398020290735286e-17
119.128,0.5053164579712708,0.0,0.39007847167904997,0.8741546542860333,0.48564765045253294,2.973734203200635e-17,5.352653496655759e-17
119.14,0.505516704754138,0.0,0.39049639227475424,0.8755519215056631,0.483124034537448,2.9582815124372054e-17,5.3612092907961244e-17
119.15,0.5056823210175836,0.0,0.3908459890533765,0.8767150160598998,0.4810101668521049,2.9453378059638226e-17,5.368331190910883e-17
119.175,0.506091340431974,0.0,0.39172523435380735,0.8796170788898758,0.47568245135304493,2.912714957300365e-17,5.3861012006891563e-17
119.194,0.5063973699203499,0.0,0.39239844147583247,0.8818166509105786,0.47159240258601587,2.8876706316458717e-17,5.399569694862395e-17
119.211,0.5066676306105059,0.0,0.3930043988109528,0.8837798243169082,0.46790300504524973,2.865079587200465e-17,5.411590665003559e-17
119.224,0.506872023448483,0.0,0.393470064569453,0.8852777311762399,0.465062725536512,2.847687891155167e-17,5.420762699207066e-17
119.247,0.5072287808133501,0.0,0.39429875132716974,0.887920217339396,0.4599974865583069,2.816672247647291e-17,5.436943260314567e-17
119.27,0.5075792902646852,0.0,0.3951335380703881,0.8905521261905835,0.45488120486279826,2.7853440576375867e-17,5.4530590540658394e-17
119.295,0.5079531424442137,0.0,0.3960477587632314,0.8933998177664978,0.4492624685134387,2.7509392202101064e-17,5.470496135932851e-17
119.305,0.5081005901337482,0.0,0.3964154251917577,0.8945348223057455,0.446998268097795,2.7370749912518757e-17,5.4774460343128885e-17
119.318,0.508290475736153,0.0,0.3968950686924524,0.8960066677745092,0.44404059645895033,2.7189644757246752e-17,5.486458488523693e-17
119.33,0.5084639463925122,0.0,0.39733948991310386,0.8973614889513554,0.44129622494080606,2.7021600467478425e-17,5.494754375611902e-17
119.353,0.5087915576416113,0.0,0.39819575281154407,0.8999475306907339,0.43599821330327787,2.669719081779121e-17,5.510589314304858e-17
119.376,0.5091127286788115,0.0,0.399057816260018,0.9025187383446216,0.4306505856687443,2.6369743064508036e-17,5.526333420421242e-17
119.4,0.509440953971286,0.0,0.39996347344969774,0.9051849306194099,0.4250179306565009,2.602484241793578e-17,5.5426591395973964e-17
119.402,0.5094679861622369,0.0,0.400039224351905,0.9054063066114556,0.4245461340634288,2.5995953208558056e-17,5.544014676597731e-17
119.413,0.5096157805942354,0.0,0.40045661801328936,0.906621590061173,0.4219446556539735,2.583665859819854e-17,5.551456141531497e-17
119.431,0.5098543955329442,0.0,0.40114239872617186,0.908601694831175,0.4176636926402825,2.5574525215599298e-17,5.563580786374293e-17
119.453,0.5101405662395608,0.0,0.40198520840230406,0.911006866687844,0.41239118425058113,2.525167718945303e-17,5.578308216452639e-17
119.466,0.5103068263755365,0.0,0.40248560557479535,0.9124200728296471,0.40925494584371414,2.5059637973136394e-17,5.586961608343111e-17
119.496,0.5106824064090791,0.0,0.4036470188433684,0.9156575123151657,0.401959351353843,2.4612911651141505e-17,5.60678520785998e-17
119.515,0.5109144006254345,0.0,0.4043873263024192,0.9176900017998494,0.3972971942974081,2.4327436865327245e-17,5.619230616568572e-17
119.525,0.5110346648148169,0.0,0.4047784239793924,0.918753951839253,0.39483056616700213,2.4176399453097822e-17,5.625745431619613e-17
119.539,0.5112008979428202,0.0,0.40532764118398806,0.9202366079583854,0.39136247312848604,2.3964040001159624e-17,5.634824081972272e-17
119.571,0.5115714581511364,0.0,0.40659027858103236,0.9235944250904464,0.3833710186514466,2.347470454386772e-17,5.655384781986775e-17
119.594,0.5118296770880915,0.0,0.40750397550061057,0.9259800708719688,0.3775723882223694,2.3119640834147324e-17,5.669992649337979e-17
119.604,0.5119398174378049,0.0,0.40790282569188285,0.927009803629421,0.3750370967983599,2.2964399007781376e-17,5.676297943964935e-17
119.636,0.5122835560521709,0.0,0.4091855404859031,0.9302733496248367,0.3668671353198408,2.2464133149090093e-17,5.696281399750715e-17
119.654,0.5124710513642236,0.0,0.4099112971165483,0.9320872994019307,0.36223371777571395,2.2180418150863688e-17,5.707388638692376e-17
119.677,0.5127044601807987,0.0,0.4108430175207814,0.9343814849674011,0.3562741087282577,2.1815497343656846e-17,5.721436473739392e-17
119.695,0.5128822811640267,0.0,0.4115755633262378,0.9361579310555816,0.3515797606827402,2.1528051428255514e-17,5.732314068818133e-17
119.705,0.512979225490247,0.0,0.4119837990622074,0.9371374716990263,0.3489603976636269,2.136766170139741e-17,5.738312025386279e-17
119.73,0.5132158004693358,0.0,0.41300829850201404,0.9395627523497567,0.34237674336460083,2.096452914319766e-17,5.753162586316035e-17
119.743,0.5133355429263662,0.0,0.4135432223136466,0.9408103230372948,0.33893352750423045,2.0753692979088862e-17,5.760801753562052e-17
119.768,0.5135594909924037,0.0,0.4145760627968,0.943182721245595,0.3322745165428042,2.0345946156118973e-17,5.775328502922541e-17
119.782,0.5136812545967531,0.0,0.41515680509912434,0.9444955602135587,0.32852417983593823,2.011630426392956e-17,5.783367323122104e-17
119.815,0.5139578633420375,0.0,0.4165322662189578,0.947544275091417,0.3196245402679228,1.9571358508402798e-17,5.802035317705515e-17
119.828,0.5140628044458977,0.0,0.41707661107936345,0.9487272234634064,0.3160959592582853,1.9355295236453564e-17,5.809278787392082e-17
119.847,0.5142120714029659,0.0,0.41787469050200104,0.9504373620170571,0.310916099425645,1.903812029824982e-17,5.819750365921216e-17
119.87,0.5143862153399594,0.0,0.4188447025133252,0.9524771204074123,0.30461013624041433,1.865199141673313e-17,5.832240283840128e-17
119.883,0.5144814628555017,0.0,0.41939484118271414,0.953615025513669,0.301028874220671,1.8432702363263795e-17,5.839207943070681e-17
119.896,0.5145744064860516,0.0,0.41994631428186485,0.9547419245633145,0.2974354677592069,1.8212669677210423e-17,5.846108209641235e-17
119.919,0.5147331869272358,0.0,0.4209252249941832,0.9567082925479453,0.29104852339428733,1.7821582128568877e-17,5.858148740932854e-17
119.937,0.5148523926844091,0.0,0.4216941649450474,0.9582223855987696,0.28602422928381954,1.7513932843550913e-17,5.867419886974371e-17
119.956,0.5149733891726302,0.0,0.4225084818844153,0.9597965467693408,0.28069661346309227,1.718771046045389e-17,5.87705884416878e-17
119.974,0.5150834276449807,0.0,0.42328242050080545,0.9612647146560777,0.27562682807950595,1.6877275638335238e-17,5.886048779684297e-17
119.997,0.515217515088505,0.0,0.4242747957182224,0.9631073907299667,0.2691173608694082,1.6478685729185194e-17,5.897331916463065e-17
120.01,0.515290061101463,0.0,0.424837391263804,0.9641321275612637,0.26542275826347544,1.6252456566411345e-17,5.903606619865145e-17
120.023,0.5153602600817522,0.0,0.4254011885758783,0.9651445926413234,0.2617172430223388,1.6025559197448857e-17,5.909806180462863e-17
120.038,0.5154383371791811,0.0,0.4260531993179475,0.9662974127165663,0.25742826219603365,1.576293486542191e-17,5.916865167538559e-17
120.063,0.515561493232585,0.0,0.42714334135962395,0.9681816065789012,0.25024862973110945,1.5323309169560718e-17,5.928402527450967e-17
120.074,0.5156129148580056,0.0,0.4276243518789749,0.9689957491942222,0.247077392821618,1.5129126913033387e-17,5.933387713190478e-17
120.104,0.5157445377973,0.0,0.4289403005751291,0.9711691309541753,0.23839152476904824,1.4597270887613596e-17,5.946695838268738e-17
120.117,0.5157976494176149,0.0,0.4295123774017301,0.9720893042101303,0.23461113494517852,1.4365788772747032e-17,5.952330274431568e-17
120.14,0.5158857875585674,0.0,0.43052716982678846,0.9736848057255338,0.22789887910919915,1.3954781641517518e-17,5.962099903550937e-17
120.163,0.5159664617092932,0.0,0.4315452906057917,0.9752382637867653,0.22115679697032986,1.3541948175969777e-17,5.97161209076242e-17
120.176,0.5160087514480873,0.0,0.4321221931636162,0.9760974825080879,0.2173331650746684,1.33078182478628e-17,5.976873288046598e-17
120.183,0.5160305315699523,0.0,0.43243325826609413,0.9765544598235144,0.2152704972791301,1.3181516272187285e-17,5.979671467079697e-17
120.206,0.5160972020785195,0.0,0.43345739365700237,0.9780277349091162,0.20847481802017112,1.2765400929561475e-17,5.988692675168927e-17
120.223,0.5161416509053786,0.0,0.43421636361315347,0.9790886182682349,0.20343420945750143,1.2456752672460066e-17,5.995188712218993e-17
120.244,0.5161908797222179,0.0,0.43515621012466404,0.9803658258345176,0.19718734121592185,1.2074242312622783e-17,6.003009353008468e-17
120.266,0.5162357085265329,0.0,0.4361434715038151,0.9816639655089654,0.19061967060409246,1.1672088472991233e-17,6.010958165994261e-17
120.28,0.5162606366998459,0.0,0.4367731152067536,0.9824685979118998,0.18642814733034738,1.1415431694954055e-17,6.01588511847798e-17
120.298,0.5162885673918849,0.0,0.43758420816916166,0.9834783866339095,0.18102558665548477,1.1084620263070562e-17,6.022068291109102e-17
120.322,0.5163185874849414,0.0,0.4386683189416562,0.984781096296804,0.17379928761782884,1.0642137063763216e-17,6.030045087203513e-17
120.345,0.516339599658582,0.0,0.4397100281767802,0.9859822259363036,0.1668503824918957,1.0216639342760584e-17,6.037399885045383e-17
120.359,0.5163486668590417,0.0,0.4403454050785748,0.9866904812211105,0.1626096376837897,9.956968614998193e-18,6.041736697882973e-17
120.369,0.5163534166078563,0.0,0.44079983257457434,0.9871857132502775,0.15957558570953437,9.771186513062269e-18,6.044769119479746e-17
120.401,0.5163589330919768,0.0,0.4422572051785278,0.9887102838898563,0.14983982958626157,9.175043384380006e-18,6.054104422248917e-17
120.415,0.5163567011880732,0.0,0.4428963020041172,0.9893482422642826,0.1455680443248942,8.913471977031086e-18,6.058010790655069e-17
120.433,0.5163496711557779,0.0,0.4437192960706002,0.9901422934197186,0.1400651233588855,8.576515249681915e-18,6.062872951684389e-17
120.45,0.5163387298315818,0.0,0.44449787739219204,0.9908650292784646,0.13485730886009634,8.25762858185715e-18,6.067298432464601e-17
120.469,0.516321550947819,0.0,0.4453695211182595,0.9916413311421545,0.12902507651854334,7.90050734840882e-18,6.0720519104273e-17
120.488,0.516299141595055,0.0,0.44624266735291945,0.9923842253783693,0.12318096127313628,7.542658496952022e-18,6.076600825669727e-17
120.497,0.5162866996009386,0.0,0.4466567743812204,0.9927244054188458,0.12040869937757498,7.372906414112155e-18,6.078683827658245e-17
120.533,0.5162251746262193,0.0,0.4483163765736628,0.9940093261613523,0.10929528582813743,6.692406097566179e-18,6.086551698030588e-17
120.551,0.5161873515146583,0.0,0.4491480148283223,0.9946060409086271,0.10372474819475971,6.351309043453884e-18,6.090205522056858e-17
120.555,0.5161783066451034,0.0,0.4493329840418692,0.9947344814116433,0.10248566480590827,6.275437068152206e-18,6.090991993311357e-17
120.569,0.5161448168156584,0.0,0.4499808265207995,0.9951720666987135,0.09814559420886552,6.009684389915109e-18,6.093671430417179e-17
120.596,0.5160721739347778,0.0,0.45123215990826565,0.9959632705578457,0.08976170508473771,5.496319240901637e-18,6.098516156784976e-17
120.614,0.516017847483701,0.0,0.4520677364360928,0.9964519998548134,0.08416300841428488,5.153497943058287e-18,6.101508760630881e-17
120.632,0.5159587999041219,0.0,0.4529043512933734,0.9969096001122766,0.07855729885873565,4.810247229850632e-18,6.104310754083836e-17
120.645,0.515913217079347,0.0,0.45350919705620274,0.9972206676981181,0.07450463016295955,4.5620928425362876e-18,6.106215493700434e-17
120.664,0.5158421628329823,0.0,0.4543941100690872,0.9976459147953289,0.06857571503229985,4.199051495677353e-18,6.108819381182663e-17
120.679,0.5157823475959395,0.0,0.4550934604319657,0.9979569175116775,0.06389045930802865,3.9121623243815755e-18,6.110723723588175e-17
120.71,0.5156483249664656,0.0,0.4565407364380687,0.9985303082654556,0.05419615738494819,3.3185575333781495e-18,6.11423472934455e-17
120.726,0.5155736637485948,0.0,0.4572886952425364,0.9987895752941776,0.049187236999820715,3.011849617536635e-18,6.115822282028795e-17
120.742,0.5154952651052893,0.0,0.4580372838777931,0.9990238053076997,0.044175065687820675,2.704942639835683e-18,6.117256527210416e-17
120.761,0.5153973119483516,0.0,0.45892701326091223,0.9992693739079638,0.038219345488720295,2.340259955913407e-18,6.118760201211837e-17
120.772,0.5153381929695491,0.0,0.45944249013592836,0.9993953535466992,0.034769631997882834,2.1290259266869302e-18,6.119531604018513e-17
120.785,0.5152660472166048,0.0,0.4600520253542389,0.9995289109511492,0.030691304514630615,1.8793003917749547e-18,6.120349407257823e-17
120.797,0.5151972609189777,0.0,0.4606149836195563,0.9996374429886904,0.02692550046020789,1.648711397701709e-18,6.121013974319723e-17
120.833,0.5149782875579324,0.0,0.4623055289047368,0.9998779592026804,0.015622634242754854,9.566104509819784e-19,6.122486711377752e-17
120.843,0.5149141041042814,0.0,0.4627755398194803,0.999922098575649,0.012481858037570783,7.642933746561362e-19,6.122756987086864e-17
120.875,0.5146989101963079,0.0,0.46428067057769307,0.999997048505587,0.002429604929759043,1.487703950211021e-19,6.123215923045838e-17
120.888,0.5146072202700548,0.0,0.4648925711002196,0.9999986313846242,-0.0016544572761528977,-1.0130629037833474e-19,6.12322561538457e-17
120.91,0.514446438132994,0.0,0.4659286182641198,0.9999633138171427,-0.008565688520992,-5.244971514863039e-19,6.12300935765472e-17
120.915,0.5144089126523229,0.0,0.46616416924382165,0.9999486263468186,-0.010136304410905411,-6.206696375999255e-19,6.12291942283712e-17
120.94,0.5142158204401625,0.0,0.46734235689143144,0.9998381992847649,-0.017988197547247953,-1.1014594274333739e-18,6.122243252096704e-17
120.964,0.5140218874016382,0.0,0.4684740248368185,0.9996742276307126,-0.025523295456077122,-1.5628511041988517e-18,6.121239215290273e-17
120.978,0.5139048878823187,0.0,0.4691344020921846,0.9995523838093718,-0.029917085770547334,-1.8318931664358808e-18,6.120493137061269e-17
120.983,0.5138624112614381,0.0,0.4693702889935599,0.9995041948548842,-0.03148594079092572,-1.927957830387513e-18,6.120198064816932e-17
121.014,0.5135909428653117,0.0,0.47083317063752794,0.9991505933615493,-0.04120790925616071,-2.5232567085055903e-18,6.118032880132e-17
121.025,0.5134912587042173,0.0,0.4713523919830986,0.9990024543019739,-0.04465530538057682,-2.734348839963549e-18,6.117125790006312e-17
121.042,0.5133337458657419,0.0,0.4721549320801438,0.9987502030025829,-0.04998031614845431,-3.060411709578867e-18,6.115581196274412e-17
121.068,0.5130847345456868,0.0,0.4733825307100808,0.9983097727532944,-0.05811710269159877,-3.558646189349223e-18,6.112884338799218e-17
121.086,0.5129066031296365,0.0,0.4742324835251153,0.9979662570160068,-0.06374441040170871,-3.903219408099391e-18,6.110780911558589e-17
121.105,0.5127134871090713,0.0,0.475129674878789,0.9975694954529181,-0.06967856013014656,-4.2665812816290186e-18,6.108351447667281e-17
121.114,0.5126201886501482,0.0,0.47555465415546627,0.9973693394983715,-0.07248724459228838,-4.438563603447862e-18,6.107125845921953e-17
121.142,0.5123224427546598,0.0,0.4768767223405773,0.9966965696956063,-0.08121544161679749,-4.973011530867489e-18,6.103006318994356e-17
121.159,0.5121361483308413,0.0,0.47767929457026354,0.9962512582568601,-0.08650682297728307,-5.297015193176821e-18,6.100279572853934e-17
121.165,0.5120694026695773,0.0,0.47796252733408595,0.9960874653080752,-0.08837285474699816,-5.411276684871264e-18,6.099276630301673e-17
121.199,0.5116813873304904,0.0,0.4795671508139798,0.995094286747459,-0.09893108956524069,-6.0577821086116064e-18,6.09319516557547e-17
121.209,0.5115641016278583,0.0,0.48003895732494795,0.9947812190763933,-0.10203100593880718,-6.24759724183724e-18,6.091278178969034e-17
121.227,0.5113493692624164,0.0,0.4808880122547671,0.9941938112094297,-0.10760420880648129,-6.588857494482038e-18,6.087681343148681e-17
121.253,0.5110309993986274,0.0,0.48211390985827013,0.9932913654578603,-0.11563850270069763,-7.080816109530095e-18,6.082155456643363e-17
121.281,0.5106773220073313,0.0,0.48343330610926816,0.99224863859446,-0.12426841596898473,-7.609245892576449e-18,6.075770596065121e-17
121.285,0.5106258824129615,0.0,0.4836217152606179,0.9920937120597826,-0.12549926888807456,-7.684613896955675e-18,6.074821944641144e-17
121.308,0.5103256764576413,0.0,0.4847046613273419,0.9911741035028819,-0.13256657401192184,-8.11736152688154e-18,6.069190966262758e-17
121.327,0.5100719978658869,0.0,0.4855987060376164,0.9903776235256335,-0.13839133939563775,-8.474025541029138e-18,6.064313932989148e-17
121.344,0.509840672567629,0.0,0.4863981692919098,0.9896369426833358,-0.1435922061825779,-8.79248678420004e-18,6.059778570875599e-17
121.354,0.5097026827752369,0.0,0.4868682201164968,0.9891889428381462,-0.14664663435193726,-8.979516568241612e-18,6.05703536299345e-17
121.386,0.509251596760713,0.0,0.48837119212790325,0.9876945271785766,-0.15639539948952452,-9.57645626931089e-18,6.047884706223012e-17
121.404,0.5089915002477035,0.0,0.48921575730725564,0.9868135017828285,-0.16186139965758276,-9.91115224980846e-18,6.042489981568659e-17
121.414,0.5088450276377123,0.0,0.48968467527306153,0.9863115683096696,-0.16489235949103248,-1.0096745012727381e-17,6.039416525462215e-17
121.427,0.5086525079504773,0.0,0.49029395095949796,0.9856458080703544,-0.1688263635613173,-1.033763328735273e-17,6.03533991973183e-17
121.459,0.5081684956464201,0.0,0.49179208997493384,0.9839437145128613,-0.17847903706215118,-1.0928689072653264e-17,6.024917602596664e-17
121.483,0.5077960691833545,0.0,0.492914084229609,0.9826086670404212,-0.18568846883166118,-1.1370139449663346e-17,6.016742794527496e-17
121.496,0.5075909774372116,0.0,0.493521218739825,0.9818648104428946,-0.18958242010782142,-1.1608575197982615e-17,6.012187986521568e-17
121.506,0.5074316107464039,0.0,0.49398794070144714,0.9812827867122877,-0.1925723046083385,-1.1791652822151542e-17,6.008624119027991e-17
121.532,0.5070107444589147,0.0,0.4952001284436226,0.9797298608985695,-0.2003232379522399,-1.226626060765221e-17,5.999115190892573e-17
121.55,0.5067138778462666,0.0,0.49603819795025256,0.9786215064618905,-0.20566950938401143,-1.2593625317466806e-17,5.992328477326575e-17
121.568,0.5064125259114002,0.0,0.4968752933521331,0.9774862441429036,-0.2109991528689149,-1.2919971859185985e-17,5.985377000500876e-17
121.578,0.5062431742482703,0.0,0.49733991151849427,0.9768440138450295,-0.21395273453529848,-1.3100826575873833e-17,5.98144447410784e-17
121.615,0.5056045996884095,0.0,0.4990561761444001,0.9743970393569271,-0.22483418266014413,-1.3767123106682843e-17,5.966461076735592e-17
121.633,0.5052871473758251,0.0,0.4998894395320882,0.9731668716047249,-0.23010049980622108,-1.408959202849474e-17,5.958928471734848e-17
121.641,0.5051446345108009,0.0,0.5002594125718236,0.9726118862126604,-0.2324351926835757,-1.4232550736456964e-17,5.955530166315022e-17
121.673,0.5045658530136692,0.0,0.5017369713566731,0.9703418326907521,-0.2417368977428816,-1.480211590283155e-17,5.94163009741753e-17
121.688,0.5042897550026539,0.0,0.5024282503868608,0.9692504751984644,-0.2460762408838995,-1.5067824037234028e-17,5.934947460119253e-17
121.702,0.5040293118302621,0.0,0.5030726537130248,0.9682163855277931,-0.2501140355827636,-1.5315067654912935e-17,5.928615487093157e-17
121.71,0.5038792967732663,0.0,0.5034405345966004,0.9676188200569834,-0.25241596437533664,-1.5456020141297417e-17,5.924956453887617e-17
121.715,0.5037850984029395,0.0,0.5036703291723446,0.967242898708278,-0.25385266376071,-1.554399260647914e-17,5.9226545995055e-17
121.751,0.5030969305100954,0.0,0.5053217991500502,0.9644814463256873,-0.26415060040346366,-1.6174559363847665e-17,5.905745580398813e-17
121.77,0.5027267183960131,0.0,0.5061911818042996,0.9629857780651069,-0.2695522050444788,-1.65053122555416e-17,5.896587253659283e-17
121.78,0.5025299314793471,0.0,0.5066481138148224,0.9621881494701536,-0.2723856916565211,-1.6678813271034823e-17,5.891703187130693e-17
121.788,0.5023715415949596,0.0,0.507013337099955,0.9615449156843029,-0.2746477291398327,-1.6817323119209267e-17,5.887764516145966e-17
121.836,0.5014033498694377,0.0,0.5091984735557025,0.9575914465013555,-0.28812952224206667,-1.7642844857680154e-17,5.863556499243845e-17
121.847,0.5011771807435557,0.0,0.5096976906558875,0.9566631570008443,-0.291196847574245,-1.7830664365179944e-17,5.857872365416429e-17
121.858,0.5009494185972184,0.0,0.510196314557865,0.9557267256598677,-0.2942557150837821,-1.8017965980408466e-17,5.852138377194687e-17
121.882,0.5004469705871277,0.0,0.5112821219453261,0.9536557321381701,-0.3008998912595529,-1.8424804434739906e-17,5.839457199257679e-17
121.907,0.4999155812784024,0.0,0.5124100334148493,0.9514585542435255,-0.307776898997992,-1.8845899710469456e-17,5.826003364878509e-17
121.925,0.4995279461672675,0.0,0.5132200932924863,0.94985191756322,-0.3127000714766053,-1.914735708134866e-17,5.816165552538865e-17
121.93,0.49941952423723807,0.0,0.5134448016574071,0.9494020222189108,-0.31406336973076454,-1.9230835023510626e-17,5.813410738072068e-17
121.961,0.49874010193244067,0.0,0.5148349398973295,0.9465783031889023,-0.3224740546648961,-1.974584094267168e-17,5.796120445713111e-17
121.981,0.4982952057955174,0.0,0.5157289536640468,0.9447257501359483,-0.3278616431211036,-2.0075735590572568e-17,5.784776829880356e-17
122.0,0.4978678145561224,0.0,0.5165761434718079,0.9429440126276705,-0.3329513313528384,-2.0387389110655165e-17,5.773866834198191e-17
122.018,0.49745867613761147,0.0,0.5173767972533447,0.941236862920833,-0.33774719521995905,-2.0681051077355954e-17,5.763413557077471e-17
122.028,0.49722960038919556,0.0,0.5178207729285288,0.9402805251266231,-0.34040054945255577,-2.0843522165753635e-17,5.757557676984557e-17
122.063,0.49641789201580244,0.0,0.5193699073401885,0.9368898953403699,-0.3496245472061575,-2.1408329131968174e-17,5.736796057410414e-17
122.077,0.496088898622168,0.0,0.5199874380779258,0.9355151765020551,-0.35328650488566454,-2.1632559369509243e-17,5.728378332285064e-17
122.098,0.4955908174415391,0.0,0.5209114077449414,0.9334338983979493,-0.3587494352909936,-2.1967067381251792e-17,5.715634179443422e-17
122.117,0.4951354470387187,0.0,0.521744933609789,0.9315314564860356,-0.3636607561684448,-2.22677990508596e-17,5.703985082453477e-17
122.127,0.4948939830052601,0.0,0.5221826833436387,0.9305229439065197,-0.36623360149437945,-2.2425340390514956e-17,5.697809723941457e-17
122.154,0.4942358756042281,0.0,0.5233612859471355,0.9277757158446502,-0.3731383404167237,-2.2848133711524808e-17,5.680987803678976e-17
122.173,0.4937674054334812,0.0,0.5241877183873269,0.9258218460507958,-0.3779601954903409,-2.3143387180617693e-17,5.669023801734003e-17
122.183,0.4935190735202687,0.0,0.5246216864307699,0.9247868386439014,-0.3804856148016882,-2.329802451442501e-17,5.662686209194268e-17
122.211,0.4928172891081204,0.0,0.5258330815310575,0.9218651237962782,-0.3875108947217778,-2.3728198842787607e-17,5.644795865513453e-17
122.228,0.4923865885753962,0.0,0.5265658588463681,0.9200746940256963,-0.391742973661968,-2.3987338939179748e-17,5.633832645075247e-17
122.252,0.491772640977971,0.0,0.5275968126318905,0.9175265831293206,-0.3976744513430979,-2.4350537197000236e-17,5.618229965809652e-17
122.257,0.4916438697365278,0.0,0.5278110642768583,0.9169927947777409,-0.3989037657452082,-2.442581099438474e-17,5.61496145482873e-17
122.284,0.49094337640328317,0.0,0.5289648159062518,0.9140934570568484,-0.4055035779939057,-2.4829932941651784e-17,5.597208131531039e-17
122.302,0.4904715968845557,0.0,0.529730937815592,0.9121452355217574,-0.4098671361733675,-2.5097123819520343e-17,5.585278715196145e-17
122.315,0.49012850111607636,0.0,0.5302827102298755,0.9107308469126821,-0.4130003928348117,-2.5288980456587582e-17,5.576618082781872e-17
122.338,0.48951665132376987,0.0,0.5312557205558884,0.908213939060221,-0.4185062017422408,-2.5626114019347583e-17,5.561206467055544e-17
122.359,0.4889526435515906,0.0,0.5321404974566514,0.9059003333167357,-0.4234909516112795,-2.5931341917931002e-17,5.547039717714304e-17
122.375,0.488519509812466,0.0,0.5328122577670826,0.9041280592291004,-0.42726157388024055,-2.6162225942554847e-17,5.536187668771132e-17
122.399,0.4878643105386079,0.0,0.5338160234157003,0.9014549305867534,-0.43287296995866076,-2.6505824854864115e-17,5.519819476593335e-17
122.419,0.48731330423790575,0.0,0.5346488933433936,0.8992144940449991,-0.43750804986810965,-2.6789641643609054e-17,5.506100759395574e-17
122.436,0.48684139470392357,0.0,0.5353542227482224,0.8973014351689511,-0.4414183213729814,-2.702907671772097e-17,5.494386652249911e-17
122.455,0.4863101262819335,0.0,0.5361396582529449,0.8951543457915123,-0.44575632043816216,-2.729470255121486e-17,5.481239521582093e-17
122.473,0.48580310383565717,0.0,0.5368809236043344,0.893111986526191,-0.44983439121885826,-2.754441236762865e-17,5.468733677897169e-17
122.479,0.48563329708232794,0.0,0.5371273941507869,0.8924294893378678,-0.4511868865117342,-2.7627228819192772e-17,5.464554587911634e-17
122.51,0.48474963777291014,0.0,0.538395845744164,0.8888904265997418,-0.45811986368125207,-2.8051751234153356e-17,5.4428840786404956e-17
122.521,0.4844335487172986,0.0,0.5388439155310644,0.8876297448593564,-0.4605577445238695,-2.820102838268406e-17,5.435164629349963e-17
122.558,0.4833606998001445,0.0,0.5403431441422021,0.8833722730196774,-0.46867198258488696,-2.8697882166131295e-17,5.4090951330453486e-17
122.572,0.48295091167191945,0.0,0.5409071978339561,0.881755067716459,-0.4717075370993588,-2.8883756272120555e-17,5.3991926065545956e-17
122.581,0.4826863702225684,0.0,0.5412688585411664,0.8807137760733762,-0.4736488621696193,-2.900262814879051e-17,5.392816534166195e-17
122.611,0.4817983561479306,0.0,0.5424689963867106,0.8772342130364074,-0.480062637036455,-2.939535859184661e-17,5.371510355487918e-17
122.622,0.48147037338076787,0.0,0.5429069462442778,0.8759553489703963,-0.4823921916969131,-2.953800267476505e-17,5.363679571562993e-17
122.648,0.48069011561381536,0.0,0.5439375628341313,0.872926949383543,-0.48785094141545055,-2.9872254693272724e-17,5.3451359722600976e-17
122.665,0.4801761563957967,0.0,0.5446079449532106,0.8709430664566482,-0.49138393847488593,-3.008858837028445e-17,5.332988192878574e-17
122.689,0.4794455119119014,0.0,0.5455496215154343,0.8681380471760092,-0.4963228093140846,-3.039100698851579e-17,5.3158124034606676e-17
122.703,0.4790165909680944,0.0,0.5460963420272187,0.8664998636769036,-0.4991773094281305,-3.056579470990739e-17,5.3057814225676894e-17
122.713,0.478709004013498,0.0,0.5464856779826517,0.8653290117192205,-0.5012042512559497,-3.068990910098223e-17,5.2986120220564296e-17
122.726,0.4783076356400121,0.0,0.5469903367994544,0.8638061464107532,-0.503824316029908,-3.0850341797931567e-17,5.289287161428694e-17
122.758,0.47731246109793407,0.0,0.5482253887308584,0.8600549087288044,-0.5102014837017704,-3.124083069678018e-17,5.2663174553284965e-17
122.777,0.47671678384262417,0.0,0.548953813360515,0.8578266149396702,-0.5139391974749025,-3.146969965719994e-17,5.2526730910463805e-17
122.787,0.4764018486035192,0.0,0.5493357171726352,0.8566537537924754,-0.5158917969044098,-3.158926188926809e-17,5.245491387797599e-17
122.813,0.47557847012219057,0.0,0.5503238551527754,0.8536047209660712,-0.5209212803720307,-3.189722893076741e-17,5.2268214463408435e-17
122.836,0.47484467317288215,0.0,0.5511921282717007,0.850908823501384,-0.5253134055851711,-3.216616903495376e-17,5.21031383533605e-17
122.85,0.47439554650162097,0.0,0.5517179271492336,0.8492688595704739,-0.5279606085342605,-3.2328263465868546e-17,5.200271952442519e-17
122.866,0.47387999204410514,0.0,0.5523163033490894,0.8473958751645145,-0.5309616094918412,-3.2512021776715515e-17,5.188803230654464e-17
122.889,0.47313468362949157,0.0,0.5531716898983939,0.8447064063953602,-0.5352299384326671,-3.2773381545470036e-17,5.1723349840567063e-17
122.917,0.47222074268428604,0.0,0.5542053445502754,0.8414381469547727,-0.5403534443762882,-3.3087105803183435e-17,5.152322666743213e-17
122.927,0.4718925949460364,0.0,0.5545724432272161,0.8402727614543934,-0.5421638925249522,-3.3197963779697617e-17,5.145186738629152e-17
122.952,0.4710682625893692,0.0,0.5554853942543979,0.8373642352794791,-0.5466453489007413,-3.347237384000405e-17,5.1273771522774263e-17
122.957,0.4709027215798953,0.0,0.555667157617639,0.8367834499686309,-0.5475339787251526,-3.352678672350866e-17,5.1238208679178155e-17
122.989,0.46983799428732365,0.0,0.5568238591619672,0.8330745804853361,-0.5531606849272472,-3.3871323110515545e-17,5.101110592211955e-17
123.014,0.46899991178080214,0.0,0.5577195395786796,0.8301879146139625,-0.5574836557504805,-3.413602872958955e-17,5.083434861614027e-17
123.027,0.4685619656716173,0.0,0.5581824959845426,0.8286910404143748,-0.5597063154342115,-3.427212738295329e-17,5.07426915062777e-17
123.045,0.46795318375106226,0.0,0.5588203288797766,0.8266235554477214,-0.5627552732573619,-3.4458822204896114e-17,5.061609456394283e-17
123.055,0.46761377933477005,0.0,0.5591730742518015,0.8254776539790655,-0.5644347994066438,-3.456166352103623e-17,5.0545928335656445e-17
123.081,0.4667273846583539,0.0,0.560084804777474,0.8225079407792332,-0.5687536262346865,-3.4826115393587943e-17,5.036408584742843e-17
123.11,0.46573208153811685,0.0,0.5610924430769071,0.8192132035300047,-0.5734890819903262,-3.511607843027035e-17,5.0162341376113475e-17
123.128,0.4651108417911691,0.0,0.5617128996207228,0.8171782722811134,-0.5763850026775978,-3.529340243028294e-17,5.0037737774091487e-17
123.141,0.46466053849178074,0.0,0.5621586199581683,0.8157136820214679,-0.5784558660459582,-3.542020624005964e-17,4.994805748541462e-17
123.147,0.4644522486814211,0.0,0.5623636586951573,0.8150392037893089,-0.5794058131279745,-3.547837372272717e-17,4.9906757605009224e-17
123.172,0.46358129351236194,0.0,0.563213350635797,0.8122393759775447,-0.5833242632632462,-3.571830959351612e-17,4.973531759661718e-17
123.191,0.4629160802806961,0.0,0.5638540855413678,0.8101233096798315,-0.5862595185695461,-3.589804214429314e-17,4.960574590570328e-17
123.215,0.4620718139485056,0.0,0.5646571746012772,0.8074657513014154,-0.5899144518277551,-3.612184226008129e-17,4.9443017387619554e-17
123.228,0.46161266363836917,0.0,0.5650892444066428,0.8060337067216984,-0.5918696339807266,-3.624156263835062e-17,4.935532994708022e-17
123.239,0.46122315341516984,0.0,0.565453221232023,0.8048262164542862,-0.5935105401826309,-3.634203916474378e-17,4.9281392492530823e-17
123.265,0.46029889717089856,0.0,0.5663075911087052,0.801988132379835,-0.5973399664528602,-3.6576523895964133e-17,4.9107609963656436e-17
123.284,0.45962032584416085,0.0,0.5669266271077358,0.7999288818689863,-0.600094812468691,-3.674520956373568e-17,4.898151723631876e-17
123.303,0.45893913292427946,0.0,0.5675411467129234,0.7978825787442279,-0.6028128984489806,-3.6911644328514126e-17,4.885621730772773e-17
123.313,0.45857956981013603,0.0,0.56786275466044,0.7968109285246767,-0.604228718436688,-3.6998338299319864e-17,4.879059765716879e-17
123.339,0.4576413936651599,0.0,0.5686930157833026,0.7940424635669906,-0.6078622920139597,-3.7220830511863475e-17,4.8621078069719696e-17
123.359,0.4569165108656225,0.0,0.5693258258605126,0.7919309449025081,-0.6106106603276925,-3.738911953477802e-17,4.849178484102978e-17
123.371,0.45648026206896025,0.0,0.5697030546436452,0.7906718111479623,-0.6122402200574552,-3.748890129013168e-17,4.841468513491963e-17
123.383,0.45604303549158154,0.0,0.5700784322770216,0.7894186431601827,-0.6138551994005884,-3.758779025429454e-17,4.833795072666822e-17
123.421,0.45465214198993276,0.0,0.5712548402759674,0.7854908556554038,-0.6188732630205813,-3.789505803180165e-17,4.8097443106895297e-17
123.445,0.45376881704994776,0.0,0.5719881418532999,0.783043054120085,-0.6219675034873523,-3.808452561597281e-17,4.7947558491136487e-17
123.453,0.45347355484663654,0.0,0.572230896908293,0.7822329630188088,-0.6229860283881291,-3.814689227895222e-17,4.7897954717426706e-17
123.463,0.4531039071672519,0.0,0.5725331556472701,0.7812245330010557,-0.6242501333898796,-3.822429638616121e-17,4.783620618775643e-17
123.489,0.4521398980241256,0.0,0.5733128407634612,0.7786247792339921,-0.6274898032341378,-3.8422668951414466e-17,4.767701718128615e-17
123.513,0.45124636064762436,0.0,0.5740245736802372,0.7762541287338302,-0.6304201199388249,-3.8602099100058616e-17,4.7531856703940126e-17
123.526,0.45076091355044057,0.0,0.5744068803154818,0.7749819935775873,-0.6319833143608369,-3.869781715232672e-17,4.745396089158135e-17
123.544,0.45008710558151954,0.0,0.5749324797280018,0.7732347526756652,-0.6341198760917394,-3.882864382657324e-17,4.734697324268744e-17
123.568,0.4491857660739924,0.0,0.5756264755540046,0.7709312327456735,-0.6369183891027453,-3.9000003326638275e-17,4.720592332723561e-17
123.597,0.448092285468844,0.0,0.5764546171289024,0.7681886812240313,-0.6402235156875165,-3.9202383961279116e-17,4.7037990480111816e-17
123.615,0.4474112298658821,0.0,0.5769628573094826,0.7665094549010414,-0.6422330227785772,-3.9325430782625687e-17,4.693516752303714e-17
123.627,0.4469562159627337,0.0,0.5772992131624475,0.7653999703860362,-0.6435548813683686,-3.940637127717136e-17,4.686723119003691e-17
123.656,0.4458534404258844,0.0,0.5781038734677292,0.7627523686635885,-0.6466906711079765,-3.9598383020541856e-17,4.670511234129628e-17
123.674,0.4451667599579851,0.0,0.5785974563529257,0.7611334131811436,-0.6485953494585222,-3.9715010932811904e-17,4.660597990881937e-17
123.69,0.4445549965308806,0.0,0.5790324092080762,0.7597103180999205,-0.6502616646954652,-3.981704331387654e-17,4.651884046701426e-17
123.706,0.4439419584922588,0.0,0.5794637837968498,0.7583024783651156,-0.6519028695329723,-3.9917538126426454e-17,4.643263514576719e-17
123.734,0.44286614719419276,0.0,0.5802100404834458,0.7558760888384761,-0.6547146999436076,-4.0089713082032944e-17,4.628406163740301e-17
123.752,0.44217259190665936,0.0,0.5806839377765873,0.7543417807978062,-0.656481894451625,-4.0197922536918656e-17,4.6190112365857386e-17
123.767,0.4415934857769647,0.0,0.5810753460577276,0.7530786896908797,-0.657930457672745,-4.028662145252402e-17,4.611277034180093e-17
123.78,0.44109076953861137,0.0,0.5814119799391304,0.7519955422851857,-0.6591681912707935,-4.036241077697638e-17,4.604644669163154e-17
123.816,0.4396947496426695,0.0,0.5823316060079844,0.7490528308523573,-0.662510269046503,-4.056705401950259e-17,4.586625758478016e-17
123.845,0.4385661753369164,0.0,0.5830588902844184,0.7467441167133457,-0.6651114373952722,-4.0726329644120766e-17,4.572488961575582e-17
123.857,0.43809817213590846,0.0,0.5833562872173053,0.7458052044859781,-0.6661640916182953,-4.079078612536247e-17,4.566739782305952e-17
123.881,0.43716045371062473,0.0,0.5839448238321363,0.7439566260599739,-0.6682279091309044,-4.091715850090452e-17,4.5554205040440575e-17
123.904,0.43625972896681936,0.0,0.5845009801751506,0.7422221242680631,-0.6701539511537659,-4.1035094560820555e-17,4.544799743706163e-17
123.914,0.43586749412853126,0.0,0.5847403800168061,0.741479437872309,-0.6709755906235075,-4.1085405468154164e-17,4.5402521011195094e-17
123.925,0.4354356152999758,0.0,0.5850020302569506,0.7406705652047746,-0.6718683753825893,-4.114007276803101e-17,4.535299184503441e-17
123.957,0.434176809515806,0.0,0.5857530984763087,0.7383661247899024,-0.6744000784124675,-4.129509486862762e-17,4.5211885566139456e-17
123.971,0.4336249814572143,0.0,0.5860769498722633,0.7373809453960553,-0.6754771212756356,-4.136104472337379e-17,4.515156072657642e-17
124.001,0.43244033908094914,0.0,0.5867611575487303,0.7353176756237488,-0.6777225951045807,-4.149854034023312e-17,4.502522189045479e-17
124.016,0.43184695721075533,0.0,0.5870982543223521,0.7343107536109953,-0.6788134626915204,-4.156533671516509e-17,4.4963565699459305e-17
124.038,0.43097544047523595,0.0,0.587586602815005,0.7328640774766813,-0.6803750759281626,-4.166095794775309e-17,4.487498233459478e-17
124.047,0.4306185047595538,0.0,0.5877842995611265,0.7322826653488416,-0.6810008061886539,-4.16992728757851e-17,4.483938110952756e-17
124.071,0.4296655680042017,0.0,0.5883055632744374,0.7307620442669083,-0.6826322836336186,-4.179917205732796e-17,4.4746269922492283e-17
124.097,0.42863147982310246,0.0,0.5888605068446798,0.7291640844656939,-0.6843389057516066,-4.1903672523035366e-17,4.464842310470612e-17
124.102,0.4284324180368842,0.0,0.5889660600329001,0.7288627207537507,-0.6846598675951732,-4.1923325767753974e-17,4.46299698994456e-17
124.136,0.42707718734451716,0.0,0.5896738091474454,0.726864708808986,-0.6867806746611526,-4.205318774700201e-17,4.4507626952804886e-17
124.162,0.4260390447443817,0.0,0.5902032135875253,0.7253976692273247,-0.6883300236656577,-4.214805801195848e-17,4.4417796686409684e-17
124.183,0.42519949560261705,0.0,0.5906233062579463,0.7242516694383663,-0.6895357273671463,-4.2221886070895884e-17,4.434762443774111e-17
124.195,0.42471935652679904,0.0,0.5908603409383832,0.7236125439672257,-0.6902064084122081,-4.2262953440650076e-17,4.430848928961682e-17
124.221,0.4236781261855203,0.0,0.591366366531763,0.7222673052787641,-0.6916140106485354,-4.234914421930962e-17,4.422611717692114e-17
124.237,0.4230367750597388,0.0,0.5916726203685863,0.7214665264633027,-0.6924493130857858,-4.2400291742114555e-17,4.417708361626214e-17
124.264,0.4219535525808799,0.0,0.5921805072043355,0.7201623298163574,-0.6938056058533082,-4.24833407219372e-17,4.409722460380513e-17
124.274,0.4215520792583149,0.0,0.5923657658776043,0.7196943965714963,-0.6942909876583376,-4.2513061785631886e-17,4.406857195627844e-17
124.307,0.4202262483862059,0.0,0.592966169454301,0.7182085593676286,-0.6958278991611903,-4.2607170473258946e-17,4.397759066748991e-17
124.317,0.4198242117911153,0.0,0.5931447852129174,0.717776078553039,-0.696274012912317,-4.2634487062127595e-17,4.3951108855225924e-17
124.348,0.41857720023053896,0.0,0.5936886407128683,0.7164882912401901,-0.697599117341552,-4.271562630701753e-17,4.387225462469277e-17
124.361,0.41805397826541046,0.0,0.5939122664611595,0.7159721761725221,-0.6981288154393737,-4.2748060961018115e-17,4.38406516914122e-17
124.375,0.41749034546821295,0.0,0.5941501525591483,0.7154322499798736,-0.6986821134741719,-4.278194069438262e-17,4.380759074723207e-17
124.389,0.41692656061708144,0.0,0.5943849839979706,0.7149088584419546,-0.6992176514657087,-4.281473293874049e-17,4.3775542258651397e-17
124.402,0.41640292517010796,0.0,0.5946003030249452,0.7144377059936744,-0.69969905263227,-4.2844210258627244e-17,4.374669249176656e-17
124.434,0.4151135700763912,0.0,0.5951190628137695,0.7133391609887355,-0.7008189790522849,-4.291278597390483e-17,4.367942601056567e-17
124.457,0.41418658026829913,0.0,0.5954820131400652,0.7126036224056425,-0.7015668730309012,-4.295858127225553e-17,4.363438726199396e-17
124.466,0.41382380414054915,0.0,0.5956217772600996,0.7123281602983469,-0.7018465587619366,-4.297570708401952e-17,4.3617520072594663e-17
124.495,0.41265477333868705,0.0,0.5960634665948223,0.7114880288644105,-0.7026982174323738,-4.3027856137255374e-17,4.3566076859023e-17
124.516,0.411808218112621,0.0,0.5963750448776027,0.710925046837214,-0.7032677852564448,-4.306273210788767e-17,4.3531604152143814e-17
124.522,0.41156635241161366,0.0,0.5964627901614905,0.7107712200068209,-0.7034232529636871,-4.307225175938992e-17,4.352218497537062e-17
124.551,0.4103974405414691,0.0,0.5968788801230202,0.7100718696297685,-0.7041292068651073,-4.311547896867591e-17,4.3479362115333634e-17
124.57,0.40963174909204336,0.0,0.5971442826685107,0.7096534462018923,-0.7045509110729883,-4.314130090409433e-17,4.345374106975179e-17
124.589,0.4088662258036133,0.0,0.5974039703789912,0.7092666053232805,-0.7049403397261288,-4.3165146531772567e-17,4.3430053897563224e-17
124.614,0.40785928834127455,0.0,0.5977369465539502,0.7088058474896337,-0.7054036224492345,-4.319351441697015e-17,4.340184061725535e-17
124.638,0.40689306642818435,0.0,0.5980472707735431,0.7084152279318284,-0.7057959087684595,-4.3217535026229566e-17,4.3377922067697814e-17
124.648,0.4064906219988751,0.0,0.5981738713024173,0.708267449241451,-0.7059442048384621,-4.3226615541602304e-17,4.336887323269017e-17
124.657,0.40612850430678143,0.0,0.5982864521946428,0.7081419921670743,-0.7060700524237289,-4.3234321483726175e-17,4.336119120246188e-17
124.685,0.40500246644974824,0.0,0.5986284604334389,0.7077974440057614,-0.7064154431061874,-4.325547056341258e-17,4.334009371231668e-17
124.704,0.40423889721539996,0.0,0.5988534256363643,0.7076031436803034,-0.7066100700200585,-4.3267388024767586e-17,4.332819624873441e-17
124.713,0.4038773705492188,0.0,0.5989579795203688,0.7075222668994265,-0.7066910511966998,-4.327234669170584e-17,4.33232439741931e-17
124.727,0.40331521975299783,0.0,0.599118050883364,0.7074107298668163,-0.7068027017982447,-4.3279183319296074e-17,4.331641430069448e-17
124.761,0.4019512310585865,0.0,0.5994937705940018,0.7072122474801326,-0.7070012991601216,-4.329134390047316e-17,4.3304260759717505e-17
124.78,0.4011898359149062,0.0,0.5996956883661837,0.7071460345699461,-0.7070675256239679,-4.329539910182157e-17,4.33002063882914e-17
124.799,0.4004290940840403,0.0,0.5998918348666185,0.7071118911467916,-0.7071016711893756,-4.329748991469065e-17,4.32981157065975e-17
124.809,0.4000289809091981,0.0,0.5999927507045395,0.7071068045078698,-0.7071067578652245,-4.329780138375548e-17,4.32978042397938e-17
124.836,0.39894969013439996,0.0,0.6002572305341376,0.7071374539646648,-0.7070761070778532,-4.3295924564323206e-17,4.3299680977751774e-17
124.865,0.39779221587579927,0.0,0.6005283016017794,0.7072425095762065,-0.7069710267389673,-4.3289490249289706e-17,4.330611377867213e-17
124.875,0.3973935378774762,0.0,0.6006186511812258,0.7072960514310953,-0.7069174602667424,-4.3286210248852115e-17,4.3309392271732626e-17
124.885,0.3969951016335555,0.0,0.6007073986972231,0.7073584688471369,-0.706855003908322,-4.328238589988082e-17,4.331321423617095e-17
124.913,0.39588082068523084,0.0,0.6009473669892119,0.7075804252317587,-0.7066328196658032,-4.3268781038809735e-17,4.3326805144969815e-17
124.931,0.39516558978589134,0.0,0.6010949971102726,0.7077597990223485,-0.7064531597267046,-4.3257780040342136e-17,4.3337788621894655e-17
124.949,0.39445125807240156,0.0,0.6012374336363561,0.7079678486107778,-0.7062446639327102,-4.3245013355004586e-17,4.335052798502135e-17
124.967,0.3937378627578784,0.0,0.6013746761795677,0.7082045377617784,-0.7060073177337653,-4.3230480091863205e-17,4.336502101557964e-17
124.986,0.39298589134067113,0.0,0.6015139083505822,0.7084854010585876,-0.7057254682146963,-4.321322178629475e-17,4.338221893245141e-17
125.004,0.3922745376101902,0.0,0.6016404742953106,0.7087808253996929,-0.7054287643311195,-4.31950539132289e-17,4.3400308456137646e-17
125.028,0.3913277056437886,0.0,0.6018011502168382,0.7092190449185153,-0.7049881887839463,-4.316807644154749e-17,4.342714166269013e-17
125.041,0.39081564880389535,0.0,0.6018843285561364,0.7094775196614521,-0.7047280674806657,-4.315214860547486e-17,4.344296867602003e-17
125.066,0.38983258723768643,0.0,0.6020366758835146,0.7100161663482907,-0.7041853758237786,-4.311891832544832e-17,4.3475951273065444e-17
125.084,0.3891261837897787,0.0,0.6021401666208772,0.7104377843030282,-0.7037600121025661,-4.309287230946551e-17,4.350176792700206e-17
125.103,0.388381854160747,0.0,0.6022437781729851,0.710913426755638,-0.7032795316647259,-4.306345136795281e-17,4.353089262735842e-17
125.119,0.38775613186879165,0.0,0.6023265478898207,0.7113382776117317,-0.7028498095641592,-4.3037138478203715e-17,4.3556907239409933e-17
125.151,0.38650776251687885,0.0,0.6024798000083952,0.7122544091896882,-0.7019214034276545,-4.298028999803476e-17,4.361300411963704e-17
125.168,0.3858462910817534,0.0,0.6025545554647487,0.7127769904443699,-0.7013907341083617,-4.2947795873870876e-17,4.364500299267906e-17
125.184,0.3852248590908799,0.0,0.6026206950113918,0.7132914842721727,-0.7008675042151696,-4.291575728317508e-17,4.3676506653649046e-17
125.195,0.38479827358957935,0.0,0.6026637941843977,0.7136579031305058,-0.7004943949093165,-4.2892910927317826e-17,4.369894333774929e-17
125.213,0.38410138988840076,0.0,0.6027301537817542,0.7142797557488337,-0.6998602935782158,-4.2854083419044446e-17,4.3737020828678127e-17
125.245,0.3828661595942803,0.0,0.602835366143859,0.7154531869992187,-0.6986606738701278,-4.278062789725924e-17,4.3808872769918296e-17
125.258,0.38236572917491773,0.0,0.6028734472918786,0.7159546031551067,-0.6981468371489007,-4.2749164472462484e-17,4.383957565443575e-17
125.277,0.38163580772958594,0.0,0.602924264371685,0.7167129884265242,-0.6973682615524749,-4.270149046685963e-17,4.3886013359193845e-17
125.306,0.38052518684365644,0.0,0.6029907572679298,0.7179287015215889,-0.6961166421883083,-4.262485088445575e-17,4.396045431672147e-17
125.321,0.37995241616845515,0.0,0.6030199071488659,0.7185849450079085,-0.6954391970603765,-4.258336933407977e-17,4.40006376409706e-17
125.348,0.3789244135446886,0.0,0.6030633803451134,0.7198129869844965,-0.6941680371267875,-4.250553323688607e-17,4.4075833524762953e-17
125.364,0.37831707891210004,0.0,0.603083690218607,0.7205689462389598,-0.693383294950257,-4.2457481637153865e-17,4.412212267882617e-17
125.373,0.3779760709886705,0.0,0.6030933334295138,0.7210033557758124,-0.6929315701856982,-4.242982147280324e-17,4.414872259126745e-17
125.397,0.37706893127664043,0.0,0.6031127858481801,0.7221939320488673,-0.6916906277461016,-4.2353835663474336e-17,4.422162436236432e-17
125.416,0.3763531074496988,0.0,0.6031217327461094,0.7231694440994957,-0.6906706560444177,-4.2291380409489934e-17,4.428135724788091e-17
125.435,0.37563938736336266,0.0,0.6031249853552773,0.7241738849626679,-0.689617418818635,-4.2226888229625054e-17,4.434286151228174e-17
125.445,0.37526460449488197,0.0,0.6031244127614867,0.7247140905317077,-0.6890496984868362,-4.2192125385267637e-17,4.4375939563332046e-17
125.473,0.37421842726107724,0.0,0.6031144399540104,0.726268750530396,-0.6874108684062374,-4.209177598464006e-17,4.447113503288985e-17
125.487,0.37369714649576535,0.0,0.6031048346422403,0.7270691816832549,-0.6865642031495978,-4.2039932689815404e-17,4.452014730535417e-17
125.506,0.37299166079768015,0.0,0.6030868818427028,0.7281799141568597,-0.6853860318233138,-4.196779050263636e-17,4.458816005377963e-17
125.506,0.37299166079768015,0.0,0.6030868818427028,0.7281799141568597,-0.6853860318233138,-4.196779050263636e-17,4.458816005377963e-17
125.556,0.3711462324567534,0.0,0.6030126472713525,0.7312357746509237,-0.6821247993370887,-4.1768097606359813e-17,4.477527754241445e-17
125.566,0.37077912750848674,0.0,0.6029931175953754,0.7318697898402636,-0.6814445030368711,-4.172644147203315e-17,4.4814099776026245e-17
125.583,0.3701566000442039,0.0,0.6029563435434964,0.7329648855270808,-0.6802664746878779,-4.1654308039688185e-17,4.4881155047407283e-17
125.601,0.3694996106090762,0.0,0.6029125086295098,0.7341479327931526,-0.6789895527734876,-4.1576119122927224e-17,4.495359579978903e-17
125.62,0.3688085671537536,0.0,0.6028607832233169,0.7354227345165322,-0.6776085902320205,-4.1491559555119717e-17,4.503165489229324e-17
125.633,0.3683372158486227,0.0,0.6028221696380678,0.7363102408317417,-0.6766440934836442,-4.143250116233536e-17,4.5085998980700463e-17
125.657,0.36747021191669577,0.0,0.6027440179601362,0.7379810009105983,-0.6748214892065838,-4.132089883763465e-17,4.5188303529836204e-17
125.67,0.36700233293025714,0.0,0.6026979740590284,0.7389033286637909,-0.6738114505479776,-4.1259051807120795e-17,4.5244779816371817e-17
125.694,0.3661418375098764,0.0,0.602606133278749,0.7406377277106089,-0.6719045737987397,-4.114228928175466e-17,4.53509811284283e-17
125.704,0.3657845698903861,0.0,0.6025652534220567,0.7413724005438,-0.671093856112484,-4.1092647140780394e-17,4.539596686510771e-17
125.741,0.36446930824830914,0.0,0.6024006718417265,0.7441512476295741,-0.6680111680588494,-4.090388693789773e-17,4.5566122174553365e-17
125.755,0.36397440609691334,0.0,0.6023329400349369,0.7452272597038978,-0.666810566348659,-4.083037128582595e-17,4.5632008911686586e-17
125.769,0.36348104665853953,0.0,0.6022622200815663,0.7463165704951523,-0.6655911482316711,-4.0755703461136373e-17,4.569870996037591e-17
125.778,0.36316470915552945,0.0,0.6022151818620398,0.7470238081653734,-0.6647972849178186,-4.070709335282288e-17,4.574201577782955e-17
125.805,0.36221960449785406,0.0,0.6020666860851356,0.7491778717684253,-0.6623688673635959,-4.055839566358427e-17,4.5873914132661416e-17
125.82,0.36169711045776287,0.0,0.6019794154070017,0.7503952991292697,-0.6609893305074551,-4.047392339382534e-17,4.594846005869404e-17
125.846,0.36079586297010047,0.0,0.6018200954173691,0.7525400180442148,-0.6585465216991225,-4.032434449442267e-17,4.607978621640695e-17
125.856,0.3604507359595392,0.0,0.6017561062356283,0.7533764212429052,-0.6575895132339268,-4.026574462673973e-17,4.613100114141059e-17
125.889,0.35931784961885405,0.0,0.6015342870339532,0.7561811455347416,-0.6543623423897237,-4.0068137404506976e-17,4.630274097273501e-17
125.899,0.3589764006721334,0.0,0.6014638488763586,0.7570443906011664,-0.6533634445385728,-4.000697255170262e-17,4.635559948810885e-17
125.923,0.3581604859485093,0.0,0.6012887072728257,0.7591410220419151,-0.6509261929383058,-3.985773393315343e-17,4.6483981137254086e-17
125.946,0.3573833459535629,0.0,0.6011128195394217,0.7611826884943058,-0.6485375199142919,-3.971146989450002e-17,4.660899715154642e-17
125.96,0.35691262379897415,0.0,0.6010019155878932,0.7624406963850897,-0.647058099783798,-3.962088153812985e-17,4.6686027918383956e-17
125.979,0.356276627348437,0.0,0.6008467670517622,0.7641661539159812,-0.6450194487062053,-3.9496050162292234e-17,4.6791681720497503e-17
126.004,0.3554448335484281,0.0,0.6006345172324249,0.7664677949823899,-0.6422827408975218,-3.9328475139386945e-17,4.693261658873568e-17
126.02,0.3549155301281749,0.0,0.6004938591757418,0.7679591629387649,-0.6404988087876445,-3.921924080197407e-17,4.702393653844195e-17
126.045,0.35409331364046964,0.0,0.6002665815676297,0.7703174362351838,-0.6376606052062912,-3.904545095541243e-17,4.716833913064066e-17
126.063,0.35350499979431965,0.0,0.6000972986731474,0.7720361264246361,-0.6355786493387292,-3.891796792595364e-17,4.72735785526026e-17
126.082,0.3528873862632037,0.0,0.5999135051525463,0.7738687264224599,-0.6333460304330327,-3.8781259446124784e-17,4.738579293867521e-17
126.109,0.3520157770627282,0.0,0.5996433399722135,0.7765047540971702,-0.630111392425572,-3.8583194992012926e-17,4.7547203081390107e-17
126.119,0.35169478071182003,0.0,0.599540611647979,0.7774903385476527,-0.6288948826831526,-3.8508705253903654e-17,4.760755272351875e-17
126.132,0.35127897130468066,0.0,0.5994049164486008,0.7787789518186747,-0.6272984490688673,-3.841095188811437e-17,4.768645752940354e-17
126.143,0.350928452618257,0.0,0.5992882047709172,0.779875722286028,-0.6259343877666781,-3.8327427222736025e-17,4.775361535151571e-17
126.175,0.349915711554611,0.0,0.5989388519109506,0.7830989558357757,-0.6218971179937384,-3.8080215747499775e-17,4.7950981483995863e-17
126.199,0.3491630245262989,0.0,0.5986672815253449,0.7855473554348633,-0.6188015452221274,-3.789066658318572e-17,4.810090272059868e-17
126.207,0.3489134518038,0.0,0.5985749459832852,0.7863692238536075,-0.6177567836745097,-3.782669338892761e-17,4.8151227647015444e-17
126.214,0.3486956219253812,0.0,0.5984934111893795,0.7870906694830971,-0.6168373189201914,-3.7770392410512376e-17,4.819540345106111e-17
126.232,0.34813784217511873,0.0,0.5982805812227445,0.7889555667092762,-0.6144502532821065,-3.7624226795860604e-17,4.8309595472000065e-17
126.251,0.34755277974344967,0.0,0.598050992308195,0.7909389843318847,-0.6118950261801828,-3.746776426128734e-17,4.843104477414506e-17
126.269,0.34700205229700426,0.0,0.5978288305307701,0.7928317609809861,-0.6094405621385801,-3.731747168467879e-17,4.85469439173862e-17
126.301,0.3460315874326879,0.0,0.5974227471194352,0.7962285689375388,-0.6049959223066541,-3.7045315987502236e-17,4.875493841695173e-17
126.321,0.3454307039903921,0.0,0.5971617496254609,0.7983715170267012,-0.6021651939463819,-3.687198386621909e-17,4.888615614285831e-17
126.345,0.34471545707654677,0.0,0.5968412897772122,0.8009624421910865,-0.5987145949442776,-3.666069561506568e-17,4.904480455332805e-17
126.355,0.34441932491303406,0.0,0.5967054364450637,0.8020480372059645,-0.5972595298645805,-3.657159857544558e-17,4.9111278076335087e-17
126.39,0.3433916977000874,0.0,0.5962192240201203,0.8058744207213251,-0.5920864953932564,-3.625484157008628e-17,4.934557649255491e-17
126.4,0.3431006352135272,0.0,0.5960772555596122,0.8069750568010113,-0.5905855210729473,-3.616293340023783e-17,4.94129710151556e-17
126.425,0.3423779795688554,0.0,0.5957164374118474,0.8097403207841493,-0.5867883885153004,-3.5930426088604805e-17,4.958229459944297e-17
126.447,0.34174800094654045,0.0,0.5953919828086154,0.8121892478274698,-0.5833940569747423,-3.572258322578534e-17,4.9732248132690363e-17
126.463,0.3412933699492268,0.0,0.5951519604999597,0.8139789621803873,-0.580894352811025,-3.5569520490639754e-17,4.9841836530374794e-17
126.479,0.3408417387718145,0.0,0.5949085394600991,0.8157756670279449,-0.5783684475186311,-3.541485339907578e-17,4.995185297240349e-17
126.507,0.34005866292955356,0.0,0.5944744184834203,0.8189358699868066,-0.5738850414925905,-3.5140323957122345e-17,5.0145359594314785e-17
126.526,0.33953261158775094,0.0,0.5941739743432821,0.8210912161247196,-0.5707969996442072,-3.495123592885956e-17,5.027733648175727e-17
126.536,0.3392574839557836,0.0,0.5940139522201285,0.8222289630021913,-0.5691568609797664,-3.48508064005813e-17,5.034700338534405e-17
126.569,0.3383581544845724,0.0,0.5934766677023728,0.8259989053661888,-0.563671720360227,-3.45149384054517e-17,5.0577845777796034e-17
126.58,0.3380613292786112,0.0,0.593294447214741,0.8272604887584109,-0.5618185505474123,-3.440146448147469e-17,5.0655095480953144e-17
126.61,0.3372593779620642,0.0,0.5927895962349706,0.830712630966876,-0.5567014682503459,-3.40881335586709e-17,5.0866478226243056e-17
126.627,0.33680989384048643,0.0,0.5924984208127718,0.8326757340094966,-0.5537608888245414,-3.39080749995984e-17,5.0986683619120146e-17
126.652,0.3361554579829159,0.0,0.5920635771107763,0.8355707923305608,-0.5493827909609829,-3.3639993822850353e-17,5.116395481443195e-17
126.666,0.3357924139475792,0.0,0.59181662935574,0.837195888242851,-0.5469031401530473,-3.3488159001603286e-17,5.1263463239796634e-17
126.673,0.33561182326982036,0.0,0.591692235026503,0.8380093940136301,-0.5456558031808225,-3.3411781640078624e-17,5.131327610171026e-17
126.702,0.3348703159513884,0.0,0.5911703845303975,0.8413857965228256,-0.5404349557621623,-3.309209693607367e-17,5.152002112798623e-17
126.735,0.3340396785265219,0.0,0.59056390543211,0.8452382564711667,-0.5343896423000565,-3.272192824701316e-17,5.1755916265215195e-17
126.759,0.33344445657178456,0.0,0.5901144516252321,0.8480455115067178,-0.5299234005149323,-3.2448449811694635e-17,5.192781105989909e-17
126.763,0.33334598481570854,0.0,0.5900388613927507,0.8485137501507334,-0.5291733324773072,-3.240252139062362e-17,5.1956482407730634e-17
126.786,0.3327838535626383,0.0,0.5896004620022133,0.8512077398013022,-0.5248289089811637,-3.213650217418899e-17,5.212144169785589e-17
126.805,0.332324755584932,0.0,0.5892335054890672,0.8534348297402345,-0.5211995696336068,-3.191426923343873e-17,5.225781162611223e-17
126.824,0.3318704586944077,0.0,0.588862236463046,0.855662834395151,-0.5175336837683674,-3.168979846389348e-17,5.239423756456867e-17
126.844,0.3313974705844087,0.0,0.5884667999218006,0.8580085227577176,-0.5136354493949179,-3.1451100451504925e-17,5.253786955181939e-17
126.865,0.33090663084058713,0.0,0.5880465207549435,0.8604713092887203,-0.5094988968495963,-3.1197809659798274e-17,5.2688671733928175e-17
126.875,0.33067499622070706,0.0,0.5878445734223579,0.8616437983078302,-0.50751351197545,-3.107623989823834e-17,5.2760465980142593e-17
126.901,0.3300791198079192,0.0,0.5873140705804974,0.8646907908316193,-0.5023045254136069,-3.07572814622502e-17,5.2947040462206805e-17
126.92,0.3296495262000241,0.0,0.586921460621239,0.866915492800865,-0.4984551417548358,-3.052157469342999e-17,5.308326416949148e-17
126.933,0.32935845879798725,0.0,0.5866504494044793,0.8684364043107075,-0.4958005765102431,-3.035902945193408e-17,5.3176393140107227e-17
126.963,0.3286957035054494,0.0,0.5860177073371068,0.8719412987941646,-0.48961042825612416,-2.997999218965136e-17,5.339100603063298e-17
126.975,0.3284341123543638,0.0,0.5857617667173689,0.8733409892148337,-0.48710934763896246,-2.9826845171040535e-17,5.347671235030646e-17
126.995,0.32800261189334934,0.0,0.585331617599747,0.8756704224516059,-0.482909216357926,-2.9569661304574536e-17,5.361934899816848e-17
127.01,0.327682681747505,0.0,0.5850060865118645,0.8774144071518674,-0.479733215571256,-2.9375187344700294e-17,5.3726137262215345e-17
127.038,0.32709400266553734,0.0,0.5843917913423602,0.8806617922145373,-0.4737455094599621,-2.900854608852873e-17,5.392498224834523e-17
127.06,0.3266393028490664,0.0,0.5839031218061785,0.883205040854623,-0.46898705292255527,-2.871717466015788e-17,5.408071131367107e-17
127.074,0.32635355831159957,0.0,0.5835894219377102,0.8848192726806939,-0.4659343888283068,-2.853025289456321e-17,5.4179554505615047e-17
127.099,0.3258503211739837,0.0,0.5830240118046511,0.8876929491966121,-0.46043591079174206,-2.819356821818016e-17,5.4355516442965254e-17
127.119,0.32545424550054225,0.0,0.5825668959313934,0.8899830178926801,-0.4559936708580915,-2.7921559472390674e-17,5.4495742707888613e-17
127.134,0.3251610080589529,0.0,0.5822212909858911,0.8916949935858096,-0.4526367621106388,-2.7716008094760787e-17,5.460057098552907e-17
127.16,0.3246605245287275,0.0,0.5816166735848953,0.8946502716455704,-0.4467671557360802,-2.7356598361817885e-17,5.4781529576352896e-17
127.185,0.3241886640008425,0.0,0.5810287173074411,0.8974762917496626,-0.44106270047157065,-2.7007301217789838e-17,5.495457340009302e-17
127.193,0.32403961880853527,0.0,0.5808392186030085,0.8983771925736121,-0.4392247942267774,-2.689476191779889e-17,5.5009737665612975e-17
127.209,0.32374437613163964,0.0,0.5804582688564892,0.9001737742231838,-0.4355309130254573,-2.666857692831753e-17,5.511974656394071e-17
127.236,0.32325479846523675,0.0,0.5798095615664577,0.9031889785363586,-0.42924313512326456,-2.628356157423404e-17,5.5304374579485955e-17
127.262,0.32279366806598586,0.0,0.579178009432793,0.9060716995442519,-0.42312418423553955,-2.5908883893294422e-17,5.548089033224352e-17
127.278,0.3225149519659117,0.0,0.578786049407063,0.907834954191231,-0.41932767133663573,-2.5676414524816214e-17,5.558885854021875e-17
127.299,0.32215501099528415,0.0,0.5782678123187612,0.9101362126907846,-0.4143091531077667,-2.536911891054386e-17,5.572976998299321e-17
127.323,0.32175185072569407,0.0,0.5776703290014599,0.912747317683702,-0.40852458195463254,-2.5014916083187566e-17,5.58896540515839e-17
127.336,0.3215371398512892,0.0,0.577344394177431,0.9141529020745565,-0.405369549459091,-2.4821726060844023e-17,5.597572127284347e-17
127.351,0.32129261076373145,0.0,0.5769663273562049,0.9157668089252737,-0.4017102832525216,-2.459766062848886e-17,5.607454456578611e-17
127.384,0.3207668202087593,0.0,0.5761271640280805,0.9192863472396837,-0.3935893949012341,-2.4100399632206997e-17,5.629005413234705e-17
127.403,0.3204717199229429,0.0,0.575639439995308,0.92129257120323,-0.3888701560235001,-2.3811429592905563e-17,5.641289992011353e-17
127.413,0.3203186521187959,0.0,0.5753814173292559,0.9223423385424324,-0.3863736669754773,-2.3658563726817185e-17,5.647717963070371e-17
127.451,0.3197511962609908,0.0,0.5743926977610451,0.9262913676509221,-0.37680804425514086,-2.3072838264501622e-17,5.67189879235763e-17
127.47,0.31947593674894537,0.0,0.5738935123165169,0.9282412149352887,-0.3719788258697788,-2.2777133922600765e-17,5.683838163535758e-17
127.495,0.31912239860825475,0.0,0.5732318666483089,0.9307806812512205,-0.3655780674623601,-2.2385200507812722e-17,5.6993879100125e-17
127.514,0.3188603053742311,0.0,0.5727253969117471,0.9326902050227971,-0.36067850151420555,-2.208518862003178e-17,5.711080370886286e-17
127.524,0.31872465695795965,0.0,0.5724575922951606,0.9336879340920631,-0.358087757024581,-2.1926551272700414e-17,5.71718969944175e-17
127.553,0.31834025900699875,0.0,0.5716761747976661,0.9365521853855938,-0.3505281786810702,-2.1463660601636207e-17,5.73472818033463e-17
127.571,0.31810840816130026,0.0,0.571187621388594,0.9383076298828923,-0.3458016652700638,-2.1174245125640404e-17,5.745477177758117e-17
127.584,0.31794418233270544,0.0,0.5708331146221711,0.939564521500637,-0.3423718883572061,-2.0964231859734372e-17,5.753173419240848e-17
127.613,0.3175876025993845,0.0,0.5700373324075414,0.9423345022461748,-0.33467250540857696,-2.0492780625561952e-17,5.770134659509461e-17
127.626,0.3174321492786358,0.0,0.5696784063276609,0.9435607068252443,-0.3311996264119957,-2.0280128118212485e-17,5.777642997073748e-17
127.645,0.31720985566588916,0.0,0.5691514101242556,0.945335170104842,-0.32610031610357176,-1.9967885415858962e-17,5.788508450951567e-17
127.663,0.317004651190536,0.0,0.5686495388069299,0.9469965079846133,-0.3212438542057235,-1.9670512889939912e-17,5.798681211535388e-17
127.687,0.3167392275507537,0.0,0.567976480214221,0.9491810944037329,-0.31473044026044256,-1.9271681312959413e-17,5.812057945363565e-17
127.717,0.31642064507697626,0.0,0.5671290010935313,0.9518615147837064,-0.30652839456348574,-1.8769450862497488e-17,5.828470786557085e-17
127.732,0.31626687094583256,0.0,0.5667027394494131,0.9531802705936939,-0.30240266492035484,-1.8516822782417106e-17,5.836545836964876e-17
127.754,0.3160480097320979,0.0,0.5660745646738312,0.9550880069159473,-0.29632228914700875,-1.8144507145995038e-17,5.8482273528682e-17
127.769,0.3159033476049828,0.0,0.5656442511327556,0.9563704139986655,-0.292156860655404,-1.7889448212528993e-17,5.856079831513473e-17
127.774,0.3158559503297794,0.0,0.5655004545705031,0.95679453910404,-0.2907648705409366,-1.7804213400622626e-17,5.858676848777148e-17
127.805,0.31557129739542794,0.0,0.5646049657540578,0.9593862264383598,-0.28209584988149733,-1.7273388980506397e-17,5.874546356768975e-17
127.825,0.3153960885515576,0.0,0.5640236741896042,0.9610230888890066,-0.2764681222532404,-1.69287900491855e-17,5.88456924857312e-17
127.831,0.3153448195539305,0.0,0.5638487510818075,0.9615086781328874,-0.2747745655535597,-1.6825089609613575e-17,5.887542625139216e-17
127.859,0.31511347635559456,0.0,0.5630292229243773,0.9637408892760545,-0.26683983648885645,-1.633922758205406e-17,5.901210976296719e-17
127.869,0.31503401757006766,0.0,0.5627352646736093,0.9645244285922121,-0.26399361100008983,-1.6164946535330577e-17,5.906008770874412e-17
127.901,0.31479096995328254,0.0,0.5617901969897527,0.9669824958067641,-0.2548428001794861,-1.5604620976277808e-17,5.921060091606362e-17
127.919,0.3146617865185548,0.0,0.5612557004958499,0.9683316784290347,-0.2496672997226681,-1.5287712972856418e-17,5.929321452505507e-17
127.925,0.31461993281177364,0.0,0.5610770793406892,0.9687759763900962,-0.24793770905091428,-1.5181806088856495e-17,5.932041992884915e-17
127.957,0.31440692969478445,0.0,0.5601206505662979,0.9710991140068191,-0.23867658195803562,-1.4614725606316962e-17,5.946267108116409e-17
127.975,0.3142946918998455,0.0,0.5595799081073203,0.9723710613410959,-0.233440611433381,-1.429411487914455e-17,5.954055539274439e-17
127.998,0.31415923502039017,0.0,0.5588861429261756,0.9739592608376423,-0.22672308710978992,-1.388278514609054e-17,5.963780456423704e-17
128.011,0.3140866289216284,0.0,0.558492641383761,0.974838333016536,-0.22291304242134682,-1.3649487194475027e-17,5.969163221074211e-17
128.03,0.31398566134780087,0.0,0.5579157718593812,0.9760986867021588,-0.21732775666794354,-1.3307487078463595e-17,5.976880661608669e-17
128.054,0.31386687820960907,0.0,0.5571841770373214,0.9776487613401558,-0.21024485594196846,-1.2873784493326402e-17,5.986372131327982e-17
128.067,0.31380662466669296,0.0,0.556786562882678,0.9784686220806129,-0.20639562883856488,-1.2638087310757681e-17,5.991392330485719e-17
128.082,0.31374067568478403,0.0,0.5563266341067747,0.9793971917501456,-0.20194340987496592,-1.236546752561395e-17,5.997078179853612e-17
128.098,0.31367455642922903,0.0,0.5558347146457753,0.9803669266304663,-0.19718186825652576,-1.2073907190512468e-17,6.003016093439643e-17
128.117,0.31360171386292823,0.0,0.5552488113078258,0.9814904374747173,-0.191511151491729,-1.172667593376849e-17,6.00989561323574e-17
128.144,0.3135088152097717,0.0,0.554413020831632,0.9830340694758918,-0.1834230581188407,-1.1231423050752859e-17,6.019347633182238e-17
128.162,0.3134538164056773,0.0,0.5538537970514527,0.98402827459508,-0.17801223215675308,-1.090010551599216e-17,6.025435383766787e-17
128.182,0.31339922243947793,0.0,0.5532305811526221,0.9850998853511248,-0.1719831848792221,-1.053093284347534e-17,6.031997107178398e-17
128.201,0.3133537194242345,0.0,0.5526367580155076,0.9860854057453246,-0.16623950365685833,-1.0179233802260814e-17,6.038031679159653e-17
128.219,0.31331633589065366,0.0,0.5520726372030205,0.9869895977104448,-0.1607841223858073,-9.845188041674761e-18,6.04356825813915e-17
128.229,0.3132979763903785,0.0,0.551758597500783,0.9874794606966004,-0.1577476297836239,-9.659256494379834e-18,6.046567803829232e-17
128.256,0.3132570107407194,0.0,0.5509084640985304,0.9887572878955287,-0.1495293470643084,-9.156031813044948e-18,6.054392238774386e-17
128.267,0.3132439248757922,0.0,0.5505612019180521,0.9892590221728633,-0.14617314065720283,-8.950523441357963e-18,6.057464475158188e-17
128.294,0.31322066143421023,0.0,0.549706660133187,0.9904438832431278,-0.13791633023784125,-8.44493961879608e-18,6.064719656743856e-17
128.308,0.31321355815903335,0.0,0.5492623796115416,0.9910319871564695,-0.13362484960777113,-8.182162217935169e-18,6.068320754619056e-17
128.324,0.3132095911587332,0.0,0.5487536670243571,0.9916819980433916,-0.1287121391193024,-7.881345459193125e-18,6.072300923379457e-17
128.332,0.3132092690643659,0.0,0.5484989326628612,0.9919981239988761,-0.126252611785699,-7.730742845367483e-18,6.074236636577014e-17
128.37,0.31322287871450344,0.0,0.5472856110485065,0.9934183651188864,-0.11454235829822552,-7.013696622835558e-18,6.082933105285204e-17
128.388,0.31323806348447214,0.0,0.5467090222639894,0.9940439024180264,-0.10898036550471495,-6.6731227892628896e-18,6.0867634165409e-17
128.407,0.31326019180601,0.0,0.5460991583051971,0.9946710404162324,-0.10309957011205105,-6.313027926559572e-18,6.090603529251533e-17
128.436,0.3133060541598473,0.0,0.5451659456280404,0.9955622398965026,-0.09410540097283737,-5.7622939041931755e-18,6.096060552206107e-17
128.446,0.31332525742107636,0.0,0.5448435075941548,0.9958509697529676,-0.09099915407339783,-5.572091138055174e-18,6.097828512678798e-17
128.47,0.31337843958302963,0.0,0.5440683679516747,0.9965048628851276,-0.08353477267756802,-5.115029598854273e-18,6.101832453335219e-17
128.49,0.31343041228064805,0.0,0.5434210768587181,0.9970074944125492,-0.07730495511421363,-4.733563291942577e-18,6.104910183791256e-17
128.521,0.31352472905999107,0.0,0.5424154856879292,0.997710251075697,-0.06763323811906072,-4.141341428923923e-18,6.109213327281773e-17
128.531,0.3135587233357643,0.0,0.5420905329084946,0.9979170837906184,-0.06450964175088844,-3.950076314218399e-18,6.110479812393209e-17
128.555,0.31364741620013015,0.0,0.5413095684899492,0.9983738142224793,-0.057006377492859896,-3.490633886380829e-18,6.113276479700468e-17
128.574,0.31372474826827745,0.0,0.5406902698574131,0.9986955756591271,-0.05106023069752611,-3.126537404372539e-18,6.115246700267867e-17
128.593,0.3138083709503027,0.0,0.5400701019056922,0.998982056258542,-0.045109325792514025,-2.762149572174872e-18,6.117000888013323e-17
128.617,0.31392299239412014,0.0,0.5392855543053168,0.999293379679073,-0.03758645140973146,-2.3015063705117576e-18,6.118907194165587e-17
128.642,0.31405306511863423,0.0,0.538467004148445,0.9995575436381466,-0.02974419197212397,-1.8213064745943012e-18,6.120524731900235e-17
128.656,0.3141306640410828,0.0,0.538008065803947,0.9996786283250474,-0.02535034654894602,-1.5522610379221447e-18,6.12126616177143e-17
128.682,0.31428383894921763,0.0,0.5371547724476519,0.9998522907456092,-0.01718710827212649,-1.0524068566029352e-18,6.122329537408796e-17
128.709,0.31445537319723765,0.0,0.5362674103097281,0.9999620956358511,-0.00870673828462357,-5.331339585638986e-19,6.123001898445624e-17
128.729,0.31459062366586765,0.0,0.5356093539662461,0.9999970625073479,-0.0024238351172032797,-1.4841709589719732e-19,6.123216008781896e-17
128.742,0.3146822723876741,0.0,0.5351813008100056,0.9999986218220178,0.0016602271124581342,1.0165959095647534e-19,6.123225556830494e-17
128.761,0.31482151377582895,0.0,0.534555268285103,0.999970898289415,0.007629061165070018,4.671452668151188e-19,6.123055799153178e-17
128.786,0.3150142993016875,0.0,0.533730851904029,0.9998801526104815,0.01548161540796955,9.479755377500127e-19,6.122500142126966e-17
128.804,0.31515983788631036,0.0,0.5331368359762987,0.9997766525409107,0.02113397818895043,1.294082937117406e-18,6.12186638698241e-17
128.828,0.3153626530059029,0.0,0.5323443156234903,0.9995889991573987,0.02866762570409161,1.755385802883509e-18,6.120717341405073e-17
128.843,0.31549449580259403,0.0,0.5318487347407117,0.9994429309371612,0.033374058784283386,2.043571713236413e-18,6.119822931513219e-17
128.867,0.31571357231354363,0.0,0.5310554563938908,0.9991632366793288,0.04090020132575894,2.5044150319036508e-18,6.118110298125247e-17
128.896,0.31599162628991295,0.0,0.5300964452866036,0.9987499151918109,0.04998606710224841,3.0607638539366666e-18,6.115579433941708e-17
128.917,0.3162020780160005,0.0,0.5294017495063935,0.9983992684723343,0.05655882525219032,3.463229215431468e-18,6.113432342028516e-17
128.93,0.31633618596499474,0.0,0.5289716273043696,0.998160643511819,0.06062449788716931,3.712179864371869e-18,6.111971185558057e-17
128.964,0.3167007565257169,0.0,0.5278465410884601,0.9974588566080653,0.0712448550713024,4.3624891859393784e-18,6.10767398013123e-17
128.978,0.3168566826052026,0.0,0.5273832484193575,0.9971373186250185,0.07561195543899292,4.629896960281749e-18,6.105705127822517e-17
129.002,0.3171318580933057,0.0,0.5265890695199796,0.9965420959965047,0.0830894151314915,5.087759314190336e-18,6.102060440388569e-17
129.013,0.3172613010789396,0.0,0.5262251056982217,0.9962507621531981,0.0865125361388273,5.2973650234267285e-18,6.100276535095125e-17
129.024,0.3173928296588606,0.0,0.5258611750863809,0.9959478207447845,0.089932965889682,5.506805940731358e-18,6.098421553964412e-17
129.062,0.31786322884284673,0.0,0.5246043291899382,0.9948123710779495,0.10172682217718293,6.228971358335953e-18,6.091468929963999e-17
129.081,0.31810773734266373,0.0,0.5239761955369239,0.9941931962100223,0.10760989085441913,6.5892054195730214e-18,6.087677577363402e-17
129.089,0.3182125422555547,0.0,0.5237117901386653,0.9939222843480102,0.1100840255279266,6.740702475001541e-18,6.086018720640081e-17
129.1,0.3183584413250974,0.0,0.5233483103570631,0.9935399374134107,0.1134830065012193,6.948830033466825e-18,6.083677520891976e-17
129.135,0.3188364546002209,0.0,0.5221924698373095,0.9922479306469076,0.12427406860214055,7.609592016531501e-18,6.075766261136602e-17
129.152,0.3190761916929046,0.0,0.5216314945714917,0.9915792106961417,0.12950161742316751,7.92968706308436e-18,6.071671532400444e-17
129.171,0.3193499713597946,0.0,0.5210049062739273,0.9908001907011567,0.13533285671466372,8.286747489754016e-18,6.066901410683793e-17
129.194,0.31968962082146296,0.0,0.5202470045120716,0.9898127865780236,0.14237502423756684,8.717955885553153e-18,6.060855304189495e-17
129.213,0.31997698943525743,0.0,0.5196214563082616,0.9889606983506577,0.14817805882714002,9.073289272326262e-18,6.05563776858832e-17
129.218,0.3200536322049596,0.0,0.519456925921226,0.9887310205124505,0.14970293609815477,9.1666610757783e-18,6.054231397441343e-17
129.25,0.3205541875430353,0.0,0.5184048619857122,0.9872077409408048,0.15943925560084907,9.762838701500826e-18,6.04490400018323e-17
129.269,0.3208595961344063,0.0,0.5177810150247908,0.9862599551637081,0.16520078946688,1.0115630901861518e-17,6.039100486092237e-17
129.283,0.32108853733378906,0.0,0.5173217574540143,0.9855411046084612,0.16943651060835174,1.0374994018760726e-17,6.034698795934494e-17
129.301,0.32138774851421925,0.0,0.5167318353761299,0.9845915154156366,0.1748700882699505,1.07077046933205e-17,6.028884239107006e-17
129.32,0.3217095016049119,0.0,0.5161098492939858,0.9835584588706615,0.18059002736576898,1.1057949948571095e-17,6.022558592151296e-17
129.339,0.3220373218097108,0.0,0.5154886321507001,0.9824941268632811,0.18629356048763202,1.1407190627647119e-17,6.016041438220954e-17
129.349,0.32221229148539005,0.0,0.5151619984743614,0.9819214842211087,0.1892886653368739,1.159058790598386e-17,6.012535013326995e-17
129.378,0.3227291708317821,0.0,0.5142160846073867,0.9802126526859465,0.19794735541143246,1.2120779760214713e-17,6.002071437977902e-17
129.393,0.3230020355673007,0.0,0.5137276266862268,0.97930092046578,0.20240975069120581,1.2394022665009949e-17,5.996488688252371e-17
129.427,0.32363440349450323,0.0,0.5126226233336477,0.9771649744059425,0.21248202934421004,1.301077185563604e-17,5.983409790725714e-17
129.44,0.3238812669157232,0.0,0.5122009545575446,0.9763231414088804,0.21631718274213724,1.3245607272286571e-17,5.97825505029937e-17
129.455,0.3241695893625603,0.0,0.511715011596531,0.9753347113705145,0.22073105988010616,1.3515879297728738e-17,5.97220266188604e-17
129.484,0.32473755968344886,0.0,0.5107774099794896,0.9733724232946898,0.22922941689369494,1.4036253583463887e-17,5.960187112830722e-17
129.507,0.32519787552651225,0.0,0.5100356432591315,0.9717686743564179,0.23593567669932905,1.4446893563724904e-17,5.950366982811269e-17
129.512,0.32529909502050314,0.0,0.5098746138003727,0.9714145451962006,0.23738951405076558,1.4535915426670785e-17,5.948198567098545e-17
129.523,0.32552322207976103,0.0,0.5095206375195892,0.970628619921521,0.24058279695199206,1.4731447610858733e-17,5.943386162738518e-17
129.55,0.3260817540657241,0.0,0.508653511660732,0.9686600303573003,0.248390308965938,1.5209519840717904e-17,5.931332028195229e-17
129.574,0.3265882206391875,0.0,0.5078848648757753,0.9668637151214295,0.2552930793844343,1.563219262563093e-17,5.920332769675886e-17
129.584,0.3268020161452997,0.0,0.5075652076719785,0.9661025304722847,0.2581586733291141,1.5807659648231337e-17,5.915671857955209e-17
129.608,0.3273217487392139,0.0,0.5067995456979665,0.9642455899249825,0.2650102683109137,1.6227198841407085e-17,5.904301376467906e-17
129.627,0.327739817240903,0.0,0.5061949556181643,0.9627457784289113,0.27040814728352697,1.6557723601706868e-17,5.895117679727966e-17
129.646,0.32816371135792577,0.0,0.5055917863591609,0.9612201114625201,0.2757823368527807,1.688679780440675e-17,5.885775663893186e-17
129.666,0.32861618981285284,0.0,0.5049584497541502,0.9595866461866649,0.2814133409421602,1.7231597361108965e-17,5.875773573785214e-17
129.689,0.32914446839270495,0.0,0.5042321727052691,0.9576738881338289,0.28785538728089566,1.762605893254353e-17,5.86406130865047e-17
129.694,0.3292604308832015,0.0,0.5040745844227279,0.9572532857067553,0.28925101037614553,1.7711516200364225e-17,5.861485861570323e-17
129.716,0.3297754015159923,0.0,0.5033824887781921,0.9553826270868085,0.29537101391420956,1.8086258337547253e-17,5.850031381114247e-17
129.741,0.33036993500376394,0.0,0.5025986317858161,0.9532179179936605,0.3022839737991928,1.850955504733619e-17,5.836776360804202e-17
129.76,0.3308283996847012,0.0,0.502004813503639,0.9515455833388294,0.3075077280790952,1.8829417745256932e-17,5.826536264393492e-17
129.781,0.33134174871435407,0.0,0.5013504617411266,0.9496704943726327,0.31325062189569447,1.9181068571774002e-17,5.815054655890646e-17
129.801,0.331837095886045,0.0,0.50072924256114,0.9478591299477667,0.3186896135343333,1.9514110756816412e-17,5.803963247665638e-17
129.832,0.3326172508811525,0.0,0.4997702634348226,0.945003437725115,0.327060396085669,2.0026673359709003e-17,5.786477175966536e-17
129.849,0.3330514328441372,0.0,0.499246441795162,0.9434131982930328,0.33161956710440166,2.030584206945182e-17,5.77673976781465e-17
129.864,0.3334382573905523,0.0,0.49878549206419764,0.94199613241282,0.3356237275868453,2.0551026185356666e-17,5.768062741842731e-17
129.879,0.33382856111565784,0.0,0.4983257298876414,0.9405662562333607,0.33961024371352544,2.0795129896071072e-17,5.759307275410972e-17
129.909,0.3346195635188002,0.0,0.49740984293334445,0.9376689762210286,0.34752969805846534,2.1280056616797287e-17,5.741566551944291e-17
129.935,0.33531625487223155,0.0,0.49662009222669534,0.9351186907984608,0.35433463578850527,2.169673887727181e-17,5.725950557545992e-17
129.946,0.3356141125778361,0.0,0.49628711504195155,0.9340290458209294,0.35719706264587925,2.1872011971705632e-17,5.719278406376288e-17
129.975,0.3364081774390251,0.0,0.495412608089539,0.9311267918145715,0.36469562317788184,2.2331166379392115e-17,5.701507225980295e-17
129.986,0.336712701228855,0.0,0.49508218656181385,0.9300149869307457,0.36752159675889096,2.2504207354415004e-17,5.694699384519026e-17
130.013,0.3374678872251152,0.0,0.49427421739735444,0.9272612810001377,0.3744148992200812,2.2926300394147564e-17,5.677837798750465e-17
130.029,0.33792055929134934,0.0,0.49379750988214816,0.9256133093380444,0.378470608602932,2.317464096984657e-17,5.667746882645125e-17
130.039,0.3382054192368951,0.0,0.49350036949259607,0.9245773885513509,0.3809942946811202,2.3329172173731868e-17,5.661403697267153e-17
130.074,0.3392141238541071,0.0,0.4924653209137025,0.920916838359925,0.3897591266733338,2.38658633459483e-17,5.638989291891913e-17
130.09,0.3396812753385687,0.0,0.49199476087967864,0.9192259975742391,0.39373032063030794,2.4109028844358384e-17,5.628635878111622e-17
130.11,0.3402705038913838,0.0,0.4914089045721116,0.9170976701493251,0.3986625934379594,2.441104344967898e-17,5.615603631269331e-17
130.127,0.34077594847890097,0.0,0.49091300353345646,0.9152760881836464,0.40282711229414786,2.466604668403998e-17,5.604449658651066e-17
130.154,0.34158735503547183,0.0,0.49012938504809506,0.9123603007206438,0.4093881796888333,2.5067796193234558e-17,5.586595609733265e-17
130.166,0.3419513680451316,0.0,0.48978270443311467,0.9110557797902779,0.41228311402570045,2.5245059796703863e-17,5.578607722824298e-17
130.206,0.34317969767284984,0.0,0.48863433026718966,0.9066711148571565,0.421838226674256,2.5830141702731164e-17,5.551759393445894e-17
130.229,0.3438963339563483,0.0,0.4879791437840456,0.9041260202786828,0.4272658884758188,2.6162490135338075e-17,5.5361751838006195e-17
130.24,0.3442417256004059,0.0,0.48766714115109144,0.9029029741374683,0.429844412891123,2.6320379218924355e-17,5.52868618609038e-17
130.259,0.3448423338853378,0.0,0.4871303067513417,0.9007819372717986,0.4342716908628348,2.6591471808773976e-17,5.5156985810483e-17
130.283,0.3456082430492625,0.0,0.48645601177919867,0.8980880381556068,0.4398157292796762,2.6930946253850717e-17,5.4992032063989495e-17
130.29,0.34583314956651845,0.0,0.48626015302631737,0.8972993642159194,0.44142253111696383,2.7029334490195634e-17,5.494373971319904e-17
130.316,0.3466744789166784,0.0,0.48553592372025156,0.8943589432983553,0.44735006487341566,2.7392291252279466e-17,5.4763690859956997e-17
130.335,0.3472952074653689,0.0,0.48500995097625,0.8921997142101092,0.45164108533591074,2.7655040476002986e-17,5.463147621037968e-17
130.361,0.3481526566034555,0.0,0.4842947447418907,0.8892317180219496,0.45745704898245043,2.80111655391876e-17,5.444973885879411e-17
130.379,0.34875167674285745,0.0,0.4838027202791713,0.8871686073804225,0.46144540530671857,2.8255381929506297e-17,5.432340976662246e-17
130.388,0.3490528349917089,0.0,0.4835576753454422,0.8861346555648497,0.4634278500553945,2.837677166030392e-17,5.4260098477551775e-17
130.421,0.3501664232499539,0.0,0.48266476205966646,0.8823308876974191,0.47062958323408066,2.8817750634583486e-17,5.402718487037435e-17
130.435,0.3506432628685171,0.0,0.4822886315281452,0.8807116498618508,0.47365281567580353,2.9002870231225205e-17,5.3928035148755e-17
130.453,0.35126017405380217,0.0,0.4818074122656994,0.878625418958006,0.4775116471468192,2.923915551169662e-17,5.380029034882122e-17
130.458,0.3514323001595461,0.0,0.48167421825143053,0.8780450953476415,0.47857790435408853,2.930444493549413e-17,5.376475577622609e-17
130.489,0.35250683114575504,0.0,0.4808531019813539,0.874439947317235,0.4851337738560689,2.970587616555553e-17,5.3544004126431596e-17
130.509,0.3532067513671077,0.0,0.4803276781530199,0.8721082454987911,0.4893129960802395,2.9961779721543333e-17,5.340122856800543e-17
130.528,0.3538764854121001,0.0,0.4798317108509888,0.8698895756255098,0.4932465166811322,3.0202638392206506e-17,5.3265374220071504e-17
130.541,0.35433740836676786,0.0,0.4794941699281384,0.8683698187526012,0.4959171885300755,3.036616987877557e-17,5.3172315950577014e-17
130.557,0.35490767471013385,0.0,0.47908076562125995,0.866497713805245,0.49918104127689367,3.056602321973953e-17,5.305768258400463e-17
130.565,0.35519403410547046,0.0,0.4788749092274285,0.8655610750087113,0.5008033800103231,3.066536281659089e-17,5.300032999879802e-17
130.608,0.3567471078847551,0.0,0.47777820381891156,0.860521807562264,0.5094136027922436,3.119258690508211e-17,5.2691763861381067e-17
130.622,0.35725777442342765,0.0,0.4774247325281987,0.8588800133656791,0.5121768470372033,3.136178681607473e-17,5.2591232960995745e-17
130.64,0.3579179312462632,0.0,0.47697289735311355,0.8567688849901255,0.5157005698201013,3.157755260743266e-17,5.24619636306102e-17
130.659,0.3586191110804279,0.0,0.476499194377423,0.8545406180673819,0.5193845704995643,3.1803132589440714e-17,5.232552163288101e-17
130.678,0.3593247236968934,0.0,0.47602884301305465,0.852313009627083,0.523032057928024,3.202647677965038e-17,5.2189119955572724e-17
130.696,0.3599972577133244,0.0,0.4755863661575608,0.8502037186742412,0.5264538315488755,3.223599998525951e-17,5.205996313487931e-17
130.716,0.3607491143471021,0.0,0.47509831635529026,0.8478618301789201,0.5302172355984404,3.24664420214194e-17,5.191656382239156e-17
130.735,0.36146782531279686,0.0,0.474638201118148,0.8456392862887342,0.5337548102687978,3.26830559962593e-17,5.178047225933753e-17
130.745,0.3618478230055914,0.0,0.4743974277885312,0.8444705835125735,0.5356019357526012,3.2796159811827467e-17,5.170890985363854e-17
130.773,0.36291810906474015,0.0,0.47372841526257004,0.8412028451188981,0.5407196809474122,3.310953132541132e-17,5.150881858542526e-17
130.791,0.3636110082302324,0.0,0.47330237862882707,0.8391063304644809,0.5439674311706845,3.3308398671179346e-17,5.1380444087380386e-17
130.802,0.3640363030189693,0.0,0.473043593314599,0.8378269586933138,0.545935882028936,3.342893152332117e-17,5.130210516015642e-17
130.834,0.36528146081316415,0.0,0.4722975959190108,0.8341140767129298,0.5515919751313798,3.377526733900054e-17,5.1074756708511963e-17
130.853,0.3660263111529693,0.0,0.4718595132394242,0.8319165703588031,0.5549007298269184,3.397787013135329e-17,5.09401982523776e-17
130.868,0.36661723672292423,0.0,0.47151623598361103,0.8301857977782608,0.557486808065691,3.413622175322616e-17,5.083421899733695e-17
130.878,0.3670125922341799,0.0,0.4712886554527253,0.829034092127617,0.559198063381963,3.424100592050598e-17,5.0763697365405906e-17
130.896,0.36772704610554124,0.0,0.47088158744528713,0.8269656016699436,0.5622525176952684,3.442803730540255e-17,5.063703885450308e-17
130.925,0.36888565285862085,0.0,0.4702327768075475,0.8236463460126693,0.5671037794795396,3.472509141619923e-17,5.043379306369144e-17
130.934,0.36924709613934453,0.0,0.4700331962645469,0.8226197998880795,0.5685918262093609,3.4816207999432094e-17,5.037093524240864e-17
130.948,0.36981109245723987,0.0,0.46972441941335097,0.8210265071721754,0.5708900721861063,3.4956934978385824e-17,5.02733742011768e-17
130.973,0.3708234898120693,0.0,0.4691781551261208,0.8181926607545931,0.5749441450152522,3.520517534407201e-17,5.009985115394843e-17
130.987,0.3713933527368203,0.0,0.468875134770802,0.8166123833797578,0.5771864649407775,3.534247784004496e-17,5.0003087072505587e-17
131.025,0.37295055605633864,0.0,0.4680631991899474,0.812348984729092,0.5831716102568895,3.570896229273537e-17,4.974202919695423e-17
131.044,0.37373480603057474,0.0,0.4676630614333363,0.8102323777480782,0.5861087732227659,3.588881165397211e-17,4.961242439873666e-17
131.06,0.3743981105129331,0.0,0.46732914357747884,0.8084582415160265,0.5885535419354929,3.6038510562906946e-17,4.9503789885844985e-17
131.079,0.3751891757977699,0.0,0.4669362486864759,0.8063616803352452,0.5914227257105696,3.621419739922261e-17,4.937541253888197e-17
131.09,0.37564882985383746,0.0,0.46671059517707825,0.8051531263565259,0.5930669802967555,3.63148789550204e-17,4.9301409950800194e-17
131.124,0.3770772257492115,0.0,0.46602158109707387,0.8014430007860438,0.598071163400361,3.662129679602929e-17,4.907423028058391e-17
131.138,0.37766871056784757,0.0,0.46574160920409235,0.799926897521241,0.6000974576033813,3.674537153152227e-17,4.898139573006303e-17
131.158,0.3785170069902744,0.0,0.4653454611689823,0.7977732747663931,0.6029575458259935,3.692050142587732e-17,4.884952436939826e-17
131.168,0.37894260666648205,0.0,0.4651490765979337,0.7967020059972428,0.6043723303063843,3.700713199014702e-17,4.878392807593994e-17
131.195,0.380096505399584,0.0,0.4646244972666461,0.7938286490647511,0.6081414933418309,3.723792666248823e-17,4.860798570743075e-17
131.214,0.38091264332625435,0.0,0.4642603279543332,0.7918238610099505,0.6107495175072138,3.739762208479999e-17,4.8485227843716726e-17
131.225,0.3813866876193897,0.0,0.46405138379433913,0.7906698885857935,0.6122427029240357,3.748905332186221e-17,4.841456741193932e-17
131.252,0.3825549933957443,0.0,0.4635444321440483,0.7878588350550169,0.615855872770368,3.771029616621654e-17,4.8242440026504445e-17
131.272,0.38342469759870157,0.0,0.4631743585242417,0.7857967654240747,0.6184847964574891,3.787127131514832e-17,4.811617467784683e-17
131.292,0.38429800317605156,0.0,0.46280894934759903,0.7837524291715947,0.6210733690697295,3.8029775673345355e-17,4.7990995185447804e-17
131.311,0.3851309367555828,0.0,0.4624661547600421,0.7818271773559627,0.623495200260281,3.8178070064124557e-17,4.787310751176949e-17
131.335,0.3861875864799496,0.0,0.4620392359512368,0.7794194217815735,0.6265024859884257,3.836221320617925e-17,4.772567500390424e-17
131.345,0.38662932969401653,0.0,0.4618633673400266,0.7784243220350723,0.6277384605584065,3.843789482122698e-17,4.766474271793499e-17
131.355,0.3870719304211799,0.0,0.4616886881660117,0.7774340918564538,0.6289644129991225,3.851296275784847e-17,4.760410860700178e-17
131.388,0.38853852254350957,0.0,0.4611207247332278,0.7742016098209302,0.6329390708043549,3.8756340355792655e-17,4.740617616809651e-17
131.413,0.3896556203279861,0.0,0.46069916261762456,0.7717897508204544,0.6358778031418465,3.893628581332565e-17,4.725849239785014e-17
131.422,0.3900590304093039,0.0,0.46054924933249036,0.7709294815854449,0.6369205087154889,3.900013311548637e-17,4.7205816099597175e-17
131.438,0.3907778242318296,0.0,0.460285163805681,0.7694107578966345,0.6387543233770919,3.911242187826445e-17,4.711282109438263e-17
131.456,0.39158891997486045,0.0,0.4599917937143473,0.7677187211793546,0.640786988905624,3.923688674492715e-17,4.7009213726889794e-17
131.483,0.39281035819289406,0.0,0.4595591717431415,0.765214152278242,0.6437758159119459,3.941989961625201e-17,4.685585311249022e-17
131.504,0.3937642761025624,0.0,0.4592288863178542,0.7632945319826219,0.6460506616709175,3.955919374511594e-17,4.6738310269959744e-17
131.53,0.39494996597646004,0.0,0.4588275178795862,0.7609530591243433,0.6488069372388859,3.9727966947709966e-17,4.659493640790068e-17
131.544,0.39559050980846056,0.0,0.45861487487308716,0.7597086932881644,0.6502635629822647,3.981715955041919e-17,4.651874097598844e-17
131.567,0.396645961183251,0.0,0.45827084293396575,0.7576897992207295,0.6526148697025302,3.9961135562858535e-17,4.639511936811336e-17
131.578,0.3971520991152091,0.0,0.4581086475918944,0.7567355644329258,0.6537211068356147,4.002887305106502e-17,4.633668933918741e-17
131.592,0.39779752710840144,0.0,0.4579044159084276,0.7555318200174708,0.6551119514564576,4.011403772171635e-17,4.626298125191849e-17
131.62,0.39909252680847385,0.0,0.45750336716339496,0.7531609148204126,0.6578363294824019,4.028085776317336e-17,4.611780517888553e-17
131.63,0.3995563451532515,0.0,0.4573625397345248,0.7523261437485329,0.6587908419464116,4.033930479486314e-17,4.6066690192825616e-17
131.654,0.4006722877180857,0.0,0.45702973785482015,0.7503488222191423,0.6610420901836327,4.047715399225309e-17,4.594561416873295e-17
131.687,0.40221298197386834,0.0,0.4565841364785791,0.7476912168148074,0.6640465678685439,4.0661125191249896e-17,4.578288277114218e-17
131.701,0.4028687553184185,0.0,0.4563993103707839,0.7465855174009802,0.6652894597144243,4.073723036728709e-17,4.571517820874405e-17
131.721,0.40380774365106964,0.0,0.45613964881672775,0.7450287849302588,0.6670323152781596,4.0843949491662315e-17,4.5619855836874164e-17
131.745,0.4049378337194199,0.0,0.4558348736892085,0.7431966204028,0.6690730777888589,4.0968910155489707e-17,4.5507668115670974e-17
131.759,0.40559868480346584,0.0,0.45566053500425574,0.7421461728509938,0.6702380607833479,4.104024479025281e-17,4.5443346754071395e-17
131.765,0.40588226918521864,0.0,0.45558659785403594,0.7417001496206603,0.6707316065705344,4.107046575367834e-17,4.541603570800273e-17
131.8,0.40754076216270385,0.0,0.45516464708998516,0.7391487438325566,0.6735422291814772,4.1242566752883456e-17,4.525980716141637e-17
131.819,0.4084440604379462,0.0,0.45494229454713375,0.7378001460367444,0.6750192178806161,4.133300622702232e-17,4.5177229362717437e-17
131.841,0.4094925255349568,0.0,0.45469075343664495,0.7362711132454789,0.6766866688507046,4.143510815168502e-17,4.508360310703671e-17
131.858,0.4103045293836013,0.0,0.4545007449662052,0.7351137267454276,0.6779438094344168,4.1512085811281086e-17,4.50127336234035e-17
131.882,0.4114535315151251,0.0,0.45423899538087653,0.7335159876193554,0.6796721973913613,4.1617919050238936e-17,4.491490031807266e-17
131.906,0.41260554795020943,0.0,0.45398487691375516,0.7319611122261545,0.6813464098303087,4.172043499546141e-17,4.481969165940483e-17
131.91,0.4127978374467339,0.0,0.45394326758465076,0.7317061688094955,0.6816201893475061,4.173719915593181e-17,4.480408087744608e-17
131.933,0.41390505768198693,0.0,0.45370814750567073,0.7302637322819725,0.6831653396606151,4.183181232518933e-17,4.4715757113625865e-17
131.954,0.4149182643673006,0.0,0.45349963640165847,0.7289819292201711,0.6845329406759308,4.1915553735485186e-17,4.463726931278725e-17
131.973,0.4158367872544012,0.0,0.4533160673206106,0.7278514284929211,0.6857348598699167,4.1989150060172613e-17,4.456804610793422e-17
131.983,0.4163208959868472,0.0,0.4532213960508574,0.727267659858609,0.6863539545480762,4.2027058675971476e-17,4.4532300588461576e-17
132.013,0.41777594051597217,0.0,0.4529454462609796,0.7255632089905666,0.6881555273041926,4.213737319143192e-17,4.442793307346897e-17
132.038,0.41899149446261774,0.0,0.4527247522868375,0.7241969853133078,0.6895931601046494,4.222540281180336e-17,4.434427600080526e-17
132.049,0.41952717835956105,0.0,0.4526303218907773,0.7236115745889058,0.690207424707214,4.226301567077137e-17,4.430842993231398e-17
132.073,0.420697669937497,0.0,0.4524299788673017,0.7223679223045325,0.6915089188328902,4.2342709201527293e-17,4.423227819284848e-17
132.102,0.42211506495278117,0.0,0.4521983275297263,0.7209271322605381,0.6930108729093626,4.2434677364138205e-17,4.4144055247067425e-17
132.119,0.4229474435364561,0.0,0.45206785139222716,0.7201143026316161,0.6938554540719423,4.248639304500687e-17,4.409428378690186e-17
132.132,0.4235846868921056,0.0,0.4519707337116777,0.7195086731154058,0.6944834550309374,4.252484701322162e-17,4.4057199674477047e-17
132.142,0.4240752876577117,0.0,0.4518975974906187,0.7190522475118353,0.69495601684436,4.255378307883198e-17,4.4029251666753974e-17
132.17,0.42545082279000146,0.0,0.4517000892224293,0.7178181649494316,0.6962306241962002,4.2631830269512016e-17,4.395368590375741e-17
132.194,0.42663194034069873,0.0,0.4515393433484864,0.7168121902131255,0.6972662934359167,4.269524672048173e-17,4.389208771671539e-17
132.203,0.4270753360301191,0.0,0.4514811012693328,0.716447349136015,0.6976411655829786,4.271820101923117e-17,4.386974764385135e-17
132.218,0.42781488729476924,0.0,0.4513865043030195,0.7158543741289527,0.6982496079772945,4.2755457370764396e-17,4.383343839663269e-17
132.246,0.4291971808233158,0.0,0.45121820620563763,0.7147981886214515,0.6993307869266817,4.282166048774802e-17,4.376876568657933e-17
132.27,0.43038377395334193,0.0,0.45108255106531514,0.7139457248116987,0.7002010440031479,4.2874948364904505e-17,4.3716567332779194e-17
132.275,0.4306311772708027,0.0,0.4510552902187687,0.7137742941308035,0.7003757970104858,4.288564890045839e-17,4.3706070231047496e-17
132.276,0.4306806658602808,0.0,0.4510498794847012,0.7137402637028285,0.70041047677017,4.2887772423293014e-17,4.3703986468312834e-17
132.32,0.4328606684000255,0.0,0.45082549624136276,0.7123276052929229,0.701847122055544,4.297574157580519e-17,4.3617486088313864e-17
132.341,0.43390274972893456,0.0,0.4507278547746755,0.7117120175763376,0.7024713546027473,4.3013964795347993e-17,4.3579792211978334e-17
132.352,0.434448990999904,0.0,0.4506791500693415,0.7114047599514983,0.7027825179373425,4.303301805443419e-17,4.356097810863968e-17
132.381,0.43589028445174693,0.0,0.45055879957648964,0.7106449621049511,0.703550806861063,4.3080062182996926e-17,4.3514453908601024e-17
132.399,0.43678570238339776,0.0,0.4504899782543432,0.7102101226294572,0.7039897596660419,4.310694029037664e-17,4.3487827670010694e-17
132.41,0.43733319133457477,0.0,0.4504501396826954,0.7099582889723303,0.7042437276394311,4.3122491343661486e-17,4.34724073059048e-17
132.449,0.43927590623757534,0.0,0.4503224715590445,0.7091506697906442,0.7050569675816846,4.317228792827246e-17,4.3422954893615706e-17
132.459,0.43977441158637715,0.0,0.4502931508251849,0.7089650633701864,0.7052436025378093,4.318371602335382e-17,4.341158977817996e-17
132.484,0.44102126847790624,0.0,0.450225952336747,0.7085395059287868,0.7056711475880183,4.320989560721531e-17,4.338553190025679e-17
132.505,0.44206922237219265,0.0,0.4501762479326702,0.7082245774046755,0.7059872151533403,4.32292491638246e-17,4.3366248089806136e-17
132.52,0.4428180557291583,0.0,0.450144516125042,0.7080234533724703,0.706188919110546,4.3241599969102965e-17,4.3353932794692555e-17
132.54,0.4438168380839178,0.0,0.45010709827230816,0.7077862193279347,0.7064266895647904,4.3256159210389073e-17,4.333940639902809e-17
132.545,0.4440665883495013,0.0,0.4500986175233493,0.7077324396820254,0.7064805686087398,4.325945835032476e-17,4.333611334546698e-17
132.579,0.44576538159729867,0.0,0.45005022059568534,0.7074254614957841,0.7067879571890546,4.3278280472373613e-17,4.331731635280756e-17
132.6,0.4468149858342526,0.0,0.4500284076071329,0.7072870616324858,0.7069264547654758,4.32867610030563e-17,4.330884180532802e-17
132.615,0.4475648237690625,0.0,0.45001660543743816,0.7072121679954548,0.7070013786685062,4.32913487689576e-17,4.33042558926847e-17
132.63,0.4483147362195504,0.0,0.4500079525954359,0.7071572543963064,0.7070563043737589,4.329471199841403e-17,4.330089340451336e-17
132.658,0.449714693030978,0.0,0.4500002279204133,0.7071082277904429,0.7071053345796927,4.329771423265195e-17,4.329789139071617e-17
132.672,0.4504146921738264,0.0,0.4500004815158899,0.7071098373498601,0.7071037250100259,4.3297615674934926e-17,4.3297989947805586e-17
132.71,0.452314580380469,0.0,0.4500150013733869,0.7072019884186386,0.7070115611337086,4.329197226512847e-17,4.3303632573376466e-17
132.721,0.4528644796774864,0.0,0.4500229769884399,0.7072526012163413,0.7069609310794472,4.328887206843388e-17,4.3306731713411585e-17
132.735,0.45356428214651434,0.0,0.4500355770281887,0.7073325532982513,0.7068809369650426,4.328397384162607e-17,4.3311627366471405e-17
132.759,0.45476371215194444,0.0,0.4500635579127207,0.7075100718492635,0.7067032603800905,4.327309428857381e-17,4.332249724273572e-17
132.776,0.45561308815765467,0.0,0.45008825294142474,0.7076667086205922,0.7065464100185478,4.32634899739134e-17,4.3332088478767545e-17
132.81,0.4573111449736812,0.0,0.45014976592158923,0.7080567316654376,0.7061555527950328,4.3239556871528335e-17,4.335597050244072e-17
132.82,0.45781036666360503,0.0,0.4501709327344382,0.7081908921899192,0.7060210055085092,4.323131822633958e-17,4.336418546528464e-17
132.831,0.45835938758460903,0.0,0.45019582971363653,0.7083486641989816,0.7058627132293633,4.3221625619690294e-17,4.337384621457931e-17
132.871,0.4603546008900296,0.0,0.45030060444168885,0.7090122507779059,0.7051961629552786,4.3180811186708865e-17,4.341447917357115e-17
132.886,0.461102248363945,0.0,0.45034564965908563,0.7092973588518489,0.7049093961111538,4.316325178182091e-17,4.343193700807941e-17
132.912,0.4623973527506934,0.0,0.45043115626686836,0.7098382576049636,0.7043647123758753,4.3129899522173086e-17,4.346505750441265e-17
132.935,0.4635420759189417,0.0,0.4505146429627109,0.7103659934750532,0.7038324767401691,4.30973094887901e-17,4.349737200661768e-17
132.946,0.4640892129458795,0.0,0.45055717282015423,0.71063468662363,0.7035611858021554,4.3080697709846294e-17,4.351382471683555e-17
132.98,0.4657788586228927,0.0,0.45069925899274643,0.711531634489658,0.7026540636191296,4.302515249595239e-17,4.35687469334922e-17
132.993,0.46642425866037146,0.0,0.4507578268302157,0.7119010341563607,0.702279800056291,4.3002235462238995e-17,4.359136613946389e-17
133.0,0.46677162639084036,0.0,0.4507903340720745,0.7121059830530543,0.7020719827055081,4.298951031956682e-17,4.360391563998011e-17
133.032,0.46835813526756975,0.0,0.450947582802181,0.7130965732887029,0.701065815144277,4.2927900325403445e-17,4.36645717980478e-17
133.053,0.46939790657947067,0.0,0.4510584766211909,0.7137943340298902,0.7003553731548188,4.288439829998495e-17,4.370729732096109e-17
133.08,0.47073303794559557,0.0,0.45121000354129037,0.7147466714255745,0.6993834396710162,4.2824884538488804e-17,4.376561116812774e-17
133.098,0.471621992268241,0.0,0.45131660586390165,0.7154159031845607,0.6986988517742241,4.278296561966173e-17,4.380658979470425e-17
133.119,0.47265789937689767,0.0,0.4514466122427117,0.7162312140796816,0.6978630581840145,4.2731788022411824e-17,4.385651318860524e-17
133.141,0.47374167766689435,0.0,0.4515893099425448,0.7171250425378393,0.6969445267487953,4.267554419330895e-17,4.391124439661872e-17
133.171,0.47521702638577795,0.0,0.45179459550109763,0.7184089340499683,0.6956210200081566,4.2594502778630296e-17,4.398986007815778e-17
133.186,0.4759535553872957,0.0,0.4519018580206215,0.7190788445919416,0.6949284965090425,4.2552097944304076e-17,4.403088026820492e-17
133.208,0.4770323561354567,0.0,0.4520647359704897,0.7200948828716744,0.6938756082051231,4.2487627129741346e-17,4.4093094669559216e-17
133.234,0.4783050048138062,0.0,0.45226573460009273,0.721346688641408,0.6925741511102443,4.24079358664678e-17,4.416974566601214e-17
133.245,0.47884265720654734,0.0,0.452353541181295,0.7218928369280779,0.6920048641389246,4.2373077093106654e-17,4.4203187603568644e-17
133.271,0.4801115710686973,0.0,0.4525676139147513,0.7232225483682694,0.690615048729541,4.228797544348129e-17,4.4284608946519646e-17
133.282,0.48064759347538355,0.0,0.45266094104765653,0.7238014492077648,0.6900083058375018,4.225082315644923e-17,4.432005639952523e-17
133.307,0.4818639387662145,0.0,0.45287913273394276,0.7251529762082661,0.6885878020240366,4.216384238403239e-17,4.4402813560281494e-17
133.334,0.48317455008372345,0.0,0.4531242487248186,0.7266680999792026,0.6869886989409765,4.2065925560423574e-17,4.449558813410096e-17
133.356,0.4842400327962531,0.0,0.4533312218221145,0.7279448284825873,0.6856357098966305,4.198307887530159e-17,4.457376520785348e-17
133.37,0.48491689978167085,0.0,0.45346631231014684,0.7287768453796629,0.6847512757479659,4.1928922902840654e-17,4.4624711549345486e-17
133.385,0.48564108255949323,0.0,0.4536139633583416,0.7296850472640996,0.683783395381307,4.186965732319133e-17,4.468032287588323e-17
133.405,0.48660496178684015,0.0,0.4538155061761843,0.7309227536083259,0.6824602026914262,4.1788635138575445e-17,4.4756110531520294e-17
133.415,0.4870861590870318,0.0,0.4539182770363452,0.7315530028221622,0.6817845730594654,4.1747264755265956e-17,4.479470216563978e-17
133.446,0.4885746416572114,0.0,0.4542453140736556,0.7335546031983854,0.679630520302362,4.16153670645569e-17,4.4917264840335475e-17
133.466,0.4895322942657531,0.0,0.45446306540930936,0.7348839676687283,0.6781928590478283,4.152733570187575e-17,4.499866493751076e-17
133.482,0.49029687327928945,0.0,0.45464107135376475,0.7359686863231284,0.6770155779240302,4.145524802387795e-17,4.506508479891508e-17
133.506,0.49144110798854357,0.0,0.45491440276058975,0.7376307792704923,0.6752042901765408,4.134433863676307e-17,4.516685863930881e-17
133.532,0.49267703684221986,0.0,0.4552190445124685,0.7394782410279404,0.6731804594952406,4.1220414748469544e-17,4.5279983045699107e-17
133.54,0.4930565402227786,0.0,0.45531456030353584,0.7400563913841817,0.6725448219794893,4.11814931760154e-17,4.531538454485895e-17
133.57,0.4944763207238725,0.0,0.4556801784681276,0.7422646185265604,0.6701068840741898,4.103221253340315e-17,4.5450599459944173e-17
133.589,0.49537271684294537,0.0,0.45591778851188813,0.7436955954550516,0.6685184076005359,4.0934946401954095e-17,4.553822152570069e-17
133.603,0.4960317997545998,0.0,0.45609586205997915,0.744765889122225,0.6673258352558978,4.0861922406723465e-17,4.560375811138327e-17
133.625,0.4970650219396025,0.0,0.45638080545569026,0.7464747050854643,0.6654137920629307,4.074484352791853e-17,4.570839291136892e-17
133.642,0.4978613081286639,0.0,0.456605256162643,0.7478174367010063,0.6639044218605088,4.065242125856231e-17,4.579061151012329e-17
133.661,0.498749053580988,0.0,0.45686049968281167,0.749340829861416,0.6621845065407407,4.054710681900438e-17,4.5883892438010226e-17
133.676,0.49944822158984825,0.0,0.4570652682864881,0.7505602318419278,0.6608020417472934,4.0462455264792925e-17,4.595855927462561e-17
133.692,0.5001923373850866,0.0,0.4572868491752611,0.7518770005158548,0.6593034021566105,4.037069005590266e-17,4.6039188101712724e-17
133.724,0.5016753167699715,0.0,0.45773976018109735,0.7545595544609053,0.6562315740436147,4.01825948325971e-17,4.620344715683003e-17
133.739,0.5023680064756914,0.0,0.45795651835758416,0.7558391453337538,0.6547573492379757,4.009232459812463e-17,4.628179950016264e-17
133.763,0.5034729792322057,0.0,0.4583092193047724,0.7579153502657047,0.6523529120281554,3.994509528148677e-17,4.6408930386377015e-17
133.787,0.5045737776748132,0.0,0.45866913522048885,0.7600264734542077,0.6498921138533384,3.9794414851079906e-17,4.6538199399147314e-17
133.802,0.5052596190293954,0.0,0.45889773018660707,0.7613633472636505,0.6483254224874186,3.9698482672753635e-17,4.6620059310727214e-17
133.812,0.5057159119604924,0.0,0.4590516800876591,0.762261937124832,0.6472686762162206,3.9633775625826955e-17,4.667508207058933e-17
133.826,0.5063534525170007,0.0,0.4592692915540442,0.7635297155502121,0.6457726948948928,3.954217318898954e-17,4.6752711110122815e-17
133.861,0.5079407208757278,0.0,0.45982389827014847,0.7667480540943619,0.6419481455246284,3.930798708176578e-17,4.69497775099561e-17
133.873,0.5084827273348966,0.0,0.46001751173338484,0.7678672579874641,0.6406089869107466,3.922598726626373e-17,4.7018308983220145e-17
133.897,0.509563308288492,0.0,0.4604100137960923,0.7701292765748537,0.6378878407387089,3.905936511878382e-17,4.715681767435307e-17
133.907,0.5100121840662947,0.0,0.4605756246115945,0.7710809326225955,0.6367371477665398,3.898890549552541e-17,4.7215089800990876e-17
133.935,0.5112646944133147,0.0,0.4610457750328496,0.7737735875924655,0.6334622602367761,3.8788376468980774e-17,4.737996736549385e-17
133.95,0.5119330159211245,0.0,0.4613015283375834,0.7752327453427895,0.6316757004573483,3.8678981233212694e-17,4.746931500891312e-17
133.974,0.5129983988869267,0.0,0.4617163426423906,0.7775909843809491,0.6287704358583239,3.8501085083619125e-17,4.761371550339844e-17
133.988,0.5136176098148826,0.0,0.4619614912437154,0.7789797586575816,0.6270490695326609,3.8395681795574963e-17,4.769875340202925e-17
134.012,0.5146751799730879,0.0,0.46238715708110945,0.7813824809508135,0.6240524164388369,3.8212189714599636e-17,4.7845877710311575e-17
134.036,0.515727710390875,0.0,0.46281962036608354,0.7838122458462832,0.620997877018437,3.802515311839653e-17,4.799465790040745e-17
134.052,0.5164265574509732,0.0,0.46311168372828715,0.785446704155599,0.618929297198886,3.789848913565683e-17,4.8094739607249623e-17
134.077,0.5175138929524761,0.0,0.46357400973832524,0.7880232790046288,0.6156454432112635,3.769741107191637e-17,4.825250931433101e-17
134.1,0.5185092047036394,0.0,0.4640057485468847,0.7904174911028538,0.6125685184195072,3.75090037670443e-17,4.839911252345957e-17
134.105,0.5187249309377878,0.0,0.4641004121431954,0.7909409088452819,0.6118925385351578,3.7467611936961474e-17,4.843116261660365e-17
134.137,0.5201000484166253,0.0,0.46471304694172333,0.794314878122279,0.6075062751886511,3.7199030768585634e-17,4.8637758650378445e-17
134.159,0.5210398257576604,0.0,0.4651410041652234,0.7966579196781737,0.6044304418326766,3.701069029488039e-17,4.878122856746323e-17
134.18,0.5219325530368283,0.0,0.46555461624953565,0.7989115527439697,0.6014485272175993,3.6828100685446136e-17,4.891922379348722e-17
134.196,0.5226098526420757,0.0,0.46587307728050087,0.8006394365550421,0.5991464700996115,3.668714034139623e-17,4.902502616241364e-17
134.223,0.5237470905748771,0.0,0.46641696306504554,0.8035756713353065,0.5952026045289213,3.644564822402557e-17,4.920481868867343e-17
134.243,0.5245848146678073,0.0,0.4668250547638232,0.8057665513471838,0.5922332857329671,3.62638298860699e-17,4.9338971398366504e-17
134.273,0.5258338346819773,0.0,0.4674454414654342,0.8090769482154483,0.5877027240590066,3.598641299345213e-17,4.9541674744797877e-17
134.287,0.5264135672352839,0.0,0.46773831871919175,0.8106312459964738,0.5855569852834174,3.585502438728554e-17,4.963684803492062e-17
134.305,0.5271559656376407,0.0,0.46811799808562393,0.8126380579891125,0.5827687248880845,3.568429267886886e-17,4.975972982908439e-17
134.315,0.5275669537514147,0.0,0.4683304417767895,0.8137569172493143,0.5812053678596685,3.5588564669830146e-17,4.982824019966952e-17
134.337,0.5284674362951702,0.0,0.4688015940244233,0.8162279706241015,0.5777299541921476,3.5375756958648026e-17,4.997954857996728e-17
134.363,0.5295250340132331,0.0,0.4693650582044351,0.8191644247032427,0.5735587548809673,3.5120344664395895e-17,5.015935453441046e-17
134.387,0.5304948459248452,0.0,0.4698915155223567,0.8218894928773434,0.5696469621597426,3.488081644264711e-17,5.0326216835253995e-17
134.407,0.5312982508204638,0.0,0.4703348366091209,0.8241702919565562,0.5663420608221191,3.467844960041619e-17,5.046587549984681e-17
134.428,0.5321371078545145,0.0,0.47080479407349207,0.8265741661704279,0.5628278136514416,3.446326402296705e-17,5.061307034292535e-17
134.459,0.5333664854406684,0.0,0.4715068329925713,0.8301382798181685,0.5575575632887892,3.414055426110068e-17,5.083130936145049e-17
134.478,0.5341146504647961,0.0,0.471941956321142,0.8323310866551801,0.5542787765983893,3.3939786479826414e-17,5.0965580055155225e-17
134.483,0.5343108577258804,0.0,0.4720570695232586,0.8329091164828271,0.5534097972387158,3.388657684025895e-17,5.1000974174067205e-17
134.518,0.5356763244863703,0.0,0.47286988765655047,0.8369657057924921,0.5472553401541876,3.3509725031806097e-17,5.124936862974404e-17
134.534,0.536295845317962,0.0,0.47324552503092887,0.8388256415970865,0.5444001680742175,3.333489616436858e-17,5.136325685122984e-17
134.56,0.5372962157296737,0.0,0.47386131480632643,0.8418543638286163,0.5397047619789135,3.3047385462103025e-17,5.1548712600547316e-17
134.582,0.5381364846901405,0.0,0.4743875217178052,0.8444224166090905,0.5356778717924268,3.280080955323308e-17,5.170596048142977e-17
134.592,0.5385165313701752,0.0,0.4746282553053207,0.8455910868097533,0.5338311661076939,3.268773144294432e-17,5.17775208924548e-17
134.62,0.5395743124988666,0.0,0.4753074127362117,0.8488671395054255,0.5286062612832697,3.236779829449028e-17,5.197812126483445e-17
134.64,0.5403240957638825,0.0,0.4757970894723854,0.851209891972221,0.5248254184094362,3.213628843831432e-17,5.2121573480317235e-17
134.662,0.5411432464798263,0.0,0.47634007984864474,0.8537887258131792,0.5206196420365907,3.187875890966758e-17,5.2279481510760354e-17
134.693,0.5422874305250371,0.0,0.47711284206292226,0.857424246407777,0.5146102036221741,3.151078693372316e-17,5.250209294373078e-17
134.713,0.5430193002215398,0.0,0.47761608567301206,0.859769868973417,0.5106816742408459,3.127023388711316e-17,5.264572090208172e-17
134.73,0.5436374621701339,0.0,0.478046701219179,0.8617631864227241,0.5073107632670071,3.1063825120397043e-17,5.2767776393780647e-17
134.754,0.5445039703998122,0.0,0.4786590554533624,0.8645758008527209,0.5025024224616995,3.076939916157557e-17,5.2939999356727205e-17
134.768,0.5450060635471152,0.0,0.4790186329620654,0.8662153215971072,0.49967090832909217,3.0596018925613666e-17,5.304039104831463e-17
134.798,0.5460735464092823,0.0,0.4797949699851066,0.8697245364757732,0.49353746631031115,3.022045391881086e-17,5.325526848674855e-17
134.823,0.5469542605002455,0.0,0.48044790019050543,0.8726434646831499,0.488357843743487,2.990329350894823e-17,5.3434001291053795e-17
134.846,0.5477573424495491,0.0,0.48105333243051535,0.8753234336458003,0.48353788528979424,2.960815617433133e-17,5.359810206165e-17
134.863,0.548346472202717,0.0,0.48150370848336965,0.8773003638037236,0.4799417377868426,2.9387955647893754e-17,5.3719154121151924e-17
134.893,0.5493768071576155,0.0,0.4823043888810635,0.8807796860818983,0.4735262871113627,2.8995122591153044e-17,5.3932201165710366e-17
134.925,0.5504626219851563,0.0,0.4831666234539814,0.8844757710312379,0.46658612330275884,2.8570160121464793e-17,5.4158521095839634e-17
134.938,0.5508998075731831,0.0,0.48351928157543445,0.8859722673088491,0.4637382252517223,2.83957766598398e-17,5.4250155064655265e-17
134.958,0.5515679398750455,0.0,0.4840644776259237,0.8882683392132384,0.4593248932415432,2.812553801384778e-17,5.4390748920071393e-17
134.977,0.5521976297859923,0.0,0.4845853521697444,0.8904421230143279,0.4550965013727711,2.7866623685466156e-17,5.452385478877352e-17
134.987,0.5525270646870724,0.0,0.4848606349637442,0.8915831101098409,0.452857105240564,2.7729500220199638e-17,5.4593720098492944e-17
135.015,0.5534421723886376,0.0,0.485635553181763,0.89476569559174,0.44653594479305875,2.734244077475293e-17,5.4788597254663974e-17
135.026,0.5537987170525555,0.0,0.48594163167301674,0.8960108205343764,0.44403221672004106,2.7189131646225108e-17,5.486483916844088e-17
135.058,0.554826370613165,0.0,0.48683724099260967,0.8996151640120456,0.43668358874542135,2.673915795986297e-17,5.508554155358864e-17
135.079,0.5554929813387603,0.0,0.48742913030751567,0.9019651878379434,0.4318087538812333,2.6440660414222978e-17,5.5229439011403934e-17
135.101,0.5561846693560044,0.0,0.4880526686364114,0.9044131989026436,0.4266576679853385,2.6125247371495946e-17,5.5379336457137046e-17
135.121,0.5568075224958661,0.0,0.4886225524182696,0.9066256416872589,0.4219359499203238,2.5836125525756124e-17,5.551480950586084e-17
135.147,0.5576087008492333,0.0,0.4893676470915713,0.909482262032484,0.41574272699384207,2.5456899994090032e-17,5.568972705396879e-17
135.157,0.5579142655576634,0.0,0.48965548264599823,0.9105748253488344,0.41334427229724596,2.5310037000735712e-17,5.575662726238051e-17
135.194,0.5590323072189817,0.0,0.490726454347041,0.9145860947868337,0.404391240289115,2.4761821901164642e-17,5.600224667626868e-17
135.217,0.5597172879036784,0.0,0.4913968551842101,0.9170536270492883,0.39876389645471266,2.4417246470439523e-17,5.615333945061907e-17
135.239,0.5603652494594896,0.0,0.4920413814652324,0.9193942587769302,0.3933372559623856,2.4084960574986935e-17,5.629666180828105e-17
135.26,0.5609771204342362,0.0,0.49265954434669057,0.9216098811740833,0.3881175426623899,2.3765345315721605e-17,5.643232955212068e-17
135.279,0.5615251029331328,0.0,0.4932212616704285,0.9235982539263287,0.3833617943199831,2.3474139716467662e-17,5.655408226844814e-17
135.312,0.5624641093448219,0.0,0.49420224479320407,0.9270135775204251,0.37502776842892954,2.2963827809893168e-17,5.676321052382627e-17
135.326,0.5628575602299156,0.0,0.4946204393476439,0.9284473508516221,0.3714640180375549,2.2745611034405314e-17,5.685100381986393e-17
135.341,0.5632758495529553,0.0,0.49506981609247996,0.929973200879906,0.36762731895927164,2.2510680972129754e-17,5.694443518751977e-17
135.36,0.5638008159855143,0.0,0.49564094583448415,0.9318902312258405,0.362740398833449,2.221144341764088e-17,5.706181944137062e-17
135.375,0.5642114069108042,0.0,0.49609333030294145,0.9333909796800739,0.3588610860094361,2.197390401599995e-17,5.715371378091074e-17
135.399,0.5648612447307284,0.0,0.49681983548926945,0.9357682465810482,0.3526156387493763,2.1591480666186155e-17,5.729927939596058e-17
135.419,0.5653960652495951,0.0,0.4974277382689372,0.9377262070708957,0.347375244616584,2.127059907113642e-17,5.741916989829802e-17
135.437,0.5658721644106259,0.0,0.4979767410113491,0.9394699371818065,0.3426313428914707,2.098011886797994e-17,5.752594257324322e-17
135.451,0.5662390196860564,0.0,0.4984049598089562,0.9408138347372806,0.3389237795831576,2.0753096091071853e-17,5.760823256522789e-17
135.456,0.5663693072359635,0.0,0.49855814985583174,0.941291142632273,0.3375958897884125,2.0671786291734098e-17,5.763745924451839e-17
135.494,0.5673468502271423,0.0,0.4997266900636991,0.9448719729505755,0.3274400017293046,2.0049917501529832e-17,5.785672186389834e-17
135.514,0.5678523338667896,0.0,0.5003446931457024,0.9467226567450552,0.32205001351588936,1.9719875910879788e-17,5.797004356315551e-17
135.524,0.568102734457189,0.0,0.5006544468924824,0.9476389927152439,0.3193436072409122,1.9554156321787632e-17,5.802615295879727e-17
135.558,0.5689423738454942,0.0,0.5017112711402962,0.9507085974916337,0.31008573436308023,1.8987275102450132e-17,5.821411204199993e-17
135.582,0.5695241064739354,0.0,0.5024605828775589,0.9528316302452873,0.30349939769974543,1.858397829680714e-17,5.834411030531227e-17
135.586,0.5696201772073856,0.0,0.5025857286091345,0.9531818763841364,0.3023976033847108,1.8516512852745843e-17,5.836555669595504e-17
135.602,0.5700019257338073,0.0,0.503087042360179,0.9545724504904809,0.2979789200003892,1.8245946529593096e-17,5.845070480237064e-17
135.63,0.570660200557372,0.0,0.5039670990944568,0.9569652702162346,0.2902024665642406,1.7769776089128203e-17,5.859722275327468e-17
135.655,0.5712373801451698,0.0,0.504755743035667,0.9590570370900325,0.2832129933602763,1.7341794289780147e-17,5.872530653360263e-17
135.669,0.5715562302936203,0.0,0.5051985351480395,0.9602096513744454,0.2792801915771438,1.7100979634010438e-17,5.879588380330552e-17
135.695,0.5721400260708623,0.0,0.5060229920533086,0.9623137976888421,0.2719414546877291,1.6651611601940124e-17,5.89247256057487e-17
135.708,0.5724278394737543,0.0,0.5064362324737973,0.9633478558866809,0.26825530480968063,1.642590001947365e-17,5.898804340885447e-17
135.728,0.5728652956232734,0.0,0.5070732668754776,0.9649148938294536,0.262562845174435,1.6077337395894694e-17,5.908399680889243e-17
135.739,0.5731031344635596,0.0,0.5074242826183086,0.9657643170160892,0.2594210553876587,1.588495825559622e-17,5.913600897822417e-17
135.766,0.5736785857423417,0.0,0.5082877553623925,0.9678112645306701,0.25167708725179044,1.5410776966081716e-17,5.926134836431188e-17
135.787,0.5741179461775435,0.0,0.5089611431615039,0.9693654634291519,0.24562287823162085,1.504006358118573e-17,5.935651559962507e-17
135.807,0.574529681564776,0.0,0.5096038732714315,0.970814349832351,0.2398322291928038,1.468548859066708e-17,5.944523430442538e-17
135.818,0.5747533416294861,0.0,0.5099579432486163,0.9715980654718331,0.23663727341944965,1.4489853972604302e-17,5.949322304689205e-17
135.832,0.5750351257391706,0.0,0.5104091458126202,0.9725818673252301,0.2325607691554369,1.4240240077672617e-17,5.955346353642994e-17
135.846,0.5753136850615871,0.0,0.5108609696426423,0.9735502472915736,0.22847300934358936,1.3989936979209502e-17,5.961275970773699e-17
135.892,0.576206171468283,0.0,0.512349707685479,0.976621800897421,0.2149647831898942,1.3162796683145434e-17,5.980083812232751e-17
135.907,0.576489623101376,0.0,0.5128364820887633,0.9775862870525855,0.2105351547051934,1.2891560165885396e-17,5.985989586646472e-17
135.918,0.5766951122788595,0.0,0.5131938411489987,0.9782818168530185,0.2072792483939412,1.2692193403765462e-17,5.990248478365532e-17
135.95,0.577281443797695,0.0,0.5142352342777715,0.9802479903945057,0.19777228655080314,1.211005988422471e-17,6.002287819036284e-17
135.976,0.5777452499182911,0.0,0.5150832393065163,0.9817820655701921,0.19001046214544856,1.1634785213546646e-17,6.011681320304063e-17
136.001,0.5781805404066589,0.0,0.5159001074591734,0.9832027414087209,0.18251676439816683,1.1175928565547331e-17,6.020380450895465e-17
136.022,0.5785380736846675,0.0,0.5165873278645126,0.9843544157564417,0.17619984160263685,1.0789128601446993e-17,6.027432422413446e-17
136.043,0.5788881839243626,0.0,0.5172754491233571,0.9854676283029841,0.16986333791283972,1.0401129653372221e-17,6.034248883322916e-17
136.072,0.5793594364941388,0.0,0.5182270899878524,0.9869410300531459,0.16108197663809368,9.863426354508508e-18,6.043270867008884e-17
136.077,0.5794392501114174,0.0,0.518391318225024,0.9871875159031988,0.1595644335209813,9.770503638461519e-18,6.044780157545396e-17
136.116,0.5800472590951866,0.0,0.5196737095241608,0.9890331573313714,0.14769364813403002,9.043627672086766e-18,6.056081451882323e-17
136.144,0.5804678507533872,0.0,0.5205958077111255,0.990273339877393,0.1391355897248197,8.519597730198992e-18,6.063675379809042e-17
136.164,0.5807601019994801,0.0,0.521255085279315,0.9911152866897949,0.13300559570862278,8.144243852662591e-18,6.068830817153343e-17
136.194,0.5811856834684779,0.0,0.5222448775013895,0.9923090156852602,0.12378536823772825,7.579667749680517e-18,6.076140299120073e-17
136.214,0.5814608583806347,0.0,0.5229052522575581,0.9930583670889321,0.1176226149797041,7.202307947111806e-18,6.08072875310979e-17
136.23,0.5816760675459923,0.0,0.5234338092985934,0.9936309069470037,0.11268372002944661,6.899887852503914e-18,6.084234548632649e-17
136.24,0.5818083450907959,0.0,0.5237642614662803,0.9939765306465771,0.10959314086106917,6.710644458200668e-18,6.086350883419609e-17
136.274,0.582245250194257,0.0,0.5248883064582804,0.9950810001395244,0.0990646413273867,6.065959795513236e-18,6.093113808566078e-17
136.289,0.5824316864278372,0.0,0.525384414117122,0.9955333825119714,0.09441019173941327,5.780956956028018e-18,6.095883851688117e-17
136.323,0.5828399338123,0.0,0.5265092502472352,0.9964792018063988,0.08384032661722124,5.133739381562431e-18,6.101675324545579e-17
136.333,0.5829562144726957,0.0,0.5268401439951668,0.99673627724754,0.08072665990064991,4.943082282659395e-18,6.103249457626244e-17
136.351,0.5831611708850805,0.0,0.5274357892523531,0.997174736200215,0.07511687882248273,4.599582260594654e-18,6.105934244390998e-17
136.39,0.5835860392306745,0.0,0.5287263635610846,0.9980172196510678,0.06294147503794485,3.8540537969416096e-18,6.111092967698106e-17
136.404,0.5837321385839288,0.0,0.5291895962431262,0.9982836238210759,0.05856454909465727,3.5860443796140025e-18,6.112724222768505e-17
136.429,0.583984587486641,0.0,0.5300166538046481,0.9987118260455186,0.05074138859773076,3.107013956525149e-18,6.115346205186263e-17
136.434,0.5840337775565785,0.0,0.5301820364934853,0.9987901417197378,0.04917573388843457,3.011145255109671e-18,6.11582575038504e-17
136.444,0.5841308572770931,0.0,0.5305127669347817,0.9989394364700992,0.046043482327042154,2.819350162670495e-18,6.116739917075839e-17
136.483,0.5844928895411492,0.0,0.531802065397391,0.9994280387974892,0.03381708540670683,2.0706992699908097e-18,6.11973174345731e-17
136.493,0.5845814644266197,0.0,0.5321324841854682,0.9995292647830791,0.030679779044139304,1.878594660247662e-18,6.120351573853526e-17
136.523,0.5848367625629908,0.0,0.5331232261930321,0.9997739078041453,0.021263425735952565,1.302009313322088e-18,6.121849580316937e-17
136.543,0.5849982676277784,0.0,0.5337832310503858,0.999887748968696,0.014982972412502293,9.174424603342016e-19,6.122546656405828e-17
136.569,0.5851978199443856,0.0,0.5346405588534328,0.9999767696922011,0.006816162846551931,4.1736960062484667e-19,6.12309175112632e-17
136.588,0.5853362053371378,0.0,0.5352665259040988,0.9999996410625672,0.0008472748884774712,5.188062400859329e-20,6.123231797878875e-17
136.615,0.5855220441147326,0.0,0.5361551799187645,0.9999708542562572,-0.0076348305817017775,-4.674985416956703e-19,6.123055529527849e-17
136.632,0.5856325388366415,0.0,0.5367141259325857,0.9999158240228755,-0.012974778173594702,-7.944760279969847e-19,6.122718566532012e-17
136.666,0.5858384212691534,0.0,0.5378305428040827,0.9997202673463693,-0.023651364800023847,-1.4482284098907791e-18,6.121521127242337e-17
136.68,0.5859173408053707,0.0,0.5382896276855083,0.9996066410577186,-0.028045733245992334,-1.717305872472251e-18,6.120825366888861e-17
136.691,0.5859769525312644,0.0,0.5386500685549062,0.9995038317419738,-0.031497465502991796,-1.9286635154746542e-18,6.120195841391615e-17
136.705,0.5860497718545334,0.0,0.5391084556289246,0.9993557772910244,-0.03588914034986733,-2.1975760426807572e-18,6.119289269344341e-17
136.734,0.5861897447551998,0.0,0.5400566353553216,0.9989878810156736,-0.044980146551721396,-2.754239624987223e-18,6.117036554364207e-17
136.754,0.5862777380637898,0.0,0.5407094394041255,0.9986861512146611,-0.05124423257350049,-3.1378042697949955e-18,6.115188992189122e-17
136.759,0.5862986472554248,0.0,0.540872491591524,0.9986046073032608,-0.05280945249385026,-3.2336463480658965e-18,6.11468967973869e-17
136.797,0.5864433227219703,0.0,0.542109638243888,0.9979051965474512,-0.06469326629250216,-3.961320074575007e-18,6.110407024021733e-17
136.816,0.5865062284527669,0.0,0.542726784738391,0.9975028367034555,-0.070626416931339,-4.324620771510537e-18,6.107943280546458e-17
136.836,0.5865656545786722,0.0,0.5433753241061906,0.9970415301987838,-0.07686473221749719,-4.706607413873818e-18,6.105118592874598e-17
136.856,0.5866181187769858,0.0,0.5440226992464147,0.9965416192628455,-0.0830951326913076,-5.088109413756722e-18,6.102057521236821e-17
136.875,0.586661514076118,0.0,0.5446365830364093,0.9960310805509659,-0.08900610415289122,-5.450052027770708e-18,6.0989313732401e-17
136.886,0.5866837683011578,0.0,0.5449914728244731,0.9957196948432544,-0.09242450595624686,-5.65936876910466e-18,6.097024685688854e-17
136.914,0.5867309254838899,0.0,0.5458930551745393,0.9948749793500382,-0.10111268695500589,-6.1913664216318146e-18,6.091852295064067e-17
136.939,0.5867615228568313,0.0,0.5466958020297485,0.9940578728614639,-0.10885286124921878,-6.665315405344337e-18,6.086848960835091e-17
136.954,0.5867746744290894,0.0,0.5471763958988136,0.9935392895178964,-0.1134886786612375,-6.949177353097353e-18,6.083673553676136e-17
136.973,0.586785731121194,0.0,0.5477839747358901,0.9928520873720307,-0.11935129911736034,-7.308159321907683e-18,6.079465654134629e-17
137.003,0.5867904525173288,0.0,0.5487405451688819,0.9916984348060623,-0.12858543620179558,-7.873587143074758e-18,6.072401569523422e-17
137.018,0.5867869702099413,0.0,0.5492175176281584,0.9910903127757521,-0.1331915610016708,-8.155630942706778e-18,6.06867789603387e-17
137.043,0.5867725194898962,0.0,0.5500104568437113,0.9900307577785256,-0.14085133528823393,-8.624656845818316e-18,6.0621899928545e-17
137.069,0.5867460376795534,0.0,0.5508323544761196,0.9888682558833042,-0.148793724687273,-9.110987933574069e-18,6.055071721729572e-17
137.095,0.5867078943671412,0.0,0.5516513350752951,0.9876445698115667,-0.15671057310126044,-9.595755087050295e-18,6.047578805574999e-17
137.112,0.586676657686037,0.0,0.5521851950309017,0.9868116743436283,-0.16187254053459774,-9.911834431777265e-18,6.042478791730824e-17
137.145,0.5866018307640126,0.0,0.5532177137216224,0.9851216076999711,-0.17185871535253675,-1.0523311283103011e-17,6.032130118203321e-17
137.155,0.5865754624521238,0.0,0.5535295829212123,0.984590532018555,-0.1748756251151627,-1.0708043727308825e-17,6.028878217536564e-17
137.192,0.5864629897459945,0.0,0.5546792556601398,0.9825498772844878,-0.18599929744017268,-1.1389172212688198e-17,6.016382811095363e-17
137.211,0.5863961253670364,0.0,0.5552669627135561,0.9814561438631482,-0.19168682185606684,-1.1737432641238058e-17,6.009685625427543e-17
137.221,0.5863584552091861,0.0,0.555575536915931,0.9808681357555411,-0.19467331676285135,-1.1920302712651234e-17,6.006085114193275e-17
137.237,0.5862946319350657,0.0,0.5560681681580506,0.9799097272556861,-0.19944153637015244,-1.221227195663688e-17,6.00021655468516e-17
137.268,0.5861585564024444,0.0,0.5570187511086829,0.9779917904044476,-0.20864337492837626,-1.2775722063466856e-17,5.988472578555979e-17
137.289,0.5860570868955672,0.0,0.5576597063360316,0.9766473651095557,-0.21484860768588226,-1.3155682985189057e-17,5.980240347885569e-17
137.308,0.5859588294625446,0.0,0.5582374860612798,0.9753999532804133,-0.22044258014405357,-1.3498215008459954e-17,5.97260215336668e-17
137.314,0.5859265292089044,0.0,0.5584195152957869,0.9749999643627961,-0.2222050168032808,-1.3606133129131083e-17,5.970152927628409e-17
137.349,0.5857259689861998,0.0,0.5594771791381646,0.9726093263568764,-0.23244590399407616,-1.4233206615062916e-17,5.955514491719061e-17
137.378,0.5855441218248442,0.0,0.5603480059618401,0.9705553860082949,-0.24087806602156545,-1.4749527626905747e-17,5.94293773435141e-17
137.384,0.5855047295634793,0.0,0.5605275379359996,0.9701222829334786,-0.24261647956380827,-1.4855974755910853e-17,5.940285742880038e-17
137.419,0.5852628846236535,0.0,0.561570344257452,0.9675410282067868,-0.2527139860327358,-1.547426870473794e-17,5.924480116185902e-17
137.429,0.5851900121248998,0.0,0.5618668672502047,0.9667865387860191,-0.25558518819006193,-1.5650079131321662e-17,5.919860200915233e-17
137.453,0.5850082921169165,0.0,0.5625758907536846,0.9649454658361577,-0.2624504676357818,-1.6070456256244308e-17,5.908586880440011e-17
137.454,0.5850005115965538,0.0,0.562605351939714,0.9648678342066448,-0.2627357275160319,-1.608792338620798e-17,5.908111523807033e-17
137.473,0.5848495125224067,0.0,0.5631638604087215,0.9633790000787521,-0.26814343588323,-1.6419050023338557e-17,5.898995044061108e-17
137.513,0.5845119842338524,0.0,0.5643317453238595,0.9601600353570853,-0.2794507228530296,-1.7111421663068837e-17,5.87928456984632e-17
137.543,0.5842414292742569,0.0,0.5652004332458165,0.9576723462813489,-0.28786051686185815,-1.7626373028788865e-17,5.864051867526948e-17
137.544,0.5842321545577569,0.0,0.5652292807769905,0.9575883603223965,-0.28813977888355524,-1.7643472895838602e-17,5.863537601847926e-17
137.569,0.583994927399138,0.0,0.5659481551348835,0.9554667849304401,-0.2950986663722627,-1.806958186027221e-17,5.85054669928338e-17
137.594,0.5837474174019681,0.0,0.5666625202464762,0.9533036867878217,-0.30201337844000664,-1.849298586031162e-17,5.837301543200385e-17
137.608,0.5836043333185241,0.0,0.5670605626088994,0.9520745713811283,-0.3058660009374055,-1.872889095079975e-17,5.829775381957436e-17
137.623,0.583447469885582,0.0,0.5674854197481168,0.9507437392469518,-0.30997797064101845,-1.8980676477585774e-17,5.821626385390826e-17
137.647,0.5831888496070576,0.0,0.5681616664756992,0.9485849694788082,-0.31652259900185414,-1.9381419386271094e-17,5.808407732957562e-17
137.654,0.5831116516833198,0.0,0.5683580787700852,0.9479486089126608,-0.3184233579066576,-1.9497807301707014e-17,5.804511148305381e-17
137.686,0.582748616266675,0.0,0.5692511391595506,0.9450017288527531,-0.32706533363428736,-2.002697569736456e-17,5.786466712141196e-17
137.711,0.5824534650198918,0.0,0.5699432508195861,0.9426573020366064,-0.3337622071431489,-2.0437040932710658e-17,5.772111238160048e-17
137.73,0.5822224126187178,0.0,0.5704659174920782,0.9408514900832248,-0.338819234412947,-2.0746694545668613e-17,5.761053829017195e-17
137.751,0.5819602927014282,0.0,0.5710401982294533,0.9388320358996118,-0.3443753887382052,-2.1086910876168424e-17,5.748688238507263e-17
137.77,0.5817170525251977,0.0,0.5715566659056031,0.9369841002241229,-0.34937200220852105,-2.1392865210818365e-17,5.737372895957175e-17
137.785,0.5815209505808201,0.0,0.571962284970955,0.9355115560352024,-0.35329609186147876,-2.163314640247146e-17,5.728356163319351e-17
137.805,0.5812539118570463,0.0,0.5725001688368037,0.9335298630584419,-0.3584996440417853,-2.1951772078561892e-17,5.716221793514939e-17
137.832,0.5808833491927677,0.0,0.5732209096002985,0.9308223065544473,-0.365472069549314,-2.237871000756631e-17,5.699642791484301e-17
137.862,0.5804581182012265,0.0,0.5740143365186005,0.9277719547186317,-0.37314769199014114,-2.284870633024744e-17,5.680964773424277e-17
137.874,0.5802840650552104,0.0,0.5743294968270934,0.9265398557146892,-0.37619661850181857,-2.3035399234915504e-17,5.673420342917224e-17
137.898,0.5799291966949099,0.0,0.5749559782904838,0.9240558319775698,-0.3822575301916775,-2.340652303996053e-17,5.658210084323877e-17
137.925,0.5795192357892773,0.0,0.5756545759687652,0.9212307419033026,-0.3890166065507883,-2.3820397101379408e-17,5.640911396740104e-17
137.938,0.5793178104519049,0.0,0.5759885700154895,0.9198593707162698,-0.3922483117942871,-2.4018281975491334e-17,5.632514170066892e-17
137.967,0.5788590647403957,0.0,0.5767280153677599,0.9167750736265816,-0.3994038862817635,-2.4456434545098757e-17,5.613628297274361e-17
137.988,0.578518789994731,0.0,0.5772585759664306,0.9145207966920116,-0.40453888863471255,-2.4770862754856416e-17,5.599824832112797e-17
138.01,0.5781550683898821,0.0,0.5778099290251847,0.9121412476732504,-0.4098760108777849,-2.509766723843825e-17,5.585254296666596e-17
138.037,0.5776986027049243,0.0,0.5784802568735286,0.9091969618586511,-0.41636628651584956,-2.5495082002725248e-17,5.567225745673476e-17
138.049,0.5774921789002379,0.0,0.5787759162835642,0.9078802780513205,-0.4192295322677743,-2.5670405239988594e-17,5.559163382622793e-17
138.069,0.5771433051804143,0.0,0.5792655543212258,0.9056751798484658,-0.4239722498070472,-2.596081293267512e-17,5.5456610503431357e-17
138.094,0.5766987516456858,0.0,0.5798720509349838,0.9029009290255458,-0.42984870869272884,-2.6320642260908672e-17,5.528673663391531e-17
138.115,0.5763180973753224,0.0,0.5803766891803929,0.900556004191363,-0.4347400180738897,-2.6620148579772574e-17,5.514315139929415e-17
138.126,0.5761160842989258,0.0,0.5806392511113956,0.899322658506169,-0.4372856685250462,-2.6776024713610416e-17,5.50676307570134e-17
138.146,0.5757441869501275,0.0,0.5811134883765717,0.8970717193871984,-0.4418849740324913,-2.7057650952010086e-17,5.492980048765726e-17
138.171,0.5752710040502752,0.0,0.5817005217681587,0.8942434302463798,-0.447580928393054,-2.7406427565797715e-17,5.475661772548892e-17
138.196,0.574788638624964,0.0,0.5822810812663777,0.8914000078319677,-0.4532174158581816,-2.7751562882427848e-17,5.458250831756724e-17
138.213,0.5744554139628545,0.0,0.582672125644531,0.8894584423869923,-0.4570160601844374,-2.798416276319027e-17,5.446362172219103e-17
138.239,0.5739376551539909,0.0,0.5832642832292766,0.8864773677081209,-0.4627719487407172,-2.8336609288025117e-17,5.428108354401608e-17
138.248,0.5737561529446215,0.0,0.5834675827179084,0.8854423909486877,-0.4647491498766526,-2.845767794014481e-17,5.421770949523449e-17
138.275,0.5732046547489206,0.0,0.5840722558087547,0.8823287655312659,-0.47063356182498545,-2.881799425301432e-17,5.4027054925175015e-17
138.304,0.5726006903369787,0.0,0.5847129071400533,0.8789713173664947,-0.47687464101900917,-2.920015013592363e-17,5.3821470517760503e-17
138.308,0.5725164459308807,0.0,0.5848005504580095,0.8785072503427862,-0.477729014290693,-2.9252465410545865e-17,5.3793054608001784e-17
138.338,0.5718773988049184,0.0,0.5854522441363118,0.8750200651616395,-0.48408665088444663,-2.964175837577999e-17,5.3579526099495513e-17
138.354,0.5715313922864114,0.0,0.5857957228470722,0.8731558798849983,-0.48744108302671246,-2.984715810507913e-17,5.34653776728927e-17
138.374,0.5710938467551055,0.0,0.5862210330666109,0.870821994768264,-0.49159846768254023,-3.0101724495658324e-17,5.3322468426003384e-17
138.384,0.5708729842760705,0.0,0.5864319952665591,0.8696537055058818,-0.49366226562285376,-3.0228095672742914e-17,5.325093134072066e-17
138.404,0.5704271000490192,0.0,0.5868505115105063,0.8673148150219395,-0.49775999401665333,-3.047900917080501e-17,5.310771560348485e-17
138.434,0.569747936608722,0.0,0.5874696989937801,0.8638018424165143,-0.5038316951501121,-3.0850793638728486e-17,5.289260807064853e-17
138.439,0.569633543290212,0.0,0.5875718880388344,0.8632159281140913,-0.5048348853339356,-3.0912221321106264e-17,5.2856731166896684e-17
138.459,0.5691725621041307,0.0,0.5879777416986022,0.8608714224671901,-0.5088225564765351,-3.11563957561481e-17,5.271317160009366e-17
138.494,0.5683528051270123,0.0,0.5886767275028066,0.8567667309223285,-0.5157041485044177,-3.157777173864732e-17,5.246183173199856e-17
138.504,0.5681155611267472,0.0,0.5888737850005288,0.8555939085591511,-0.517647624969414,-3.1696775350251115e-17,5.239001707434688e-17
138.536,0.567347411109474,0.0,0.589496372729389,0.8518420192539743,-0.5237987917447994,-3.2073425685375983e-17,5.216028011292988e-17
138.56,0.5667623931611853,0.0,0.5899552549912993,0.849030356267201,-0.528344067948898,-3.235174358310548e-17,5.1988115409078233e-17
138.574,0.5664176346356846,0.0,0.5902197205580001,0.8473915770213584,-0.5309684691139911,-3.251244180743097e-17,5.1887769121181716e-17
138.599,0.5657956285146869,0.0,0.590686044667434,0.8444684378069967,-0.5356053188195676,-3.2796366964934056e-17,5.170877846706521e-17
138.619,0.5652921866609416,0.0,0.5910535885009325,0.8421335868449629,-0.5392689699098562,-3.3020700893979784e-17,5.156581007920817e-17
138.635,0.5648857237041467,0.0,0.5913440699124702,0.8402684827219065,-0.542170523861474,-3.319836983194989e-17,5.145160538948929e-17
138.647,0.5645787247335267,0.0,0.5915598471895667,0.838871472791258,-0.5443295436929965,-3.3330571668248375e-17,5.1366063202492004e-17
138.661,0.5642182397503278,0.0,0.5918093197383533,0.8372437850238377,-0.5468298130487746,-3.3483669011426374e-17,5.126639607177287e-17
138.691,0.5634374167322892,0.0,0.5923356317899608,0.8337646080166432,-0.5521200760874877,-3.3807604196276747e-17,5.105335792249649e-17
138.706,0.5630427631913411,0.0,0.5925945317662924,0.8320299655943625,-0.5547306881298744,-3.3967458080352964e-17,5.094714170799092e-17
138.74,0.5621378469482554,0.0,0.5931707820184488,0.8281119079553078,-0.5605628135210361,-3.4324572764978574e-17,5.070722987066376e-17
138.759,0.5616259449067355,0.0,0.5934863596162521,0.8259315677690423,-0.5637703835450847,-3.452097978312818e-17,5.0573722539155644e-17
138.77,0.5613275609493628,0.0,0.5936669371441372,0.8246725203684353,-0.5656104968520057,-3.463365422669765e-17,5.049662812069924e-17
138.789,0.5608087041692182,0.0,0.5939751553517065,0.8225037555021473,-0.5687596787614818,-3.482648600396628e-17,5.0363829573119095e-17
138.817,0.5600361310859749,0.0,0.5944208086476735,0.8193223262273908,-0.5733331716771122,-3.5106531676968766e-17,5.016902321421688e-17
138.845,0.5592541896589094,0.0,0.5948561872339939,0.8161597240276194,-0.5778263622189282,-3.538166024771848e-17,4.997536968117056e-17
138.848,0.5591698590121625,0.0,0.5949022222117966,0.8158220542931458,-0.578303013764334,-3.541084673718797e-17,4.995469337319596e-17
138.882,0.558206722248741,0.0,0.595415614795539,0.812012042801375,-0.5836406791387472,-3.573768447797271e-17,4.972139745429037e-17
138.897,0.5577775229986245,0.0,0.5956372178649602,0.8103414743420304,-0.5859579293440651,-3.5879575130311014e-17,4.961910463846573e-17
138.922,0.5570564208129278,0.0,0.5959998550428998,0.8075720745325293,-0.5897688906980657,-3.6112929211503566e-17,4.944952780785249e-17
138.923,0.5570274275891778,0.0,0.5960141856810715,0.8074616974790904,-0.5899200005968487,-3.6122182024196774e-17,4.9442769162592825e-17
138.956,0.5560642707682593,0.0,0.5964795135133427,0.8038372121816867,-0.5948493391708307,-3.642401695952381e-17,4.922083344669172e-17
138.972,0.5555928602805071,0.0,0.5966998060692557,0.8020928695807786,-0.5971993206356417,-3.656791182347063e-17,4.9114023267550797e-17
139.005,0.5546115611234668,0.0,0.5971431110998947,0.7985234025116698,-0.6019637660533945,-3.685964996499879e-17,4.8895456446508495e-17
139.023,0.554071241529134,0.0,0.5973786077353125,0.7965931226838221,-0.6045158367593335,-3.701591922606008e-17,4.877726089587688e-17
139.042,0.5534970672998565,0.0,0.5976223316995848,0.7945689263882265,-0.6071739628955288,-3.717868250928116e-17,4.865331462016453e-17
139.062,0.552888454675386,0.0,0.5978734718599398,0.7924534482879433,-0.609932399776031,-3.734758805409901e-17,4.8523778945955614e-17
139.082,0.5522755562127364,0.0,0.598119037047939,0.7903541151043559,-0.6126502858381856,-3.751401057742225e-17,4.8395231862774416e-17
139.103,0.5516274461116486,0.0,0.5983708531716447,0.7881677407849705,-0.6154604880785731,-3.7686085836354613e-17,4.8261355047175746e-17
139.136,0.5505996517588045,0.0,0.5987540222331064,0.7847704728385896,-0.6197864994985746,-3.7950977638283596e-17,4.805333238135668e-17
139.149,0.5501916657136084,0.0,0.5989007386681849,0.7834454718042111,-0.6214605319000371,-3.80534825593896e-17,4.797219946757575e-17
139.163,0.549750358450075,0.0,0.5990560566014558,0.7820271942334602,-0.6232443080200105,-3.816270734517565e-17,4.788535501320963e-17
139.188,0.5489573571708548,0.0,0.599326461344642,0.7795173644142825,-0.6263806179764909,-3.8354750942642533e-17,4.77316722604866e-17
139.213,0.5481580783751506,0.0,0.5995879190666273,0.7770375658170853,-0.6294542249513136,-3.854295508982021e-17,4.7579828389757215e-17
139.213,0.5481580783751506,0.0,0.5995879190666273,0.7770375658170853,-0.6294542249513136,-3.854295508982021e-17,4.7579828389757215e-17
139.235,0.5474495876090361,0.0,0.5998105657269683,0.7748809099327166,-0.6321072499361522,-3.870540601760724e-17,4.7447771303474496e-17
139.266,0.5464432321938845,0.0,0.6001124199898948,0.7718838391328822,-0.6357635872598263,-3.892929210760926e-17,4.7264253645382735e-17
139.286,0.5457890552117923,0.0,0.6002997586505225,0.7699769308213531,-0.6380717248107216,-3.907062477079405e-17,4.7147489187383653e-17
139.307,0.5450980772695653,0.0,0.6004901851266061,0.7679977788593484,-0.6404525053952926,-3.921640553691241e-17,4.702630108161889e-17
139.326,0.5444693368799662,0.0,0.6006569133248696,0.7662279264311058,-0.6425688793873291,-3.9345996068669715e-17,4.691792887605837e-17
139.346,0.5438038845991842,0.0,0.6008266878420159,0.7643867024404009,-0.6447580702343244,-3.948004534684449e-17,4.680518642272186e-17
139.367,0.5431012117198744,0.0,0.6009986055877612,0.7624779166368963,-0.6470142399059376,-3.961819589517821e-17,4.668830700149588e-17
139.387,0.5424282864028516,0.0,0.6011562727883851,0.7606837962702088,-0.6491226094444281,-3.974729629551482e-17,4.657844881327843e-17
139.406,0.5417856939188014,0.0,0.6013005588398621,0.7590012462686604,-0.6510891706691337,-3.986771344097297e-17,4.6475422339588343e-17
139.426,0.5411058365047186,0.0,0.6014466334547965,0.7572535470632726,-0.6531210190003779,-3.999212826873352e-17,4.636840662770082e-17
139.446,0.5404224913539248,0.0,0.6015867353730241,0.7555302488251904,-0.6551137634870342,-4.0114148676588634e-17,4.626288504413864e-17
139.452,0.5402168145415007,0.0,0.6016275985206051,0.7550180767730561,-0.655703975697811,-4.015028875132591e-17,4.6231523550925686e-17
139.487,0.539010923733258,0.0,0.6018551951641273,0.7520754310282385,-0.659077041053388,-4.035682943587702e-17,4.6051338466304914e-17
139.511,0.5381780871393135,0.0,0.602000598536061,0.7501027788684508,-0.6613212692283743,-4.049424877842968e-17,4.5930548358639154e-17
139.533,0.53741048743465,0.0,0.6021262348983193,0.7483274323199162,-0.6633295214578356,-4.06172187616642e-17,4.582183973523715e-17
139.547,0.5369199693675238,0.0,0.6022023648348784,0.7472142917503934,-0.6645831792965857,-4.069398316463676e-17,4.575367953346379e-17
139.573,0.5360048490739606,0.0,0.6023358435066347,0.7451818210131952,-0.6668613451321485,-4.08334805895592e-17,4.5629226594330265e-17
139.578,0.5358282514845016,0.0,0.60236033192837,0.7447961978727887,-0.6672920077703897,-4.0859851070630923e-17,4.5605613987101474e-17
139.598,0.5351199089390399,0.0,0.6024544690225181,0.743270783037364,-0.6689906898328435,-4.0963865348158576e-17,4.551220926732274e-17
139.627,0.5340873395168062,0.0,0.6025800965230558,0.7411080134079504,-0.6713858149101165,-4.111052446113058e-17,4.537977782212501e-17
139.662,0.5328326936213253,0.0,0.6027145204486397,0.7385764558147945,-0.6741697256003543,-4.1280989826926163e-17,4.522476462695923e-17
139.673,0.5324365070518208,0.0,0.6027528722038262,0.7377988549733464,-0.6750206290181204,-4.1333092634273705e-17,4.5177150307884544e-17
139.688,0.5318948355188273,0.0,0.6028021604383672,0.7367525458172022,-0.6761624702923635,-4.1403010247355514e-17,4.5113082349935015e-17
139.704,0.5313152710232285,0.0,0.6028509010213359,0.7356544938354262,-0.677356970658561,-4.147615229985772e-17,4.504584605769605e-17
139.718,0.5308066624123509,0.0,0.6028902976275786,0.7347090704572892,-0.6783823271487739,-4.153893727704393e-17,4.498795557200232e-17
139.728,0.53044252890984,0.0,0.6029165774942392,0.7340426124681345,-0.6791034111834191,-4.1583090939791154e-17,4.49471467898431e-17
139.772,0.5288321714622621,0.0,0.6030137465659334,0.7311987479004534,-0.682164489744819,-4.1770527942899006e-17,4.477301030784213e-17
139.801,0.5277636970419062,0.0,0.603061295260831,0.7294043264007974,-0.6840828375480552,-4.188799286774323e-17,4.4663133680548394e-17
139.803,0.5276898058402901,0.0,0.6030640902661906,0.7292829414234515,-0.6842122414490686,-4.189591657140189e-17,4.4655700994349827e-17
139.812,0.5273569748037339,0.0,0.6030758936687157,0.728740512870002,-0.6847899421734862,-4.193129053855305e-17,4.462248682476242e-17
139.845,0.5261321674554761,0.0,0.6031083210968541,0.7268051972919517,-0.6868436541087114,-4.205704412594526e-17,4.450398292336246e-17
139.865,0.5253865412091483,0.0,0.6031196601257613,0.72567361660544,-0.6880390992979838,-4.213024403217519e-17,4.443469359007679e-17
139.881,0.5247882773502112,0.0,0.6031242050258585,0.7247910227181422,-0.6889687753354208,-4.218717027134975e-17,4.438065030112547e-17
139.901,0.5240382851891872,0.0,0.6031242199447714,0.7237163227083176,-0.6900975903780205,-4.2256290257787206e-17,4.431484390477171e-17
139.93,0.5229466236510374,0.0,0.6031130404844991,0.7222147915824414,-0.6916688476572664,-4.235250201767048e-17,4.4222901640415485e-17
139.935,0.5227579163546576,0.0,0.6031097712165076,0.7219627439254436,-0.6919319304553334,-4.236861119299865e-17,4.420746817259674e-17
139.977,0.5211672422875764,0.0,0.6030667020114833,0.7199256205289033,-0.6940512235462694,-4.2498380468012146e-17,4.408273034024467e-17
139.987,0.5207870835011622,0.0,0.6030523310145294,0.7194618162072531,-0.6945319971173112,-4.252781935875669e-17,4.4054330516347697e-17
140.013,0.5197961778406298,0.0,0.6030075450166799,0.7182944406429083,-0.6957392446466504,-4.2601741949885887e-17,4.39828493789338e-17
140.038,0.518840068954076,0.0,0.6029543604936372,0.7172247447382053,-0.6968419229173975,-4.2669261520623876e-17,4.391734939564603e-17
140.053,0.5182648847841254,0.0,0.6029176812455711,0.7166079198440124,-0.6974762284241933,-4.270810153105283e-17,4.3879579764030644e-17
140.067,0.5177270413045406,0.0,0.60288021761157,0.7160492105501398,-0.6980498034313323,-4.2743222870881005e-17,4.384536868661089e-17
140.092,0.5167642481363802,0.0,0.6028055556128836,0.7150925153690582,-0.699029823729398,-4.2803231806937295e-17,4.378678800204733e-17
140.112,0.5159918921016278,0.0,0.6027386541719932,0.7143651887297763,-0.6997730897448623,-4.2848743724274957e-17,4.374225209001077e-17
140.127,0.5154114204890765,0.0,0.6026842910152905,0.7138419818470999,-0.7003068077297298,-4.288142452536572e-17,4.3710214908302695e-17
140.137,0.5150238775875385,0.0,0.6026460538976144,0.7135038263173406,-0.7006513325688565,-4.290252058743889e-17,4.3689508853946004e-17
140.174,0.5135861739182773,0.0,0.6024906889953746,0.712327050316522,-0.7018476853188041,-4.297577606573261e-17,4.3617452105810215e-17
140.198,0.5126505237976342,0.0,0.6023782113897462,0.711626665703484,-0.702557818730773,-4.301925919622938e-17,4.357456591708376e-17
140.213,0.5120645562983946,0.0,0.6023032341131608,0.7112141901757256,-0.7029753734610387,-4.3044827049423813e-17,4.3549309075343963e-17
140.218,0.5118690356709554,0.0,0.6022774415967058,0.7110810281697812,-0.7031100705984852,-4.305307487033522e-17,4.3541155254126576e-17
140.253,0.5104976987394017,0.0,0.6020856880922404,0.7102096933612313,-0.7039901927269625,-4.3106966807710143e-17,4.3487801384912755e-17
140.278,0.5095153904960718,0.0,0.6019367099761189,0.7096526678406856,-0.7045516950704168,-4.31413489100914e-17,4.3453693408873775e-17
140.294,0.5088855493463385,0.0,0.6018361088915023,0.7093248557558299,-0.7048817269634468,-4.316155753516218e-17,4.3433620707851755e-17
140.318,0.5079391504717532,0.0,0.6016775148778446,0.7088752294975526,-0.7053338989477198,-4.318924508382239e-17,4.340608903995116e-17
140.337,0.5071885758441945,0.0,0.6015454136196458,0.7085551780688772,-0.7056554113955208,-4.3208932043326664e-17,4.338649154206667e-17
140.352,0.5065952104711822,0.0,0.6014370354157695,0.7083249628267371,-0.7058864972759442,-4.32230819725161e-17,4.337239492409658e-17
140.383,0.5053667655470965,0.0,0.6012016236119673,0.7079121013671511,-0.7063005427846877,-4.3248434947865297e-17,4.334711445084791e-17
140.399,0.5047316417849181,0.0,0.6010740931735669,0.7077322462173194,-0.7064807624162087,-4.325947021760959e-17,4.333610149917034e-17
140.426,0.503658282572238,0.0,0.6008495807402721,0.7074801382409676,-0.7067332268929638,-4.3274929208277414e-17,4.3320664337856396e-17
140.439,0.5031407997924235,0.0,0.6007373152535175,0.7073817978974977,-0.7068316574710727,-4.328095634289838e-17,4.331464272851352e-17
140.465,0.5021045791177663,0.0,0.6005046608317003,0.7072301003806698,-0.7069834404818459,-4.3290250371813793e-17,4.330535393459243e-17
140.475,0.501705605895083,0.0,0.6004122949732015,0.7071877348571092,-0.7070258182468807,-4.3292845261529037e-17,4.3302759794451295e-17
140.51,0.5003074515160836,0.0,0.6000764049303526,0.7071094070088962,-0.7071041553544478,-4.3297642025930867e-17,4.3297963597021387e-17
140.521,0.4998675001705917,0.0,0.5999667900115578,0.7071072686068849,-0.7071062937658741,-4.3297772965866285e-17,4.3297832657662466e-17
140.547,0.4988266787628054,0.0,0.5997000058823484,0.7071449532526649,-0.707068607059659,-4.329546532065945e-17,4.330014017670404e-17
140.557,0.49842603046442385,0.0,0.5995945184740912,0.7071754390094005,-0.7070381166965907,-4.329359832438263e-17,4.330200689092433e-17
140.588,0.49718293814501363,0.0,0.599257353087453,0.707326380224692,-0.7068871139285497,-4.328435207155544e-17,4.3311249374732636e-17
140.619,0.4959383564075403,0.0,0.598904845005674,0.7075625966384355,-0.7066506717171326,-4.326987416168567e-17,4.332571345848249e-17
140.631,0.4954562237160853,0.0,0.5987642750713682,0.7076769045012895,-0.706536197823914,-4.326286465733987e-17,4.333271279640057e-17
140.656,0.4944512039666926,0.0,0.5984640510311274,0.7079559892049933,-0.7062565520749379,-4.324574129377093e-17,4.3349801805854656e-17
140.666,0.49404899543000796,0.0,0.5983411747379055,0.7080830987684563,-0.7061291137167909,-4.3237937944901264e-17,4.335758502185646e-17
140.68,0.493485728431809,0.0,0.5981664748013924,0.7082758904182559,-0.7059357357806918,-4.3226096961377794e-17,4.336939010569793e-17
140.706,0.49243917480200516,0.0,0.5978337650978174,0.7086797941703368,-0.705530261104858,-4.320126879818303e-17,4.33941220775554e-17
140.734,0.4913115196063688,0.0,0.5974634581332056,0.7091812978306874,-0.7050261603707921,-4.317040153066195e-17,4.3424830320175855e-17
140.761,0.4902236792446674,0.0,0.5970946049679376,0.7097300394535572,-0.7044737547256478,-4.3136576440404106e-17,4.3458431053776175e-17
140.766,0.4900221881455365,0.0,0.5970250320777881,0.7098386605912634,-0.7043643062577781,-4.31298746546117e-17,4.3465082180206764e-17
140.788,0.4891355160076729,0.0,0.5967142140350743,0.7103425274270149,-0.7038561598285552,-4.30987596597094e-17,4.349593512558673e-17
140.817,0.48796653192763784,0.0,0.5962928183468291,0.711071113746099,-0.7031200972777569,-4.305368882736903e-17,4.354054817076518e-17
140.828,0.4875230969650942,0.0,0.5961295086184039,0.7113665713824149,-0.7028211729306593,-4.303538499012601e-17,4.3558639733195074e-17
140.843,0.4869184116090343,0.0,0.5959037420443344,0.7117863440545797,-0.7023960424272161,-4.3009353254612935e-17,4.358434339616189e-17
140.883,0.48530606410127614,0.0,0.5952844012346784,0.7130005609997293,-0.7011634616935422,-4.293387945210371e-17,4.365869274092928e-17
140.91,0.48421800760236744,0.0,0.5948521554942655,0.7138977184892891,-0.700249989315093,-4.2877945400884845e-17,4.3713627793325305e-17
140.919,0.48385539800427035,0.0,0.5947055374851697,0.7142105901469202,-0.6999308772457377,-4.285840542216958e-17,4.37327856570284e-17
140.945,0.4828081320688994,0.0,0.5942748646188595,0.7151530775678897,-0.6989678645296763,-4.2799437900156446e-17,4.379049636719475e-17
140.97,0.4818016088433101,0.0,0.5938508133322986,0.71611319510518,-0.697984162998166,-4.2739203553562425e-17,4.3849286610637136e-17
140.991,0.4809565537698838,0.0,0.5934870947144839,0.7169602743881305,-0.6971140257872428,-4.2685923016053617e-17,4.39011552572616e-17
141.016,0.4799511272137483,0.0,0.5930451707430122,0.7180167136884675,-0.696025860772438,-4.2619292125937376e-17,4.396584350764417e-17
141.042,0.47890626601999897,0.0,0.5925753042377352,0.7191704028333019,-0.694833743919066,-4.2546296021502794e-17,4.4036486593565787e-17
141.052,0.4785046318441226,0.0,0.5923918054966376,0.719628971504605,-0.6943588001683455,-4.251721410429805e-17,4.406456582634082e-17
141.083,0.47726048679096933,0.0,0.591813166215993,0.7211025789255913,-0.6928283125470995,-4.242349876597337e-17,4.415479825690635e-17
141.114,0.47601787931283046,0.0,0.5912197594041994,0.7226542827461924,-0.6912096553351857,-4.232438459729902e-17,4.424981271276254e-17
141.135,0.4751770813415338,0.0,0.5908094120179979,0.7237493955039814,-0.690062904746822,-4.225416637542602e-17,4.431686902943913e-17
141.14,0.47497701436860684,0.0,0.5907107171383044,0.7240153348173202,-0.6897838755359273,-4.2237080763926484e-17,4.4333153115881517e-17
141.16,0.4741772436048742,0.0,0.5903121254625685,0.7250989731027871,-0.6886446683197973,-4.216732444038653e-17,4.439950682376805e-17
141.194,0.4728195714658606,0.0,0.5896205577738529,0.727013617445243,-0.6866230407211674,-4.2043535452000023e-17,4.4516744977042756e-17
141.208,0.47226128685237506,0.0,0.5893307000897507,0.7278282856566912,-0.6857594232659453,-4.1990654134388745e-17,4.4566629017918616e-17
141.243,0.4708676543625313,0.0,0.5885931046451328,0.7299312760254852,-0.6835205426904204,-4.1853562237864256e-17,4.469540003910768e-17
141.259,0.47023160925606644,0.0,0.5882497752523903,0.7309239041829662,-0.6824589704106248,-4.178855968313849e-17,4.475618098389781e-17
141.281,0.4693581797872107,0.0,0.5877714266380127,0.73232044701397,-0.6809601771654926,-4.1696785065626754e-17,4.4841694569290865e-17
141.292,0.46892197511938716,0.0,0.5875295363141159,0.7330323695437166,-0.680193755632264,-4.1649855281753454e-17,4.4885287251655616e-17
141.302,0.46852572977664037,0.0,0.5873080682698636,0.7336874152421714,-0.6794871424208566,-4.160658770137419e-17,4.492539723255101e-17
141.331,0.4673783154210174,0.0,0.5866573898162013,0.7356289447025929,-0.677384717657366,-4.147785131352134e-17,4.504428162450878e-17
141.356,0.4663912792478758,0.0,0.5860864431394069,0.7373521469278265,-0.675508557622274,-4.1362969644438163e-17,4.514979732897958e-17
141.38,0.46544565973880264,0.0,0.5855296461521327,0.7390489270403371,-0.6736517523472544,-4.1249273112603525e-17,4.525369514566173e-17
141.391,0.4650129078496831,0.0,0.5852716128945122,0.7398403817663275,-0.672782438465701,-4.119604298947859e-17,4.530215777050444e-17
141.401,0.4646198650255717,0.0,0.5850354950758296,0.7405673303024353,-0.6719821644126603,-4.114704033660375e-17,4.53466705303989e-17
141.431,0.46344290128621035,0.0,0.5843183560471251,0.7427902960816897,-0.669524141496687,-4.099652984178987e-17,4.54827879267078e-17
141.452,0.46262102468172245,0.0,0.5838085464644942,0.7443835093032495,-0.6677523426221574,-4.088803845076859e-17,4.558034410031492e-17
141.478,0.4616058376403393,0.0,0.5831684823148309,0.7463977620080948,-0.6655000983240404,-4.075012826223925e-17,4.570368150669806e-17
141.509,0.4603989940448094,0.0,0.5823925645878465,0.7488586649948743,-0.6627297336487135,-4.0580492350633744e-17,4.5854368354986645e-17
141.517,0.4600882014775811,0.0,0.5821900834748273,0.7495040548735447,-0.661999752060463,-4.053579386985937e-17,4.589388708744243e-17
141.542,0.4591187485668916,0.0,0.581551420855843,0.7515477791883618,-0.6596786608622727,-4.039366802453973e-17,4.601902910946645e-17
141.557,0.4585383955179175,0.0,0.5811639397243705,0.752793339985529,-0.6582569310485319,-4.030661218125723e-17,4.6095297711636166e-17
141.562,0.45834516874644526,0.0,0.5810340676307338,0.7532117126063796,-0.6577781662479871,-4.027729629223065e-17,4.6120915646184945e-17
141.583,0.4575348628213153,0.0,0.58048473000379,0.7549860930892468,-0.6557408018736024,-4.015254370424129e-17,4.622956511512559e-17
141.613,0.4563808603957412,0.0,0.5796891471333872,0.7575684703608028,-0.6527557067657038,-3.9969759345789374e-17,4.6387690118115685e-17
141.629,0.4557671618398488,0.0,0.579259659056028,0.7589682060354795,-0.6511276850413334,-3.987007176610475e-17,4.6473399208797945e-17
141.665,0.45439099077889955,0.0,0.578280222763991,0.7621734703835651,-0.6473728454634723,-3.964015415258777e-17,4.666966504501315e-17
141.676,0.4539718102216621,0.0,0.5779773532161272,0.7631680054169143,-0.6462001203249413,-3.956834544822869e-17,4.6730562752274704e-17
141.717,0.45241501954988056,0.0,0.5768337424111564,0.7669357442570589,-0.641723900272439,-3.9294256020249886e-17,4.6961270217805016e-17
141.728,0.4519988838195914,0.0,0.5765229869330415,0.7679626029828693,-0.6404946841463838,-3.921898824053819e-17,4.702414718039203e-17
141.743,0.4514325010242356,0.0,0.576096562372372,0.7693735401667954,-0.6387991512918694,-3.911516679638168e-17,4.711054216569668e-17
141.763,0.45067928434000304,0.0,0.5755232273934799,0.7712736562822324,-0.6365036897968752,-3.897461031776115e-17,4.7226890721635595e-17
141.791,0.4496286257455089,0.0,0.5747114505480817,0.7739692590408767,-0.6332231723963648,-3.877373656105704e-17,4.739194878614291e-17
141.818,0.4486198446478614,0.0,0.5739186669501088,0.7766067022845289,-0.6299857379074142,-3.857550087183991e-17,4.755344560745649e-17
141.834,0.4480241118477535,0.0,0.5734442655755789,0.7781868232053001,-0.628032855979401,-3.84559213417272e-17,4.76502001088509e-17
141.844,0.4476525716038846,0.0,0.5731460331628637,0.7791807625410885,-0.6267992814975842,-3.8380386689693867e-17,4.7711061340156894e-17
141.869,0.4467264307853029,0.0,0.5723946516981158,0.7816865912764324,-0.6236714463711095,-3.818886202589897e-17,4.786449909715441e-17
141.884,0.44617263247793465,0.0,0.571939863651135,0.783204178975252,-0.6217645969623082,-3.8072101174651746e-17,4.795742454304365e-17
141.909,0.44525283944306604,0.0,0.5711753249894045,0.7857563272584285,-0.618536170464869,-3.787441706583317e-17,4.811369855434073e-17
141.929,0.4445199387698508,0.0,0.5705578250045663,0.7878180523315189,-0.6159080421788403,-3.771349062117149e-17,4.823994280491483e-17
141.949,0.44378969382989275,0.0,0.5699351408772104,0.7898970297819448,-0.6132394983541597,-3.755008943850751e-17,4.836724345892301e-17
141.969,0.4430621486663231,0.0,0.5693073032442363,0.7919927636679135,-0.6105304761415768,-3.7384209669434577e-17,4.849557014868882e-17
141.989,0.4423373471126496,0.0,0.5686743430832076,0.7941047528076083,-0.6077809157651853,-3.7215847653734063e-17,4.862489218567688e-17
142.009,0.441615332789999,0.0,0.5680362917105201,0.7962324908709448,-0.6049907606579217,-3.7044999927672314e-17,4.8755178566111335e-17
142.014,0.44143526980558867,0.0,0.5678759870675272,0.796766826337942,-0.6042868726419296,-3.7001899217385166e-17,4.878789717707779e-17
142.05,0.4401440999604396,0.0,0.566712503958337,0.8006414252162779,-0.5991438126423799,-3.66869776190716e-17,4.902514793279449e-17
142.065,0.43960888939126636,0.0,0.5662229333368123,0.8022695698886214,-0.5969619227645315,-3.6553375396321654e-17,4.91248430408712e-17
142.091,0.43868513370562334,0.0,0.5653677308753293,0.8051099196666742,-0.5931256336176354,-3.631847043510415e-17,4.929876430407876e-17
142.126,0.43744965637550914,0.0,0.5642033631275166,0.8089681866731229,-0.5878524244662087,-3.5995579499677685e-17,4.953501502106392e-17
142.142,0.4368879948660826,0.0,0.5636661047746789,0.8107445330468082,-0.5854001213996397,-3.584541924462704e-17,4.964378486609946e-17
142.162,0.4361887227437209,0.0,0.5629901773012884,0.8129754774094178,-0.5822979247180341,-3.5655464482804344e-17,4.9780390809736743e-17
142.177,0.43566633703891977,0.0,0.5624800755732526,0.8146560453159613,-0.5799444178799883,-3.5511353752005136e-17,4.9883295915111654e-17
142.198,0.4349380120968054,0.0,0.561761418723226,0.817018952824831,-0.5766108139161255,-3.530722938080666e-17,5.002798227098258e-17
142.214,0.4343854852931541,0.0,0.5612103578159064,0.8188268267308481,-0.5740406151361502,-3.51498500953532e-17,5.0138682620595875e-17
142.236,0.4336291745376626,0.0,0.560447724378156,0.8213227610857442,-0.5704637780985656,-3.4930831993895716e-17,5.029151452152615e-17
142.261,0.4327745911805265,0.0,0.5595742283406356,0.8241723903666581,-0.5663390070949633,-3.467826261355685e-17,5.046600399040754e-17
142.277,0.43223040642530564,0.0,0.5590113876829836,0.8260031141940954,-0.563665552736422,-3.4514560747414145e-17,5.057810349417723e-17
142.292,0.4317222033817068,0.0,0.5584810482195511,0.8277240435116856,-0.5611353738561357,-3.43596319740635e-17,5.0683480023194514e-17
142.318,0.4308458853060052,0.0,0.5575557036310689,0.8307168675135591,-0.5566951464028225,-3.4087746457154185e-17,5.0866737639909803e-17
142.338,0.4301757826457462,0.0,0.5568386873765376,0.8330268936374565,-0.5532324958611249,-3.38757202620314e-17,5.100818594483869e-17
142.359,0.4294759547309528,0.0,0.5560809862162741,0.8354590756182732,-0.5495526662359673,-3.3650395683438556e-17,5.1157114138726234e-17
142.384,0.4286479368679603,0.0,0.5551725632226793,0.8383624978135522,-0.5451131279466874,-3.337855236565562e-17,5.133489747362733e-17
142.394,0.4283183010304681,0.0,0.5548072621895663,0.8395260526790578,-0.5433194335500248,-3.3268720260579547e-17,5.1406144660711015e-17
142.399,0.42815382224240833,0.0,0.5546242000675369,0.8401082618399572,-0.5424187574081908,-3.3213569752871276e-17,5.1441794689977505e-17
142.441,0.426781216534864,0.0,0.5530757339829676,0.845008799142702,-0.5347524000613822,-3.274414075357683e-17,5.174186605607294e-17
142.464,0.4260364631131142,0.0,0.5522197109405255,0.8476986938102623,-0.5304780151074832,-3.248241016097103e-17,5.19065746008065e-17
142.485,0.4253608053851735,0.0,0.5514332111477241,0.8501575729619578,-0.5265283478934761,-3.2240562795404477e-17,5.20571375249372e-17
142.499,0.4249126877464524,0.0,0.5509062953996882,0.8517980035107225,-0.5238703668037992,-3.2077808393721125e-17,5.2157584925975613e-17
142.526,0.4240537573627865,0.0,0.5498843225255202,0.8549634940463883,-0.5186881759284584,-3.1760490720318287e-17,5.2351415318587326e-17
142.546,0.42342205426893775,0.0,0.5491224463898741,0.8573091140167762,-0.5148019842849969,-3.1522530112466376e-17,5.249504311802491e-17
142.572,0.4226066854366236,0.0,0.5481258974927512,0.8603583554297616,-0.5096896116679209,-3.1209487574388843e-17,5.268175530483692e-17
142.592,0.4219840208993641,0.0,0.5473546723948131,0.8627031103244928,-0.5057107309880285,-3.0965851399947866e-17,5.28253301336678e-17
142.597,0.4218289767106466,0.0,0.5471612398375754,0.8632891076994891,-0.5047097349243622,-3.090455806868146e-17,5.28612121241477e-17
142.643,0.4204143668110369,0.0,0.545370047895684,0.8686745826180093,-0.4953831542487363,-3.033346971011172e-17,5.319097735519041e-17
142.655,0.42004887026615206,0.0,0.5448993728633155,0.8700772414875444,-0.49291540232115433,-3.018236348515157e-17,5.3276865439933993e-17
142.677,0.4193826330509647,0.0,0.544032858072186,0.8726456069157122,-0.4883540157823095,-2.990305911392807e-17,5.343413246496632e-17
142.706,0.41851207092659076,0.0,0.5428835759891544,0.8760237145648991,-0.4822680287142371,-2.953039988479971e-17,5.3640981900953915e-17
142.721,0.41806522950098113,0.0,0.5422860082192141,0.8777671258331283,-0.4790875419029898,-2.9335651235143493e-17,5.374773505241563e-17
142.737,0.41759121201019533,0.0,0.5416462904455905,0.8796234652454624,-0.47567064171500517,-2.9126426441232426e-17,5.3861403058387933e-17
142.772,0.416563786496305,0.0,0.5402386913327766,0.8836708336581853,-0.4681088097246704,-2.866339777409975e-17,5.410923289696849e-17
142.794,0.4159247052097696,0.0,0.5393482241992651,0.8862043325099436,-0.4632945942276958,-2.8368612094160976e-17,5.4264364959940955e-17
142.823,0.41509030373269123,0.0,0.5381678293990758,0.8895298698213888,-0.45687701922458634,-2.7975648959868674e-17,5.446799539113628e-17
142.84,0.4146054504481575,0.0,0.5374724338067052,0.8914712050148915,-0.45307735612067085,-2.774298669696625e-17,5.458686788767604e-17
142.868,0.4138138250974607,0.0,0.5363216186319496,0.8946544353825999,-0.4467588177643967,-2.7356087808301206e-17,5.4781784531714176e-17
142.884,0.41336538308856285,0.0,0.5356609999594842,0.8964649111120244,-0.4431147290994853,-2.713295173233656e-17,5.489264419706286e-17
142.928,0.41214700228068935,0.0,0.5338332257304874,0.9014088606834454,-0.43296889712931225,-2.6511698699988595e-17,5.519537379795219e-17
142.943,0.41173666110375323,0.0,0.5332064706815629,0.9030817765929483,-0.42946863073538233,-2.629736919821413e-17,5.529781035364296e-17
142.959,0.41130179879492323,0.0,0.532535921002444,0.9048587355843636,-0.4257119550079217,-2.6067339152960667e-17,5.5406617710695604e-17
142.996,0.410307471955759,0.0,0.5309774499029492,0.9089366952701952,-0.416934148267201,-2.5529853506532784e-17,5.565632072451088e-17
143.016,0.40977661432811585,0.0,0.5301305629805204,0.9111217905272011,-0.4121372135909436,-2.5236125971682905e-17,5.57901192201271e-17
143.031,0.4093815413238378,0.0,0.5294933751773196,0.912751298039072,-0.40851568871707883,-2.5014371529442356e-17,5.588989777805706e-17
143.072,0.4083152076625603,0.0,0.5277430502217747,0.9171624030401503,-0.3985136465036258,-2.4401923080360258e-17,5.616000005907074e-17
143.085,0.4079812683337992,0.0,0.5271854624251349,0.9185473414653672,-0.39531099337977704,-2.4205817135515223e-17,5.624480307954364e-17
143.095,0.40772576568926333,0.0,0.5267557089294058,0.9196080091723833,-0.39283725570012556,-2.4054344388949456e-17,5.630975024516145e-17
143.108,0.407395404416844,0.0,0.5261959480986366,0.9209806762711579,-0.38960825701609647,-2.3856625243807094e-17,5.63938018636019e-17
143.143,0.40651609610069556,0.0,0.5246829193212398,0.9246403018394351,-0.38084158414526936,-2.3319821350285576e-17,5.661788930051534e-17
143.163,0.4060203068571767,0.0,0.5238144890032415,0.9267070373322052,-0.37578460181195134,-2.3010170488893443e-17,5.674444035081059e-17
143.188,0.4054074451264673,0.0,0.5227251099398141,0.9292643504156031,-0.3694154396430492,-2.262017178572362e-17,5.690103061491064e-17
143.202,0.40506759694893624,0.0,0.5221132252876182,0.9306833953450179,-0.36582566562376284,-2.2400361522604553e-17,5.698792205644334e-17
143.222,0.40458629907790433,0.0,0.5212368621236586,0.9326938791585764,-0.3606690003037785,-2.2084606838684908e-17,5.711102868479395e-17
143.233,0.4043236994639739,0.0,0.5207537532639681,0.9337910805089248,-0.35781869426006074,-2.191007593003344e-17,5.717821289088016e-17
143.253,0.4038501065153315,0.0,0.5198733885527352,0.935770054310816,-0.35261084137492493,-2.1591186911722845e-17,5.729939008748428e-17
143.287,0.40305649446412534,0.0,0.5183710102857734,0.9390857465584015,-0.34368293616478807,-2.104451038478859e-17,5.750241768238245e-17
143.302,0.40271099992657466,0.0,0.5177059422621431,0.9405285350900415,-0.3397146960044273,-2.08015257542569e-17,5.759076300023842e-17
143.312,0.4024822520665128,0.0,0.5172618118016956,0.9414834197477623,-0.33705929795817646,-2.063892951836674e-17,5.764923282222005e-17
143.338,0.4018934540237102,0.0,0.5161043064073386,0.9439394764821525,-0.3301185616389966,-2.021393199251627e-17,5.779962292313481e-17
143.352,0.40157998051199806,0.0,0.5154794077879744,0.9452457189960581,-0.3263595114587978,-1.9983756553965534e-17,5.787960720881305e-17
143.382,0.4009167155367073,0.0,0.5141365998569618,0.9480054983435959,-0.31825394751724656,-1.9487433907150288e-17,5.804859495602881e-17
143.393,0.4006764221930808,0.0,0.5136429847269284,0.9490037180309773,-0.31526487778276435,-1.9304406173012195e-17,5.810971828327868e-17
143.423,0.40002903759164554,0.0,0.5122934363289332,0.9516878417645853,-0.30706717805305356,-1.880244183629412e-17,5.827407346022261e-17
143.444,0.3995828310540142,0.0,0.5113459255523652,0.9535326864291388,-0.3012895881228386,-1.8448666485552935e-17,5.838703761589109e-17
143.464,0.39916322998420223,0.0,0.5104414302578011,0.9552630129829588,-0.2957576305469049,-1.8109931778633627e-17,5.849298955967185e-17
143.491,0.398605098321083,0.0,0.5092171951403102,0.9575568014108645,-0.28824463927676824,-1.7649893743083885e-17,5.863344359247965e-17
143.515,0.3981170538591483,0.0,0.5081260226301452,0.9595541931845533,-0.2815239782717293,-1.7238371943685116e-17,5.875574856459421e-17
143.525,0.39791595332969565,0.0,0.5076705659202536,0.9603746978456211,-0.27871210906225785,-1.7066194612335105e-17,5.880598998493732e-17
143.54,0.3976167934131523,0.0,0.5069865161300974,0.9615923247730954,-0.27448169508634573,-1.6807156465601654e-17,5.888054813090167e-17
143.571,0.39700803481381697,0.0,0.5055696089854492,0.9640580568909556,-0.2656916689390827,-1.6268922596318293e-17,5.903153067818629e-17
143.586,0.3967180907405808,0.0,0.5048825027025761,0.9652262235629897,-0.26141602350722387,-1.6007114821697546e-17,5.910306025697514e-17
143.597,0.3965073851701689,0.0,0.5043780177479391,0.9660723938948304,-0.25827142651542345,-1.5814563789666708e-17,5.915487324639625e-17
143.612,0.3962226840109409,0.0,0.5036892729158563,0.96721181760163,-0.25397106113049805,-1.555124235447606e-17,5.922464282616649e-17
143.652,0.395478342727285,0.0,0.501848200516277,0.9701674870458268,-0.24243565554428137,-1.4844902478074723e-17,5.940562538237515e-17
143.666,0.3952229501397505,0.0,0.5012023620204198,0.9711730587135985,-0.23837552313287838,-1.4596291069987767e-17,5.946719888858765e-17
143.687,0.3948448661469482,0.0,0.5002322406239326,0.9726528294612782,-0.2322638011851387,-1.4222056033958866e-17,5.955780871406853e-17
143.701,0.3945961554355133,0.0,0.4995846096271757,0.9736200822662179,-0.22817522961076014,-1.397170322937649e-17,5.961703586664533e-17
143.726,0.3941587063445735,0.0,0.49842643067408876,0.9753085085018866,-0.22084680944905094,-1.3522966914684284e-17,5.972042215590072e-17
143.737,0.39396894758927653,0.0,0.49791616477236483,0.9760354917384257,-0.21761139415694564,-1.3324854865614826e-17,5.97649370405838e-17
143.757,0.3936282002745206,0.0,0.4969874014258485,0.9773320705357206,-0.21171212507166734,-1.2963628815485076e-17,5.984432959428127e-17
143.777,0.39329297442438405,0.0,0.49605738253422643,0.9785958035526595,-0.20579177162638132,-1.260111172065555e-17,5.992171092398983e-17
143.806,0.392816736313949,0.0,0.4947067309725337,0.9803691281370395,-0.1971709222877985,-1.2073236943234198e-17,6.003029573779533e-17
143.832,0.3923996997452207,0.0,0.49349378056759435,0.9818987514166135,-0.18940655206854726,-1.1597806386414144e-17,6.012395815045692e-17
143.842,0.39224180950056986,0.0,0.49302677769586417,0.9824717314401492,-0.18641163300876748,-1.1414420484400909e-17,6.015904305804684e-17
143.861,0.39194566638225176,0.0,0.49213876519970995,0.9835367089406172,-0.18070844519905427,-1.1065200949595835e-17,6.022425412240244e-17
143.887,0.39154860821251153,0.0,0.49092215897928176,0.984943319645292,-0.172877578320938,-1.0585698646754129e-17,6.031038418725876e-17
143.902,0.39132385180524953,0.0,0.49021955872589223,0.9857279188852606,-0.16834627982267156,-1.030823663665997e-17,6.035842703465081e-17
143.918,0.39108759998771964,0.0,0.4894695750792602,0.9865429437156493,-0.16350235534958224,-1.001163180659595e-17,6.040833291213887e-17
143.964,0.39042849223848275,0.0,0.48731048812225436,0.9887589815588538,-0.14951814734907026,-9.15534602827406e-18,6.054402609471236e-17
143.982,0.39017872953691884,0.0,0.486464564170756,0.9895742237818141,-0.1440238022919127,-8.818914423891105e-18,6.059394528365627e-17
144.004,0.3898797075048779,0.0,0.4854299276115712,0.9905305598946409,-0.1372924248267516,-8.406736430562998e-18,6.065250398163038e-17
144.012,0.3897726777027339,0.0,0.4850535098547417,0.9908673285785519,-0.13484041365853247,-8.256594049131341e-18,6.067312511617061e-17
144.043,0.3893665453489761,0.0,0.4835940339030882,0.9921165683095496,-0.12531845389120766,-7.673542171598131e-18,6.074961898806732e-17
144.054,0.38922572840746344,0.0,0.4830758532703081,0.9925384336206459,-0.12193218519273187,-7.46619301546607e-18,6.077545078821259e-17
144.075,0.3889616971224503,0.0,0.4820862066948744,0.9933124664847576,-0.11545710859868004,-7.069708924209094e-18,6.082284663168605e-17
144.091,0.3887647657433423,0.0,0.4813318757590375,0.9938744633999597,-0.11051493564872707,-6.767088110009466e-18,6.08572590178527e-17
144.123,0.388381912708288,0.0,0.4798225151210139,0.9949260244916157,-0.10060917348487079,-6.160535113655389e-18,6.092164856410292e-17
144.147,0.38810442450274935,0.0,0.47868999036821464,0.9956509293010711,-0.09316236891531564,-5.704549844656309e-18,6.096603618183222e-17
144.157,0.3879912500334276,0.0,0.47821800235331313,0.9959367571599091,-0.09005540371240496,-5.51430309511597e-18,6.098353809045388e-17
144.198,0.38754230146015933,0.0,0.4762823938523177,0.997008382084118,-0.07729350589803419,-4.7328622296452316e-18,6.104915619211983e-17
144.209,0.3874259790142015,0.0,0.47576299843661524,0.9972683485436854,-0.07386366490332252,-4.522845039857331e-18,6.106507454674956e-17
144.236,0.3871478752938281,0.0,0.47448805489380674,0.9978568059996726,-0.06543542404639696,-4.006764130463489e-18,6.110110717374502e-17
144.255,0.3869584960830509,0.0,0.4735908733616027,0.9982284858217052,-0.05949697550384958,-3.643139030486894e-18,6.112386599896301e-17
144.276,0.3867552669932019,0.0,0.47259931518710613,0.9985983838527087,-0.052927004135490674,-3.240844310149369e-18,6.114651572094699e-17
144.298,0.386549220068748,0.0,0.47156067675525226,0.998939701660662,-0.04603772850725309,-2.8189978428211175e-18,6.116741540899709e-17
144.313,0.38641276166058525,0.0,0.4708526302763071,0.9991452549759171,-0.04133714381896305,-2.5311700431893446e-18,6.118000191947615e-17
144.318,0.3863680017630544,0.0,0.47061664037631873,0.9992088711517387,-0.03976973487047731,-2.4351939256034457e-18,6.118389728678085e-17
144.358,0.3860230055029223,0.0,0.46872930212495767,0.9996294109221577,-0.027222064936737334,-1.6668707345478386e-18,6.120964792096873e-17
144.374,0.3858915243310442,0.0,0.46797471688591796,0.9997535595398641,-0.022199553765139005,-1.3593306230488527e-18,6.121724983133337e-17
144.384,0.38581124121446037,0.0,0.467503221807557,0.9998183470965244,-0.01905971692271227,-1.1670710661027111e-18,6.12212169250278e-17
144.414,0.38557913192552284,0.0,0.4660893684954415,0.999953557508766,-0.009637573634630574,-5.901311851598627e-19,6.122949617495595e-17
144.434,0.38543167969277337,0.0,0.46514739306578484,0.9999943727670227,-0.003354762925865834,-2.0541998395299013e-19,6.123199538872498e-17
144.444,0.3853601408057255,0.0,0.4646766034361835,0.999999977275702,-0.0002131867621593469,-1.3053924294951613e-20,6.123233856590572e-17
144.48,0.3851146795470335,0.0,0.4629829759353435,0.999938438052824,0.011095949913304308,6.794309772413736e-19,6.122857037528974e-17
144.496,0.38501165622389744,0.0,0.462230920563006,0.9998700439755199,0.016121264230572516,9.871427319089674e-19,6.12243824458972e-17
144.516,0.38488813204074535,0.0,0.461291487104084,0.9997490578894582,0.022401367126597904,1.3716881274056433e-18,6.121697418474535e-17
144.537,0.38476471674985424,0.0,0.46030589684742357,0.9995796154890727,0.02899296981541457,1.775307384111164e-18,6.120659883008175e-17
144.547,0.38470821071425854,0.0,0.4598368791354904,0.9994836753598356,0.03213071255348536,1.9674387141474763e-18,6.120072419147275e-17
144.574,0.3845629379457387,0.0,0.4585715979099003,0.999175551572318,0.04059824060417004,2.4859252703455474e-18,6.118185705096652e-17
144.598,0.38444274261289657,0.0,0.45744829329313436,0.9988416310361425,0.04811856304024982,2.9464122103406036e-18,6.116141031517668e-17
144.608,0.38439514324293084,0.0,0.4569806587997826,0.9986858561568518,0.05124998255859053,3.1381563548367783e-18,6.115187185481113e-17
144.645,0.3842317178695908,0.0,0.4552526406382696,0.9980246149722751,0.06282410293384152,3.846866828361643e-18,6.111138250980332e-17
144.666,0.3841478501732277,0.0,0.45427352695724443,0.997590054557316,0.06938359350978657,4.248519785255059e-18,6.108477335874252e-17
144.676,0.384110174317563,0.0,0.4538077265217176,0.9973680899931747,0.07250443478413285,4.439616199118815e-18,6.107118194909254e-17
144.708,0.3839994106328506,0.0,0.45231918458100606,0.996592870212537,0.0824781852463883,5.050332278073594e-18,6.102371342794285e-17
144.744,0.3838926385668392,0.0,0.4506484643416177,0.9956030594136982,0.09367255780688419,5.735789904307307e-18,6.096310499661488e-17
144.755,0.3838637780593956,0.0,0.45013883302928,0.9952758975265383,0.0970870115038232,5.944864893846968e-18,6.094307210871921e-17
144.778,0.3838091228294732,0.0,0.44907461137243204,0.9945546389992719,0.1042164576495864,6.3814175639520836e-18,6.089890776138048e-17
144.788,0.38378775935254894,0.0,0.44861250089503674,0.9942254089486701,0.10731186421290875,6.5709565509437055e-18,6.087874823499786e-17
144.824,0.38372288193950643,0.0,0.44695201269193086,0.9929621646094419,0.11843200434904226,7.251868752133001e-18,6.0801396828169e-17
144.842,0.38369749849624935,0.0,0.44612366210765003,0.9922850190130472,0.12397758282155938,7.591437498422428e-18,6.075993361880994e-17
144.879,0.38366007127173185,0.0,0.4444251089421763,0.9907986524408252,0.1353441181634606,8.287437054615158e-18,6.066891991555837e-17
144.896,0.3836495204197929,0.0,0.4436466449727117,0.9900734418497287,0.14055098627840368,8.606265773142532e-18,6.062451357410367e-17
144.907,0.38364492033717434,0.0,0.4431436099171846,0.9895901035114462,0.1439146519024567,8.812230890137457e-18,6.059491763665952e-17
144.943,0.38364208357520146,0.0,0.4415011502176704,0.9879314822785482,0.15489153083016066,9.484370872309491e-18,6.049335637746621e-17
144.962,0.3836481218595148,0.0,0.44063674129580904,0.9870090633393154,0.16066458503991257,9.837868490273333e-18,6.043687450739599e-17
144.991,0.38366735682489705,0.0,0.4393207640365661,0.9855391957946065,0.16944761300331235,1.0375673844383295e-17,6.034687107820607e-17
145.01,0.3836865123873136,0.0,0.4384608552296637,0.984535958136778,0.1751826108256655,1.0726841180696386e-17,6.028544048888388e-17
145.025,0.38370529406074366,0.0,0.43778329141708827,0.9837216413840245,0.1796990046514468,1.1003390542817984e-17,6.02355779686463e-17
145.063,0.38376729537499477,0.0,0.4360721323728217,0.9815716565284124,0.19109443503165766,1.170115940981957e-17,6.010392936506427e-17
145.078,0.3837974512508902,0.0,0.43539883939010826,0.9806889876930321,0.19557379532446542,1.1975441122060308e-17,6.004988148686649e-17
145.093,0.3838308167650778,0.0,0.4347268045095703,0.979787295184112,0.2000421360508876,1.2249048080465943e-17,5.999466874462328e-17
145.103,0.3838548414021162,0.0,0.43427949092841955,0.9791756707492905,0.20301479210312998,1.2431070766433175e-17,5.995721754930405e-17
145.133,0.38393544912702393,0.0,0.4329410272718685,0.9772909066779054,0.21190206163385372,1.2975259075631206e-17,5.984180903494558e-17
145.153,0.3839962852146301,0.0,0.43205167983656667,0.9759932783763948,0.21780064408558808,1.3336443081582368e-17,5.976235221764918e-17
145.173,0.3840627859547365,0.0,0.43116476141860516,0.9746631918241816,0.2236775860543445,1.3696301990122983e-17,5.968090790571134e-17
145.199,0.38415768587947974,0.0,0.4300154827364336,0.9728861877020242,0.23128438291121575,1.4162083961249557e-17,5.957209778519775e-17
145.214,0.3842167707477348,0.0,0.4293543875457592,0.9718366745015297,0.23565542237302306,1.4429732935542013e-17,5.950783363611532e-17
145.245,0.3843489034404908,0.0,0.4279927545871039,0.9696121574420342,0.24464722385631885,1.4980321980796342e-17,5.937162125128733e-17
145.26,0.38441767732632404,0.0,0.4273361848139676,0.9685092745446223,0.24897747914429796,1.524547364469207e-17,5.930408915077985e-17
145.276,0.3844945056943762,0.0,0.42663751850883436,0.9673140840625105,0.25358127449460116,1.5527374806675982e-17,5.923090484086536e-17
145.292,0.3845749085414367,0.0,0.4259406062362003,0.9660997208059268,0.25816918766326524,1.5808303465514508e-17,5.91565465371065e-17
145.319,0.3847186733332246,0.0,0.4247686157833214,0.964007630044276,0.26587457421953337,1.6280122314630847e-17,5.902844292436742e-17
145.339,0.3848316936384111,0.0,0.4239038146956319,0.96242378573188,0.27155194099382957,1.6627760767017216e-17,5.893146043099125e-17
145.359,0.38495025273910777,0.0,0.42304191184205375,0.9608113847877524,0.27720296329989236,1.697378608596872e-17,5.883272934823284e-17
145.379,0.38507433514906586,0.0,0.4221829569276838,0.9591708876405212,0.28282717037599964,1.7318169445643554e-17,5.873227786921449e-17
145.411,0.3852843157578564,0.0,0.420814884390351,0.9564888223061291,0.29176897162555543,1.7865696859587568e-17,5.856804873287112e-17
145.427,0.38539457233619223,0.0,0.42013378888491015,0.9551218759919077,0.29621310234643405,1.813782138270339e-17,5.848434741145525e-17
145.449,0.38555188727134165,0.0,0.41920054364570725,0.9532147073727106,0.30229409793834483,1.8510174972066525e-17,5.836756701420855e-17
145.468,0.38569305697063067,0.0,0.41839764316151584,0.9515423278758519,0.3075178015344879,1.883003456650208e-17,5.826516330431917e-17
145.483,0.3858079706096989,0.0,0.41776582248441074,0.9502057745021087,0.3116231475722682,1.9081414510730077e-17,5.818332301376696e-17
145.511,0.38603062572610064,0.0,0.4165913347154241,0.9476732879311335,0.31924181953778397,1.9547923622546205e-17,5.802825293511553e-17
145.529,0.38617934653705355,0.0,0.4158397350740266,0.9460199494956374,0.32410840031735016,1.9845915751270593e-17,5.792701515396866e-17
145.545,0.3863151993639398,0.0,0.41517393278684317,0.944534048636963,0.3284135060643322,2.0109527449922213e-17,5.783602996744735e-17
145.576,0.38658817005007645,0.0,0.4138901590865395,0.9416125811098437,0.3366983027810774,2.061682493895964e-17,5.765714167465237e-17
145.603,0.38683635745222,0.0,0.4127788325855034,0.9390236395821856,0.3438525909540681,2.1054898744521183e-17,5.749861472690108e-17
145.627,0.38706508591009786,0.0,0.41179640054858513,0.936688747122327,0.3501630920219968,2.1441305491213923e-17,5.735564379803511e-17
145.643,0.38722179779980526,0.0,0.4111443189108336,0.9351150626169629,0.3543442107144883,2.1697325172394668e-17,5.725928341341701e-17
145.663,0.38742242354958084,0.0,0.41033249151106377,0.9331292246458776,0.3595411660878118,2.201554691055728e-17,5.713768590767127e-17
145.678,0.38757633437078864,0.0,0.40972603493821225,0.9316264954656075,0.3634172160843103,2.225288652163463e-17,5.704567028364111e-17
145.7,0.387807385557557,0.0,0.40884035335762203,0.9294023310196531,0.36906816050051666,2.2598907071207968e-17,5.690947949016535e-17
145.724,0.3880666198838478,0.0,0.40787935826341015,0.9269494128426091,0.3751863350799737,2.2973537216975804e-17,5.675928157046099e-17
145.745,0.38829956540301613,0.0,0.407043002391888,0.924781123429961,0.38049950558130735,2.3298875079364926e-17,5.662651213601976e-17
145.765,0.3885266998776082,0.0,0.406250441878673,0.9226976411059811,0.3855244001324145,2.3606561130768244e-17,5.649893563806265e-17
145.786,0.3887707113412806,0.0,0.4054224717476923,0.9204912562076183,0.3907631600411185,2.3927342658453035e-17,5.63638335278893e-17
145.801,0.38894845282403945,0.0,0.40483373900408826,0.9189038848682367,0.39448149560411877,2.4155025045722236e-17,5.62666350663977e-17
145.831,0.3893125110109235,0.0,0.4036630441704358,0.9157017660694659,0.40185852686892354,2.4606737932004892e-17,5.607056183952749e-17
145.848,0.38952386122988375,0.0,0.4030037043529097,0.9138716329611069,0.40600324933305654,2.4860528986957622e-17,5.595849850686921e-17
145.878,0.38990569001026515,0.0,0.4018474192334322,0.910615788943757,0.41325401985502674,2.5304510632511762e-17,5.575913555915069e-17
145.889,0.39004851368681354,0.0,0.4014257932076677,0.9094139222944441,0.41589219509030817,2.5466052275385622e-17,5.568554245189653e-17
145.915,0.3903920780206575,0.0,0.40043428471050424,0.9065567580735697,0.42208393050569837,2.5845186723266868e-17,5.5510591601009933e-17
145.953,0.3909092343010619,0.0,0.39899812214354813,0.9023417409679695,0.431021324886477,2.6392444294323774e-17,5.5252496240673697e-17
145.975,0.39121673371260646,0.0,0.3981738004588447,0.8998816310361535,0.436134211136563,2.6705518283352388e-17,5.510185795299624e-17
146.0,0.39157331416929886,0.0,0.3972435183371783,0.8970696474546469,0.44188918024273405,2.7057908508105605e-17,5.4929673618378894e-17
146.028,0.39198165153702635,0.0,0.3962098450498931,0.8939009103944576,0.44826461202727097,2.7448291114511377e-17,5.4735644433473875e-17
146.038,0.3921297689638586,0.0,0.39584280809655126,0.892764575039626,0.45052348834918243,2.7586607397376308e-17,5.4666063960721255e-17
146.085,0.3928418826142842,0.0,0.39413296762043504,0.8873939466598765,0.4610119124614984,2.8228838148238694e-17,5.433720781798774e-17
146.107,0.393184186758283,0.0,0.39334135389034636,0.8848646428178535,0.4658482198000036,2.8524976563328356e-17,5.4182332625277514e-17
146.124,0.3934525803750941,0.0,0.39273351820529645,0.8829041827887836,0.4695531961493502,2.8751840934685554e-17,5.4062289070304674e-17
146.15,0.3938695736747335,0.0,0.39181046894436944,0.8798966429679698,0.4751651267651037,2.909547257796653e-17,5.3878130369561284e-17
146.178,0.39432738080609536,0.0,0.39082540947080086,0.8766466935673518,0.4811346741375324,2.94610019320667e-17,5.36791283630184e-17
146.21,0.3948615821685728,0.0,0.3897111883540934,0.8729205240057779,0.48786243836708526,2.9872958678523695e-17,5.345096628168531e-17
146.238,0.39533853480137005,0.0,0.38874648566960873,0.8696515590671193,0.4936660468496175,3.022832720610557e-17,5.325079990925265e-17
146.26,0.39571946354749493,0.0,0.3879952856945018,0.8670786250037678,0.4981713139689755,3.050419525395685e-17,5.309325313599762e-17
146.279,0.39605278962842994,0.0,0.38735136860201835,0.864854068859836,0.502023345648971,3.074006416731288e-17,5.295703835793814e-17
146.313,0.3966592242393445,0.0,0.3862104179798117,0.8608692689971577,0.5088261998917699,3.1156618850988367e-17,5.2713039738084546e-17
146.341,0.39716813996373856,0.0,0.38528183336668587,0.8575855803581269,0.5143412994907318,3.1494321304530743e-17,5.251197179902527e-17
146.368,0.3976669174598093,0.0,0.38439594712499303,0.8544190472900794,0.5195845375181145,3.181537703790084e-17,5.231807756971634e-17
146.398,0.3982302714293869,0.0,0.38342272409366795,0.850902367567138,0.5253238628395241,3.2166809357107324e-17,5.210274304140001e-17
146.428,0.39880315675703876,0.0,0.38246130332914546,0.8473894279530216,0.5309718988736135,3.251265181963814e-17,5.188763752869873e-17
146.453,0.3992877610187285,0.0,0.3816692259807932,0.8444662921042033,0.5356087018521808,3.279657411593711e-17,5.170864708066232e-17
146.475,0.39971957117631596,0.0,0.380979107413521,0.8418981642272325,0.5396364341580504,3.304320158974739e-17,5.155139460144565e-17
146.503,0.40027632836770355,0.0,0.3801102099010765,0.8386366632041167,0.5446912401809534,3.335271919056034e-17,5.135168526202692e-17
146.542,0.40106504688008376,0.0,0.37891774496052855,0.8341098230338243,0.5515984074655059,3.3775661205870464e-17,5.107449624578691e-17
146.552,0.40126973699277413,0.0,0.37861534795482327,0.832952548712203,0.553344424019837,3.3882573885096455e-17,5.100363363110146e-17
146.587,0.4019939452685017,0.0,0.37756786611938165,0.8289147927591787,0.5593748889117279,3.4251833361457696e-17,5.075639238592099e-17
146.61,0.40247638689997395,0.0,0.37688882544753227,0.826273261295168,0.5632694716284978,3.449030777436304e-17,5.0594645233308603e-17
146.626,0.40281502011403836,0.0,0.37642083489444855,0.8244417696613833,0.5659467894048049,3.4654246206615774e-17,5.048249871495962e-17
146.647,0.40326320367416907,0.0,0.3758120913341066,0.822046080288142,0.5694209707087557,3.4866978457292824e-17,5.033580504882506e-17
146.672,0.40380221834303953,0.0,0.37509557829286566,0.819206962483078,0.5734979970490296,3.511662432017562e-17,5.0161959222206366e-17
146.694,0.40428140935574597,0.0,0.3744724522180682,0.8167209550197458,0.5770328254368501,3.5333070133709595e-17,5.000973516807506e-17
146.714,0.4047209408805179,0.0,0.37391202876463614,0.814471689064243,0.5802032986056171,3.552720562460525e-17,4.987200735043318e-17
146.719,0.40483140006785717,0.0,0.37377282792662014,0.8139110387685652,0.580989518813098,3.5575347727631074e-17,4.9837677420931034e-17
146.757,0.4056783431315847,0.0,0.3727268016195072,0.8096730567359689,0.586881198536665,3.593610906338445e-17,4.957817586437788e-17
146.77,0.4059710818653544,0.0,0.3723738038418932,0.8082329593825228,0.588862873144308,3.6057451636644535e-17,4.9489995333659966e-17
146.786,0.4063334472541817,0.0,0.3719427622414493,0.8064676986498448,0.5912781503103451,3.620534470916659e-17,4.938190428836323e-17
146.811,0.4069041753814131,0.0,0.3712768447538445,0.8037259300674202,0.5949996885186246,3.643322320190029e-17,4.921401938243978e-17
146.836,0.4074803646311032,0.0,0.3706202307100092,0.8010051398286154,0.5986574696503337,3.665719769964675e-17,4.90474190295846e-17
146.858,0.40799186868801207,0.0,0.37005015378538514,0.7986290162240628,0.601823640649805,3.685106975864953e-17,4.8901923421249905e-17
146.872,0.4083195190799028,0.0,0.3696911713516689,0.7971261297703318,0.6038128296395929,3.6972872455111676e-17,4.8809898166997726e-17
146.888,0.4086960018686852,0.0,0.36928453444648385,0.7954175691033746,0.6060617879075353,3.711058143232426e-17,4.8705278999400816e-17
146.924,0.4095508851125046,0.0,0.36838382969219396,0.7916098200428243,0.611026916601689,3.741460788045676e-17,4.847212161445285e-17
146.945,0.41005448047725424,0.0,0.36786756968697204,0.7894129031565317,0.6138625809820765,3.758824224580164e-17,4.8337599252813304e-17
146.962,0.4104647649444435,0.0,0.3674546123227864,0.7876480440465453,0.6161254407258732,3.7726802442909645e-17,4.822953279981376e-17
146.986,0.4110479177812176,0.0,0.366879216223754,0.7851778191311243,0.6192703709564115,3.791937387992817e-17,4.807827514802154e-17
146.996,0.41129224070228043,0.0,0.36664210488101234,0.784156109683988,0.6205636112803211,3.799856201108838e-17,4.8015713487816837e-17
147.017,0.41180785925622043,0.0,0.36614924089867684,0.7820253396123272,0.6232466351326931,3.816284983973054e-17,4.788524145041792e-17
147.048,0.4125752162172961,0.0,0.3654342906273137,0.7789176116873087,0.6271262665551006,3.840040874989669e-17,4.7694947997618175e-17
147.068,0.41307414931041797,0.0,0.3649810532409943,0.7769372018900476,0.6295781002538633,3.8550540264458254e-17,4.7573682871657386e-17
147.088,0.4135760643365328,0.0,0.36453413815411817,0.7749766200223238,0.6319899037316773,3.8698220634922125e-17,4.7453631856218675e-17
147.094,0.4137272141367882,0.0,0.36440130039494834,0.7743923809030437,0.6327056506775606,3.87420474952359e-17,4.7417857527850524e-17
147.099,0.41385337365718977,0.0,0.3642910392245988,0.7739069187268165,0.6332993613977237,3.877840179188926e-17,4.738813154283933e-17
147.149,0.4151248908264763,0.0,0.36321036510622773,0.7691240638415157,0.6390995027536104,3.91335580191937e-17,4.709526614653583e-17
147.175,0.41579306940895167,0.0,0.3626642617353591,0.7666900320472673,0.6420174411644596,3.931223021594148e-17,4.694622468424338e-17
147.192,0.41623248147356445,0.0,0.3623130916760787,0.765118796272101,0.6438891423149883,3.942683885708925e-17,4.685001424110522e-17
147.218,0.4169083186872414,0.0,0.3617850666686412,0.7627473842859461,0.6466965499868909,3.959874299805411e-17,4.6704807136190006e-17
147.24,0.41748370475764385,0.0,0.3613468664991484,0.7607713070796082,0.6490200446244974,3.974101601159315e-17,4.658380730490951e-17
147.256,0.41790416151566273,0.0,0.3610331402953125,0.7593520586189604,0.6506799912946049,3.9842658430408276e-17,4.649690340068316e-17
147.284,0.4186439287874486,0.0,0.36049421859242736,0.7569053333306136,0.6535245338743395,4.0016836428673794e-17,4.634708468604482e-17
147.295,0.4189359121162447,0.0,0.36028602711236135,0.7559571872256305,0.6546210591494235,4.008397923708958e-17,4.6289027481415243e-17
147.32,0.4196023127132026,0.0,0.3598202921678094,0.7538301983858525,0.6570692748877749,4.023388921546929e-17,4.6158786977692425e-17
147.33,0.41986994807531763,0.0,0.3596368939858222,0.7529903790638478,0.6580315258688468,4.02928100946666e-17,4.610736287546467e-17
147.362,0.42073042779835723,0.0,0.3590611798921287,0.7503458244316726,0.6610454929563876,4.047736235199121e-17,4.5945430607191486e-17
147.392,0.42154260533158655,0.0,0.35853695121752016,0.7479269257944197,0.663781073601612,4.064486835604039e-17,4.57973157835128e-17
147.408,0.42197788157725813,0.0,0.35826352180063975,0.7466611750726617,0.6652045472177051,4.0732030976421346e-17,4.571981090501683e-17
147.424,0.4224145998135762,0.0,0.3579943903367171,0.7454125864519345,0.6666033872994026,4.081768522784984e-17,4.564335690212557e-17
147.444,0.42296249079975723,0.0,0.3576640353590774,0.7438762600333424,0.668317372031288,4.092263652363439e-17,4.554928404057685e-17
147.465,0.42354011435492595,0.0,0.3573244283698792,0.7422926611194353,0.6700758205219968,4.1030310439414985e-17,4.545231657352437e-17
147.493,0.42431391663822143,0.0,0.35688323426733504,0.7402289429033957,0.6723549003971946,4.116986383312309e-17,4.532595027814362e-17
147.514,0.4248969292485956,0.0,0.35656107781015123,0.7387174618676863,0.6740152160980963,4.127152884855726e-17,4.5233398757525944e-17
147.535,0.4254821647740204,0.0,0.3562464351953952,0.7372375177939852,0.6756336598756484,4.137062994814622e-17,4.514277831888719e-17
147.551,0.4259295182525756,0.0,0.35601176337219914,0.7361313350723071,0.6768387234228422,4.144441880893822e-17,4.507504416241843e-17
147.573,0.42654664417563637,0.0,0.3556962470012708,0.7346408627160311,0.6784561907948409,4.154346012093039e-17,4.498377905240188e-17
147.595,0.4271660482082452,0.0,0.3553890384329359,0.7331861047833627,0.6800280404164228,4.163970815132096e-17,4.489470082011305e-17
147.628,0.42809929313208533,0.0,0.3549438502049443,0.7310717870966187,0.6823005511586197,4.177885930164392e-17,4.476523620074047e-17
147.643,0.42852508927704563,0.0,0.3547477067593333,0.7301379366861397,0.6832997829735545,4.184004460383223e-17,4.470805435493669e-17
147.671,0.42932248676035334,0.0,0.3543919941913427,0.7284407660191998,0.6851087872749563,4.1950814170200003e-17,4.4604132623692954e-17
147.682,0.429636646458971,0.0,0.35425597060421116,0.7277905464172122,0.6857994754632987,4.199310662415312e-17,4.4564318155977103e-17
147.697,0.43006584075593257,0.0,0.3540738726806991,0.7269190221255509,0.68672318678783,4.2049667629999296e-17,4.4510952684269e-17
147.723,0.43081189643716167,0.0,0.353767515311124,0.7254500541113638,0.6882748135663685,4.2144677368389727e-17,4.442100433543779e-17
147.738,0.43124350243789955,0.0,0.35359613387464767,0.7246267940287727,0.6891415017074378,4.21977467112807e-17,4.437059419418725e-17
147.766,0.43205141499136424,0.0,0.3532867446913797,0.7231378786294548,0.6907037052827297,4.229340409168559e-17,4.427942442028845e-17
147.776,0.43234064520561577,0.0,0.3531795751611237,0.7226213193641604,0.6912441166479466,4.232649474411737e-17,4.424779428774782e-17
147.812,0.43338476212546917,0.0,0.35280829383258655,0.720828506555719,0.6931134569005654,4.2440958821961715e-17,4.413801616438141e-17
147.84,0.43419984943975853,0.0,0.3525352748046071,0.7195069815246077,0.6944852075727372,4.252495432545689e-17,4.405709609441423e-17
147.872,0.435134408494648,0.0,0.35224017776833366,0.7180755522105093,0.6959651581204135,4.2615575160512294e-17,4.396944632802842e-17
147.89,0.43566144998022455,0.0,0.352082135036478,0.7173076374972625,0.6967565953674898,4.2664036715080194e-17,4.392242511324862e-17
147.911,0.4362775050859995,0.0,0.3519049983031005,0.71644587399478,0.6976426804861181,4.271829378029521e-17,4.386965731750176e-17
147.931,0.4368653515576287,0.0,0.3517435619153981,0.7156595054176755,0.6984493341004256,4.276768706863433e-17,4.382150612945671e-17
147.952,0.4374837215689812,0.0,0.3515816927639347,0.7148700850740367,0.699257292751559,4.2817160267432024e-17,4.3773168074605757e-17
147.971,0.43804415282484715,0.0,0.35144199126906805,0.7141880152364807,0.699953911977479,4.285981589269439e-17,4.373140334243786e-17
148.002,0.4389603770437458,0.0,0.3512278465080018,0.7131411244950616,0.7010204965291094,4.29251253605531e-17,4.366729977266107e-17
148.012,0.43925639470538125,0.0,0.3511624192106766,0.7128209407593277,0.7013460675123138,4.294506083367693e-17,4.364769417330579e-17
148.035,0.43993804156661015,0.0,0.3510187042565987,0.7121170980941118,0.7020607086299739,4.2988819981541006e-17,4.360459623995279e-17
148.06,0.4406801678478489,0.0,0.35087320299095265,0.7114037514642918,0.7027835387959311,4.303308056399434e-17,4.3560916356608204e-17
148.075,0.44112600904422056,0.0,0.35079126296181845,0.7110016911061168,0.7031902980305134,4.3057987383727076e-17,4.3536297260073054e-17
148.092,0.44163177762390554,0.0,0.35070326215789865,0.7105696238374871,0.7036268966429952,4.308472133839148e-17,4.350984077019587e-17
148.119,0.44243603988338354,0.0,0.3505741282971723,0.7099350986564827,0.7042671053624541,4.312392281634506e-17,4.34709873086011e-17
148.146,0.44324140533304746,0.0,0.35045805493748294,0.7093642392506444,0.7048420930054863,4.315913065517449e-17,4.3436032251394944e-17
148.156,0.44353994523003726,0.0,0.3504183817298281,0.7091690122130261,0.7050385181795394,4.31711582282083e-17,4.342407804305863e-17
148.174,0.4440776386948807,0.0,0.3503514908619139,0.7088397228754098,0.7053695820446984,4.319143004334731e-17,4.340391488639337e-17
148.21,0.4451541422793373,0.0,0.3502351578521907,0.7082666594436194,0.7059449972346118,4.3226664061872725e-17,4.3368824871520854e-17
148.22,0.44545340592372135,0.0,0.3502069742922824,0.708127752738667,0.7060843333492716,4.323519593821391e-17,4.336031928894085e-17
148.246,0.44623190206251767,0.0,0.3501421077758491,0.7078079410200884,0.7064049253996628,4.3254826539631095e-17,4.334073646906649e-17
148.272,0.4470109076862584,0.0,0.350089395069673,0.7075479406155379,0.7066653463491126,4.3270772723739825e-17,4.3324816035906006e-17
148.289,0.4475204826032508,0.0,0.350061502946884,0.7074103252397117,0.7068031067731984,4.327920811686011e-17,4.331638952443005e-17
148.319,0.44842006375884635,0.0,0.35002496575572145,0.7072300144325547,0.706983526459937,4.3290255636453496e-17,4.3305348671788226e-17
148.331,0.448779984920093,0.0,0.35001488570838907,0.7071802610773416,0.7070332936592045,4.329330299851777e-17,4.33023021574278e-17
148.353,0.4494399241609264,0.0,0.35000313690898216,0.7071222664769802,0.7070912955569872,4.329685459044098e-17,4.3298751012342777e-17
148.367,0.449859917755588,0.0,0.3500001962305849,0.7071077498853248,0.7071058124864432,4.3297743496000564e-17,4.329786212746751e-17
148.372,0.45000991765374354,0.0,0.35000000098359857,0.7071067860421179,0.7071067763309772,4.329780251445673e-17,4.32978031090926e-17
148.42,0.4514498047631929,0.0,0.3500210220118554,0.7072105492326127,0.7070029979102679,4.329144791891962e-17,4.3304156772048043e-17
148.43,0.4517497191921005,0.0,0.35003062084453374,0.7072579253766199,0.706955604682472,4.3288545920683544e-17,4.330705772420376e-17
148.458,0.4525892742747303,0.0,0.35006707062462633,0.7074377975103511,0.7067756098322179,4.327752441482221e-17,4.3318071715845244e-17
148.483,0.4533385379104673,0.0,0.3501115336018328,0.7076571489023855,0.7065559847650764,4.3264076258047847e-17,4.3331503114852414e-17
148.505,0.45399754778371393,0.0,0.3501599586530216,0.7078959662807602,0.7063167143169053,4.324942516862368e-17,4.3346126461752786e-17
148.535,0.454895561479362,0.0,0.3502400136588634,0.7082905891147684,0.7059209880513926,4.322519392340375e-17,4.337029014127971e-17
148.553,0.4554339570087415,0.0,0.35029580813513544,0.7085654867634781,0.7056450601879357,4.320829821466484e-17,4.3387122767558984e-17
148.577,0.45615126384791854,0.0,0.3503792503707246,0.7089763963856877,0.7052322095366634,4.318301840323452e-17,4.341228372523787e-17
148.595,0.4566887833600439,0.0,0.35044861539305583,0.709317793504419,0.7048888336596221,4.316199269479836e-17,4.34331882696725e-17
148.61,0.4571363865839313,0.0,0.35051085842485125,0.7096239914297132,0.7045805779237476,4.314311747478549e-17,4.3451937485128356e-17
148.644,0.45814973312053703,0.0,0.35066687074646896,0.7103908677795852,0.7038073706458096,4.3095772183885276e-17,4.349889511848898e-17
148.671,0.4589531181702041,0.0,0.3508055065490078,0.7110715983133837,0.7031196072305549,4.3053658820632164e-17,4.354057784195389e-17
148.682,0.45928005541146655,0.0,0.3508657259657578,0.7113670734539794,0.7028206647541894,4.303535387329165e-17,4.35586704762118e-17
148.697,0.45972551526733274,0.0,0.35095132837421794,0.7117868699425091,0.7023955095083152,4.300932062274163e-17,4.3584375597510353e-17
148.73,0.46070395731598535,0.0,0.3511537949643867,0.7127787245216517,0.7013889718760108,4.294768796826048e-17,4.364510917428869e-17
148.754,0.461414098423231,0.0,0.3513132414615191,0.7135587930706592,0.7005953531329937,4.289909283559152e-17,4.369287459687157e-17
148.764,0.4617096068723307,0.0,0.35138270554395656,0.713898349934926,0.700249345562129,4.287790598238451e-17,4.3713666458219206e-17
148.777,0.46209341656571606,0.0,0.3514756693780346,0.7143525074243948,0.6997860352539768,4.2849536408089974e-17,4.3741475584008546e-17
148.813,0.4631540990400316,0.0,0.3517487854247787,0.715684964237766,0.6984232470099974,4.2766089695044725e-17,4.38230650325834e-17
148.835,0.46380063126636156,0.0,0.35192701337640075,0.7165530381621048,0.6975326110660757,4.271155397214826e-17,4.3876219230226645e-17
148.865,0.4646800985110246,0.0,0.35218386842804417,0.7178020540125639,0.6962472342891886,4.2632847344372603e-17,4.3952699393394097e-17
148.886,0.4652941607494763,0.0,0.3523731364737998,0.7187208862170679,0.6952987039505774,4.257476661221889e-17,4.400896163930406e-17
148.893,0.4654985506558635,0.0,0.3524379563292709,0.7190352665794602,0.6949735861275627,4.255485888715385e-17,4.402821188452999e-17
148.925,0.4664309370059166,0.0,0.35274527737561356,0.7205237208543638,0.6934302904302514,4.2460359280361344e-17,4.4119353422701883e-17
148.943,0.4669539354045184,0.0,0.3529260672893888,0.7213977437514634,0.6925209710256419,4.240467952544847e-17,4.4172871889867605e-17
148.974,0.4678520558667793,0.0,0.3532507677978604,0.7229645158918386,0.6908851632227163,4.230451518595481e-17,4.42688090142028e-17
148.985,0.4681699263665422,0.0,0.35337003439279324,0.7235390479364954,0.6902834534531085,4.226767108878651e-17,4.430398895567762e-17
149.006,0.46877554005444794,0.0,0.35360360532071705,0.7246627067374537,0.6891037378101698,4.2195434339485066e-17,4.437279321337399e-17
149.016,0.4690633475202949,0.0,0.3537175386077084,0.7252100931528748,0.6885276470768612,4.216015895585683e-17,4.4406310964451096e-17
149.047,0.4699530965559705,0.0,0.3540818168275254,0.7269570682772896,0.686682911453087,4.204720147701042e-17,4.4513282339166326e-17
149.057,0.47023930057642416,0.0,0.35420289574484476,0.7275366543714624,0.6860688132731142,4.2009598808487123e-17,4.454877175191928e-17
149.089,0.4711523980126693,0.0,0.3546020212786753,0.7294434053567314,0.6840411671687423,4.188544129291099e-17,4.466552657646332e-17
149.115,0.4718910997361884,0.0,0.35493937674431253,0.7310505044402709,0.6823233543985033,4.178025559738061e-17,4.476393301389178e-17
149.137,0.4725138404877689,0.0,0.35523395433139365,0.7324503969759861,0.6808203992021099,4.1688226133854355e-17,4.484965170954248e-17
149.147,0.4727961853973164,0.0,0.35537061173069423,0.7330987362150135,0.6801222264857618,4.164547538473797e-17,4.488935103823431e-17
149.174,0.47355621579465956,0.0,0.3557481786876866,0.7348864363793137,0.678190183964434,4.1527171900259934e-17,4.499881610243658e-17
149.205,0.4744245863618046,0.0,0.35619710331247567,0.7370051491519117,0.6758871282422594,4.1386150409338977e-17,4.512854984320032e-17
149.215,0.4747037088445283,0.0,0.35634542455439033,0.7377035168694649,0.6751248189767749,4.1339472429242184e-17,4.517131253269678e-17
149.241,0.47542709204083267,0.0,0.35673904297990794,0.7395529082514182,0.6730984295753998,4.1215391864531173e-17,4.5284555094510774e-17
149.263,0.4760364933776905,0.0,0.35708108869288696,0.7411553173160484,0.6713335948797345,4.1107326906477644e-17,4.5382674351106984e-17
149.284,0.4766158342670046,0.0,0.3574152455698276,0.7427165659798906,0.6696059308421923,4.1001537994798737e-17,4.547827326004935e-17
149.294,0.47689088523292217,0.0,0.3575769907616384,0.7434707780448914,0.6687684219468828,4.0950255365403825e-17,4.5524455429613424e-17
149.326,0.47776739002134305,0.0,0.3581059132568603,0.745930306469211,0.6660240069928027,4.0782208415951516e-17,4.5675058110226176e-17
149.347,0.47833950179300433,0.0,0.3584623794585482,0.7475819984631341,0.6641695232196871,4.0668654035110674e-17,4.5776195075902935e-17
149.352,0.47847535047421275,0.0,0.3585483426172458,0.7479795976921536,0.6637217198768501,4.0641233988588034e-17,4.5800541007061047e-17
149.379,0.4792064427111863,0.0,0.3590197704244593,0.7501551282108352,0.6612618873177142,4.049061268508882e-17,4.5933753831368584e-17
149.405,0.47990641180341437,0.0,0.359485229712785,0.7522949175396817,0.6588264999557648,4.034148821821406e-17,4.606477813898966e-17
149.43,0.4805756248679758,0.0,0.3599433761015146,0.7543931138009632,0.6564229047265847,4.0194310458021e-17,4.6193255605757727e-17
149.44,0.4808422381533339,0.0,0.36012953203341713,0.7552433967360405,0.6554444382910025,4.0134396668600555e-17,4.6245320419498324e-17
149.466,0.48153251426763155,0.0,0.3606212599300084,0.7574830984671371,0.6528547736952112,3.99758254456955e-17,4.638246259729994e-17
149.492,0.4822184992152432,0.0,0.36112410369870157,0.7597639481626456,0.6501990026694202,3.981320637139534e-17,4.6522124361246976e-17
149.52,0.48295234454520974,0.0,0.36167800202409933,0.7622652485752669,0.6472647764358003,3.96335368331465e-17,4.667528483844811e-17
149.545,0.48360316930907477,0.0,0.36218334745310105,0.7645370894947218,0.6445797381138658,3.9469125653819246e-17,4.6814394973957224e-17
149.562,0.4840433177615046,0.0,0.36253277394978267,0.766102270904403,0.6427186869191814,3.9355169134388267e-17,4.691023469412978e-17
149.584,0.48460997412490275,0.0,0.36299190509499046,0.768151741387261,0.6402678363026825,3.920509781625408e-17,4.703572856746873e-17
149.613,0.48535176082610676,0.0,0.36360902159543956,0.7708936771552438,0.6369638439676673,3.900278663437989e-17,4.720362371055512e-17
149.631,0.48580917205762264,0.0,0.3639988350083303,0.7726181196459221,0.6348710429644745,3.8874639531889273e-17,4.730921535938126e-17
149.659,0.48651603674808586,0.0,0.364615475980557,0.7753340183280139,0.6315513914348817,3.8671369500889254e-17,4.7475516190772875e-17
149.681,0.48706738247848524,0.0,0.36510870572349946,0.777495782623173,0.6288881522203926,3.8508293131919865e-17,4.760788607700175e-17
149.707,0.4877142985687974,0.0,0.3657014619674268,0.7800812728519918,0.6256781982342171,3.8311740138190855e-17,4.7766201693649245e-17
149.739,0.4885034243367631,0.0,0.3664455717540424,0.7833075860571794,0.621634318249302,3.8064123904207743e-17,4.7963756400638237e-17
149.762,0.4890656967168482,0.0,0.3669902688144375,0.7856555871079477,0.6186641240980973,3.7882251966201793e-17,4.8107529999199135e-17
149.781,0.489527034204281,0.0,0.3674464270725653,0.7876129950324743,0.6161702443772952,3.772954587532485e-17,4.822738666666899e-17
149.809,0.4902016305633722,0.0,0.36812881628541605,0.7905259347256696,0.6124285644269922,3.750043405659623e-17,4.8405752780238037e-17
149.832,0.49075099796762756,0.0,0.3686983539143772,0.7929431160928169,0.6092956709521359,3.730859965829361e-17,4.8553762451449816e-17
149.854,0.49127239804383616,0.0,0.36925068445966636,0.7952750470352641,0.6062487934528682,3.712203221944999e-17,4.869655203967485e-17
149.875,0.49176632595071645,0.0,0.36978476409964733,0.7975184499603777,0.6032945565582343,3.694113738160317e-17,4.883392085024676e-17
149.896,0.4922565232186067,0.0,0.3703255043923027,0.7997783107918905,0.6002954719026874,3.67574964104138e-17,4.897229741693829e-17
149.906,0.4924886261445617,0.0,0.3705853307240427,0.8008600453153097,0.5988515574143228,3.6669082147592894e-17,4.9038534553019914e-17
149.937,0.4932026516480039,0.0,0.3714002993402656,0.8042355648513884,0.5943106563306503,3.6391032148724673e-17,4.924522551278582e-17
149.963,0.49379502638506956,0.0,0.3720948429629792,0.807091370111712,0.5904265579148684,3.615319971410165e-17,4.942009315133799e-17
149.973,0.4940212681594079,0.0,0.37236463678799286,0.8081954946841282,0.5889142911937841,3.6060600084130004e-17,4.9487701282511465e-17
150.007,0.4947837804703461,0.0,0.3732929276382524,0.8119721867299473,0.5836961264022467,3.5741079643661014e-17,4.9718956973775345e-17
150.035,0.49540384732886866,0.0,0.37407007444847923,0.8151072916318288,0.5793100233282907,3.5472508289148487e-17,4.991092678292937e-17
150.054,0.49582049473998485,0.0,0.3746038937990688,0.8172466592614445,0.5762880338216372,3.528746480032948e-17,5.004192526891978e-17
150.076,0.49629872672067027,0.0,0.3752284928394168,0.819735198809075,0.5727427029945004,3.50703758978609e-17,5.0194304368497645e-17
150.1,0.4968152363680134,0.0,0.37591777040078117,0.8224630586624245,0.5688185274194655,3.483008944499797e-17,5.0361337610394e-17
150.119,0.49722025266556463,0.0,0.3764692552982629,0.8246316783869362,0.5656700407487961,3.4637300238828304e-17,5.049412727060355e-17
150.146,0.4977898271257268,0.0,0.3772617104870379,0.827726153262526,0.5611322617754404,3.435944141408039e-17,5.06836092081752e-17
150.169,0.4982694282509912,0.0,0.3779448250311325,0.8303730508950018,0.5572078573991277,3.411914095117983e-17,5.0845684943839307e-17
150.198,0.4988667214368426,0.0,0.3788166266015527,0.8337232614080252,0.5521825091282461,3.381142711745304e-17,5.1050826172901503e-17
150.222,0.49935470201524007,0.0,0.379546889525215,0.8365054946788896,0.5479585361795418,3.355278336988725e-17,5.1221188826383773e-17
150.228,0.49947579350291743,0.0,0.37973068873895693,0.8372022890442382,0.5468933417212974,3.3487559020699325e-17,5.1263855175843175e-17
150.259,0.5000956238900922,0.0,0.3806881259108684,0.840809416032148,0.5413312534037531,3.314697933796655e-17,5.148472800183626e-17
150.286,0.5006274732332981,0.0,0.38153260755060225,0.8439594664840556,0.5364069527252123,3.2845452884765846e-17,5.167761296199033e-17
150.307,0.5010359258470161,0.0,0.3821961793318161,0.8464139053648599,0.5325255869955977,3.260778777891121e-17,5.1827903997944323e-17
150.333,0.5015352517624739,0.0,0.3830258613392782,0.849456948209541,0.5276579319393704,3.2309729869713096e-17,5.201423663191467e-17
150.339,0.5016494717133406,0.0,0.38321859387395607,0.8501597244255975,0.5265248740226733,3.224035008216651e-17,5.2057269264090194e-17
150.365,0.5021400186261551,0.0,0.38405922285989713,0.8532068068229106,0.5215727607832414,3.193712060078224e-17,5.224384924932058e-17
150.393,0.5026602302484555,0.0,0.3849743570532586,0.8564902681726898,0.5161631723839603,3.160587884488802e-17,5.244490327092714e-17
150.399,0.5027706070667839,0.0,0.3851717753584789,0.8571939816677869,0.5149936677208039,3.153426733777191e-17,5.2487993294891514e-17
150.414,0.5030448446355458,0.0,0.3856673441438231,0.858953248237192,0.5120540179930012,3.135426570628351e-17,5.2595717303544953e-17
150.445,0.5036038365080807,0.0,0.3867006182238607,0.86258805293682,0.5059069587687699,3.0977866886127304e-17,5.2818284900591214e-17
150.471,0.5040645268875573,0.0,0.3875766046989908,0.865634197618147,0.5006769776152953,3.065762290216712e-17,5.300480746727755e-17
150.481,0.5042397219533578,0.0,0.387915778889518,0.8668049030003487,0.49864743069081985,3.053334899492821e-17,5.307649249723045e-17
150.513,0.5047928442712419,0.0,0.38900948464385565,0.8705466826449436,0.49208583939784717,3.01315674062156e-17,5.3305610420473844e-17
150.54,0.5052505789306596,0.0,0.389942102646836,0.8736971052222046,0.48647031597656604,2.978771576704516e-17,5.3498518166734054e-17
150.551,0.5054346931394036,0.0,0.39032460615770737,0.8749784793821814,0.4841618124326261,2.9646360693249836e-17,5.3576979704910346e-17
150.566,0.5056835334672715,0.0,0.390848561793462,0.8767235560661164,0.48099460104951614,2.9452424929122404e-17,5.3683834833672725e-17
150.593,0.506124940489977,0.0,0.39179849295393887,0.8798573813152797,0.47523782314228585,2.909992394724782e-17,5.387572628669648e-17
150.614,0.5064624352000096,0.0,0.3925433283589061,0.8822874917845527,0.4707109323571345,2.8822731831741555e-17,5.4024527637084956e-17
150.64,0.5068731728647062,0.0,0.39347270169222487,0.8852861873736586,0.46504662824862136,2.847589323694716e-17,5.420814478482575e-17
150.671,0.5073525305609786,0.0,0.3945910867968615,0.8888453228209052,0.45820736801081746,2.805710932900905e-17,5.4426078976485874e-17
150.693,0.5076858237698063,0.0,0.39539148654973133,0.8913592783729319,0.4532975147278949,2.775646752364834e-17,5.4580014357485286e-17
150.698,0.507760769208025,0.0,0.3955741652506148,0.8919291567140827,0.4521751645140468,2.7687743393802766e-17,5.4614909341804966e-17
150.73,0.508233336892125,0.0,0.3967499973495134,0.8955625545211888,0.44493562561283256,2.7244449486669027e-17,5.4837390791530043e-17
150.742,0.5084073762946173,0.0,0.3971938940307904,0.8969185866715229,0.4421957133251722,2.7076678246017636e-17,5.4920423813152424e-17
150.762,0.5086935721480951,0.0,0.39793727263935674,0.8991702536368995,0.4375989659203434,2.6795208646227014e-17,5.505829865024713e-17
150.789,0.5090722216447661,0.0,0.3989478069243998,0.902192431576592,0.43133376450947636,2.641157570353542e-17,5.5243353677262044e-17
150.805,0.5092923999143801,0.0,0.3995503833812538,0.9039732800195744,0.4275889486535545,2.6182271865967874e-17,5.5352399194535294e-17
150.81,0.5093605608745699,0.0,0.399739254926511,0.9045281948516757,0.42641381862970756,2.611031590485357e-17,5.53863779281819e-17
150.846,0.5098422111515657,0.0,0.4011070150773965,0.9085000348457835,0.4178847768048153,2.5588062716321158e-17,5.562958298495737e-17
150.873,0.5101928902680222,0.0,0.4021418157670371,0.9114503390819246,0.41141011094459584,2.5191603775257838e-17,5.581023701692243e-17
150.895,0.5104718894024156,0.0,0.40299059327133024,0.9138350457064756,0.4060855934881754,2.4865571112257364e-17,5.595625818365553e-17
150.916,0.5107325289231931,0.0,0.40380542747386156,0.9160944571765428,0.4009625238478221,2.455187357041398e-17,5.609460723489426e-17
150.938,0.510999600538315,0.0,0.4046638639769099,0.9184430022877816,0.3955533485493531,2.422065710964913e-17,5.623841414755085e-17
150.954,0.5111899736139115,0.0,0.40529123304873865,0.9201387352906266,0.39159252778591963,2.3978126786152373e-17,5.634224784725798e-17
150.975,0.5114348817626109,0.0,0.40611851138265204,0.9223481106347029,0.38635988768063634,2.365771998835111e-17,5.647753306941989e-17
151.012,0.5118526205084529,0.0,0.40758659683039933,0.9261939609191242,0.3770474065113614,2.3087494975547485e-17,5.671302348146072e-17
151.033,0.5120818566592132,0.0,0.4084257016945788,0.9283489963043949,0.3717097537873098,2.2760658009373986e-17,5.684498134079177e-17
151.061,0.5123785976022701,0.0,0.4095510034538268,0.9311897281899623,0.3645348956046652,2.2321324653988388e-17,5.701892600133656e-17
151.082,0.5125944401173579,0.0,0.41039978137881383,0.9332949466189299,0.3591107664990968,2.198919253662357e-17,5.714783345186361e-17
151.105,0.5128242042743959,0.0,0.4113340465535252,0.93557490399413,0.3531283039015344,2.1622872353067394e-17,5.728744057695018e-17
151.115,0.5129219304020116,0.0,0.4117417480708967,0.9365575852765022,0.3505137507445994,2.1462777145325343e-17,5.734761245130213e-17
151.149,0.5132443127321945,0.0,0.4131346313186283,0.9398585514248764,0.3415639080955905,2.0914757337676283e-17,5.754973833268715e-17
151.165,0.5133907148800612,0.0,0.4137936402359327,0.9413899343691673,0.3373203098961206,2.0654911890083868e-17,5.764350849373688e-17
151.191,0.5136213396629958,0.0,0.41486927190317385,0.9438474562689967,0.33038156621480014,2.0230036378112216e-17,5.779398831015991e-17
151.225,0.513909265672805,0.0,0.41628457149854053,0.9470015634722959,0.32122895072055235,1.9669600314669366e-17,5.798712167469431e-17
151.241,0.5140393792638868,0.0,0.41695394737655067,0.948461824320869,0.3168914132726367,1.940400274708078e-17,5.807653686340057e-17
151.258,0.5141738369955073,0.0,0.4176674723831474,0.9499961000606327,0.31226176498186314,1.9120518549057088e-17,5.817048415708613e-17
151.277,0.5143194813508172,0.0,0.41846772586013553,0.9516894675845652,0.3070621391324676,1.8802133291395783e-17,5.827417301298432e-17
151.292,0.514431000426967,0.0,0.41910155460901,0.953010098975952,0.3029385271797664,1.8549634882455718e-17,5.83550383633001e-17
151.324,0.5146586582880532,0.0,0.42045966619097014,0.9557785318114012,0.2940873987923359,1.800765958003027e-17,5.852455598382946e-17
151.34,0.5147672362007103,0.0,0.421141707604502,0.9571372761275145,0.2896346571928193,1.7735007792666353e-17,5.860775507770885e-17
151.362,0.5149107945205215,0.0,0.4220827045583046,0.9589772325814367,0.2834830989502706,1.7358333487091064e-17,5.872041991680217e-17
151.388,0.5150718640154912,0.0,0.4231994718176685,0.961108663589514,0.27617048497835267,1.691056502238559e-17,5.885093242488443e-17
151.408,0.5151894103375616,0.0,0.42406190893987383,0.9627158711989773,0.2705146046733785,1.6564242236793233e-17,5.894934550760915e-17
151.422,0.5152683964193745,0.0,0.42466733691619857,0.9638239026739086,0.2665398368620269,1.632085790291695e-17,5.901719286756562e-17
151.455,0.5154438045284853,0.0,0.42609992008074754,0.9663792758097737,0.25712077956745805,1.5744106984577982e-17,5.917366434413883e-17
151.477,0.5155523130891297,0.0,0.4270591815280404,0.9680380756145185,0.2508032778105976,1.5357271569320636e-17,5.927523653770417e-17
151.487,0.5155993995219512,0.0,0.42749630003676203,0.9687800437330389,0.24792181603201255,1.5180832922120156e-17,5.932066898177495e-17
151.524,0.5157614356256383,0.0,0.4291194391810616,0.9714588784989394,0.23720802555053405,1.4524802461126254e-17,5.948470030285018e-17
151.534,0.5158019288076942,0.0,0.4295596649856417,0.9721646966001772,0.23429853325252686,1.4346647439631336e-17,5.952791919677324e-17
151.561,0.5159042253896736,0.0,0.4307514689898151,0.9740311110960274,0.22641421028071207,1.3863871895087489e-17,5.96422041236845e-17
151.583,0.5159799702393527,0.0,0.43172594814138715,0.9755089646726184,0.21995967776698572,1.3468645765941114e-17,5.973269655629353e-17
151.605,0.516048866117601,0.0,0.4327033890700963,0.9769477134463299,0.21347872304280727,1.3071801743021912e-17,5.982079451031868e-17
151.615,0.5160779140764495,0.0,0.4331486411113137,0.9775886262248871,0.21052429283989524,1.2890895068456888e-17,5.986003909945831e-17
151.649,0.5161660493258711,0.0,0.43466688401497056,0.9797058949446146,0.2004404136165456,1.2273435547763707e-17,5.998968441748577e-17
151.666,0.5162039456255104,0.0,0.4354284907627175,0.9807282962323178,0.19537658244849868,1.1963365316195142e-17,6.005228844070727e-17
151.687,0.5162450659312201,0.0,0.43637152500346865,0.9819574931539942,0.1891017758740605,1.1579144226862418e-17,6.012755504448989e-17
151.713,0.5162872429257633,0.0,0.4375424157259975,0.9834270913325043,0.18130404306934333,1.110167080086726e-17,6.021754197975716e-17
151.723,0.5163008877217359,0.0,0.43799371561002715,0.9839767830665586,0.17829663593569775,1.091752022486966e-17,6.025120089088852e-17
151.751,0.5163314631693332,0.0,0.4392601111291305,0.9854695415660178,0.16985223768223545,1.0400449960278255e-17,6.034260598680167e-17
151.777,0.5163497700015591,0.0,0.4404395890871889,0.9867938977326218,0.1619808735550583,9.918467916114715e-18,6.04236994138198e-17
151.787,0.516354221219524,0.0,0.4408941169893255,0.9872872814764115,0.15894597772487645,9.732634142905822e-18,6.045391045494896e-17
151.802,0.5163581970460618,0.0,0.4415768073840229,0.988010591662098,0.1543861093606255,9.453422733065163e-18,6.049820043013355e-17
151.838,0.5163544970860383,0.0,0.44321954175941014,0.9896638026129114,0.14340696565283112,8.781144073108703e-18,6.0599430405095e-17
151.864,0.5163401798529657,0.0,0.44440958131979846,0.9907844574008935,0.13544799360941834,8.293797591235266e-18,6.066805072004757e-17
151.885,0.5163214743774462,0.0,0.445372894301371,0.9916442680319455,0.12900250260900742,7.89912509510595e-18,6.072069893690711e-17
151.906,0.5162963793092281,0.0,0.44633804254312326,0.9924632669299137,0.12254249791318447,7.50356389144513e-18,6.07708481558522e-17
151.911,0.5162894617700386,0.0,0.44656810355204385,0.992652221925022,0.12100234009025175,7.409256424043314e-18,6.078241831234932e-17
151.956,0.5162108730254936,0.0,0.44864304322794935,0.9942474687156636,0.10710728711201419,6.558429816354236e-18,6.088009900614978e-17
151.972,0.5161758397057535,0.0,0.4493826333024358,0.9947686923508193,0.10215306514559845,6.25507121268241e-18,6.091201474897145e-17
151.977,0.5161641282992722,0.0,0.44961394485344736,0.9949266001772985,0.10060348035551207,6.160186510023074e-18,6.092168381468436e-17
152.013,0.5160690664129182,0.0,0.4512819612814903,0.995993287639879,0.08942802120311667,5.4758869960239235e-18,6.098699958402135e-17
152.029,0.5160207591294244,0.0,0.4520247001100823,0.9964276018621101,0.08445137208668732,5.171155125478188e-18,6.101359366012532e-17
152.051,0.5159482456055207,0.0,0.453047302596985,0.9969846150423073,0.07759946758156538,4.751596979465143e-18,6.104770088053588e-17
152.07,0.5158799418972264,0.0,0.45393165566265653,0.9974281041708954,0.07167410278513044,4.388773027878419e-18,6.107485675762499e-17
152.097,0.5157738210196583,0.0,0.45519018188278876,0.9979981885659709,0.06324251433205964,3.8724871373393726e-18,6.110976435910865e-17
152.108,0.5157275371450281,0.0,0.4557034988939632,0.998210143450056,0.059803925568633065,3.661934301203652e-18,6.112274285262656e-17
152.137,0.5155970507745931,0.0,0.45705832399763535,0.9987124102963648,0.05072988783769896,3.1063097380771136e-18,6.115349782690907e-17
152.163,0.5154696250513802,0.0,0.45827478209529665,0.99909284217718,0.04258512311036027,2.6075867354199344e-18,6.117679256116576e-17
152.173,0.5154179870297124,0.0,0.4587430745663453,0.9992215274412097,0.039450463850957095,2.4156442139976487e-18,6.118467226100033e-17
152.201,0.5152656325029281,0.0,0.460055470895802,0.9995296184823131,0.03066825356295328,1.8778889280655072e-18,6.120353739636699e-17
152.228,0.5151078777251608,0.0,0.4613225318968433,0.9997536875603165,0.022193787634137232,1.3589775493551134e-18,6.121725767032523e-17
152.244,0.5150093710827964,0.0,0.4620740401398887,0.9998525880261903,0.017169805395797745,1.0513473609973331e-18,6.122331357727355e-17
152.282,0.5147604420975154,0.0,0.4638606476110534,0.9999863030384093,0.005233902518645231,3.204840983254076e-19,6.123150126035916e-17
152.292,0.5146914323516599,0.0,0.4643311885673471,0.9999978109946349,0.0020923684996572273,1.2812061928709866e-19,6.123220591944698e-17
152.317,0.5145125265311844,0.0,0.46550816452988436,0.9999834022737589,-0.005761525579005725,-3.527916929267481e-19,6.123132363975195e-17
152.328,0.5144309208105838,0.0,0.4660262958741925,0.9999575223785886,-0.009217018958124613,-5.64379638237389e-19,6.122973895321282e-17
152.363,0.5141595346904511,0.0,0.46767583314651234,0.9997957706715267,-0.020209328225551583,-1.2374644562170002e-18,6.121983451769731e-17
152.374,0.5140705567730184,0.0,0.4681945216705245,0.9997199944737404,-0.0236628960489711,-1.4489344952464505e-18,6.121519456379379e-17
152.405,0.513810326120022,0.0,0.4696568440585895,0.9994423536193154,-0.033391343067974526,-2.0446300703713084e-18,6.119819396460959e-17
152.415,0.5137233989729106,0.0,0.4701287147557781,0.999332633616012,-0.0365278987910011,-2.2366887166988986e-18,6.119147555206719e-17
152.441,0.5134905870510386,0.0,0.47135585982965644,0.9990014250870154,-0.04467832443268742,-2.7357583503878816e-18,6.117119487882289e-17
152.457,0.5133424387166033,0.0,0.47211118904795085,0.9987646797834276,-0.04969018431347588,-3.042646258427013e-18,6.115669840991029e-17
152.479,0.5131326703297376,0.0,0.4731499099614517,0.998398291859823,-0.05657606217639863,-3.464284672634411e-18,6.113426362001585e-17
152.513,0.5127946874112487,0.0,0.47475537959049835,0.9977392778150981,-0.06720367181193666,-4.115038078771872e-18,6.109391064799258e-17
152.525,0.5126714046287248,0.0,0.4753220245269463,0.9974798750547668,-0.0709499743532506,-4.344432949564757e-18,6.10780268099861e-17
152.548,0.5124292946861517,0.0,0.4764080447724573,0.9969437348442733,-0.07812291312253591,-4.783648774779018e-18,6.104519769035235e-17
152.571,0.5121795473441351,0.0,0.4774939321540046,0.9963565787899091,-0.08528521502621388,-5.222213279822329e-18,6.10092447512235e-17
152.588,0.5119900494009574,0.0,0.47829641160042774,0.9958899383634332,-0.0905716879961797,-5.545916389894712e-18,6.098067126599166e-17
152.609,0.511750218942119,0.0,0.4792874996842289,0.9952753416423451,-0.09709270991538592,-5.945213820920992e-18,6.094303807062932e-17
152.625,0.5115632346839761,0.0,0.4800424231348566,0.9947788840282767,-0.10205376960924288,-6.248991114644036e-18,6.091263880923026e-17
152.635,0.5114445023859416,0.0,0.4805141527413153,0.9944562618542946,-0.10515104972744055,-6.438644823784712e-18,6.08928838985952e-17
152.671,0.5110051930816579,0.0,0.48221164432428326,0.9932166619313456,-0.1162783834681025,-7.119997506212013e-18,6.081698029470206e-17
152.699,0.5106506859758425,0.0,0.48353097351752655,0.9921685155556099,-0.12490651200068598,-7.648318005715028e-18,6.075279983949793e-17
152.708,0.510534359564285,0.0,0.4839548416998138,0.9918161090197796,-0.12767460941340192,-7.81781508752556e-18,6.073122116269276e-17
152.737,0.5101516771302979,0.0,0.48531989071638004,0.9906296231710023,-0.13657580201513667,-8.362855938940988e-18,6.065856985784583e-17
152.758,0.5098670938203649,0.0,0.48630759306748317,0.9897222061564865,-0.14300333786571998,-8.756428999232074e-18,6.060300659072991e-17
152.779,0.5095762515696853,0.0,0.48729457009053834,0.9887745984617862,-0.1494148367356252,-9.149020077670389e-18,6.054498235422179e-17
152.799,0.5092934522677697,0.0,0.48823381798064164,0.9878350291149388,-0.1555054830335185,-9.521964602343073e-18,6.048745032456212e-17
152.826,0.5089027086557985,0.0,0.4895005778453262,0.9865097133089945,-0.16370273530703597,-1.00239015402714e-17,6.040629813658165e-17
152.836,0.5087553804775367,0.0,0.4899693679393052,0.9860023916635904,-0.1667311717516548,-1.0209339790187582e-17,6.037523364512255e-17
152.864,0.5083353793825381,0.0,0.49128081110427263,0.9845349730761261,-0.1751881468307479,-1.0727180163241597e-17,6.028538017131517e-17
152.884,0.5080286431155158,0.0,0.4922164405578155,0.9834448410274498,-0.18120773895309783,-1.109577387448202e-17,6.02186288351122e-17
152.905,0.5077005460206094,0.0,0.49319778606155357,0.9822629472661397,-0.1875086729408453,-1.1481594806468706e-17,6.014625871452617e-17
152.93,0.5073019305073938,0.0,0.49436454884038383,0.980806689872559,-0.194982658462833,-1.1939244428787501e-17,6.0057088666737e-17
152.954,0.5069110793858222,0.0,0.49548301193402944,0.9793589099548424,-0.20212898231590337,-1.2376830560404152e-17,5.996843771463193e-17
152.984,0.5064112868170765,0.0,0.496878707774512,0.9774815559810693,-0.21102087033473177,-1.2921301670435895e-17,5.985348293788954e-17
153.007,0.5060196935983737,0.0,0.4979468465777928,0.9759920717875814,-0.21780605089800548,-1.3336774153358395e-17,5.976227833539277e-17
153.02,0.5057951363523542,0.0,0.49854981646617974,0.975131164483035,-0.2216285452146452,-1.3570834424839984e-17,5.9709562966649e-17
153.036,0.5055155719989302,0.0,0.499291153030345,0.9740529160681871,-0.22632038507182972,-1.3858126758000634e-17,5.964353929315255e-17
153.064,0.505017898900867,0.0,0.5005863449288059,0.9721169808833009,-0.2344964295641535,-1.4358765093861168e-17,5.952499745177616e-17
153.095,0.5044544295028962,0.0,0.5020169728067346,0.9699020239094895,-0.24349551128568253,-1.4909799925137967e-17,5.93893704533648e-17
153.116,0.5040653087471727,0.0,0.5029840235156009,0.9683595681497867,-0.24955910476830623,-1.528108794262926e-17,5.929492227791747e-17
153.137,0.5036702226306562,0.0,0.5039493221114183,0.9667837536224692,-0.25559572322644386,-1.5650724216250865e-17,5.919843146707101e-17
153.153,0.5033652138963468,0.0,0.504683575182818,0.9655610504288052,-0.2601765898285668,-1.5931221397331406e-17,5.912356248944963e-17
153.164,0.503153523865383,0.0,0.5051877507348669,0.964709493248618,-0.2633165274645608,-1.6123487126103524e-17,5.907141965069926e-17
153.193,0.5025876600256018,0.0,0.506514437118968,0.9624223180918883,-0.27155714249239726,-1.66280792669458e-17,5.893137056396034e-17
153.213,0.5021908670680454,0.0,0.5074272159736243,0.9608098911346395,-0.27720814038884584,-1.697410309123951e-17,5.883263788835766e-17
153.244,0.501565336509591,0.0,0.5088383775726695,0.9582552742542564,-0.28591402442674946,-1.7507184742277843e-17,5.867621271907722e-17
153.267,0.501093022567929,0.0,0.5098824081307274,0.9563173274967588,-0.29233058192645,-1.7900085572455505e-17,5.855754770440284e-17
153.288,0.5006557011417583,0.0,0.5108333786442103,0.9545169063474623,-0.2981567968315831,-1.8256838344191297e-17,5.844730370452268e-17
153.309,0.5002126031883355,0.0,0.5117821180732399,0.9526874836911128,-0.30395157248860505,-1.8611666017198744e-17,5.833528387450338e-17
153.325,0.49987114304071045,0.0,0.5125034340048322,0.9512745249866544,-0.30834522553692134,-1.8880699674307973e-17,5.824876510676626e-17
153.351,0.4993091786411828,0.0,0.5136726731444803,0.9489439286439302,-0.31544479753171334,-1.9315423080244883e-17,5.810605723920518e-17
153.362,0.49906879140262045,0.0,0.5141662484027827,0.9479452617332023,-0.3184333223102927,-1.949841744545787e-17,5.804490652742331e-17
153.393,0.4983829552468965,0.0,0.5155536141728916,0.9450913295273042,-0.3268063323320287,-2.0011116441575256e-17,5.787015358037648e-17
153.42,0.4977755857077768,0.0,0.516757501457799,0.942559298527941,-0.3340388731248443,-2.045398183815647e-17,5.771511139744087e-17
153.44,0.49731969883114924,0.0,0.5176465157287669,0.9406567028629494,-0.3393596430912268,-2.0779785033572953e-17,5.759861101288069e-17
153.451,0.4970668003279801,0.0,0.5181344543835985,0.9396006936515996,-0.3422726055199758,-2.0958152539293152e-17,5.753394909785321e-17
153.472,0.49657975375492613,0.0,0.5190639297368513,0.9375661851801725,-0.34780691253438084,-2.1297031107827646e-17,5.740937138348464e-17
153.493,0.49608716578096346,0.0,0.5199906752800774,0.9355079354976451,-0.35330567872726565,-2.163373342869645e-17,5.728333993920698e-17
153.515,0.49556520930000036,0.0,0.5209585627575035,0.9333268998475475,-0.3590277120515435,-2.1984106918456016e-17,5.714979002282107e-17
153.545,0.4948437617390183,0.0,0.5222733665617725,0.9303132176069728,-0.36676602507015466,-2.245794193190814e-17,5.696525520734272e-17
153.572,0.4941849661754317,0.0,0.523451593917182,0.9275633072365946,-0.373666042166412,-2.288044612445782e-17,5.679687176069143e-17
153.585,0.49386458080776846,0.0,0.5240171305813335,0.9262270003486284,-0.3769662369830777,-2.3082524775397435e-17,5.67150465630401e-17
153.621,0.49296662146956816,0.0,0.5255771361551798,0.922486402800597,-0.38602958001688764,-2.3637494477193925e-17,5.648600102233536e-17
153.631,0.4927144034045056,0.0,0.5260088547201707,0.9214372265801967,-0.38852726734708776,-2.379043371690395e-17,5.642175750733261e-17
153.663,0.4918992288530412,0.0,0.5273855291597772,0.9180515511291569,-0.3964610314638112,-2.427623665844072e-17,5.621444467712923e-17
153.679,0.4914870521848097,0.0,0.5280710659169784,0.9163430747125854,-0.40039401772040156,-2.451706260995192e-17,5.610983066838058e-17
153.702,0.4908892254284274,0.0,0.529053192466639,0.9138696498462379,-0.4060077130916537,-2.486080231334153e-17,5.595837707610538e-17
153.726,0.490258755060007,0.0,0.5300737609552729,0.9112675613117651,-0.41181480267337206,-2.52163839967722e-17,5.579904510636337e-17
153.755,0.48948794456593836,0.0,0.5313010323760066,0.9080960274948474,-0.4187619906917022,-2.5641776575258343e-17,5.560484466949958e-17
153.764,0.4892467396438071,0.0,0.5316805732272186,0.907105936597622,-0.4209023874835484,-2.5772838079260327e-17,5.554421908709198e-17
153.805,0.4881361021850279,0.0,0.5334014280778495,0.9025626408552079,-0.43055856666947534,-2.6364108525862262e-17,5.526602245766562e-17
153.817,0.4878073968153767,0.0,0.5339025227375664,0.9012231870781892,-0.4333552435042539,-2.653535559256032e-17,5.518400456863403e-17
153.843,0.48708959575987365,0.0,0.5349841620149844,0.8983069338547445,-0.43936847018019826,-2.6903559532622455e-17,5.5005435559854296e-17
153.858,0.4866720111463369,0.0,0.5356056234572043,0.8966161112609117,-0.4428087047782151,-2.7114213147061322e-17,5.490190253598113e-17
153.888,0.48582929029571986,0.0,0.5368428353305799,0.8932173046936596,-0.4496252290472524,-2.753160487843066e-17,5.4693785656805815e-17
153.907,0.48529039851757716,0.0,0.5376224094773874,0.8910536457715494,-0.45389800655789403,-2.779323704352446e-17,5.4561299758135375e-17
153.94,0.48434499580469964,0.0,0.5389689173924743,0.8872770704170856,-0.4612368158680246,-2.8242609510084673e-17,5.433005121215623e-17
153.95,0.48405616441989274,0.0,0.5393750491610724,0.8861283209542619,-0.46343996245768515,-2.837751333103868e-17,5.425971059452276e-17
153.979,0.4832124391494749,0.0,0.5405477578032174,0.8827865869635879,-0.46977424565122733,-2.87653763129319e-17,5.4055088402758726e-17
154.006,0.4824187967032192,0.0,0.5416327178458676,0.8796627368764938,-0.47559801234966953,-2.912197917524331e-17,5.386380775224992e-17
154.027,0.48179616991176427,0.0,0.5424719250190148,0.8772256771479928,-0.4800782346162399,-2.939631366815451e-17,5.371458088245794e-17
154.059,0.4808385005350279,0.0,0.543742772006821,0.873501342234678,-0.48682173853908356,-2.980923419286192e-17,5.348653114093076e-17
154.072,0.48044640336848876,0.0,0.5442562792567073,0.871985125197718,-0.4895323701594412,-2.9975212509738847e-17,5.339368962387447e-17
154.1,0.4795959732634219,0.0,0.5453567774520578,0.8687142021357843,-0.4953136733501182,-3.0329215232107e-17,5.319340335097175e-17
154.114,0.47916775304560066,0.0,0.5459041725459184,0.8670764756854944,-0.49817505488816094,-3.0504424319192166e-17,5.3093121528210425e-17
154.136,0.4784908249389764,0.0,0.5467604770379502,0.8645004986490615,-0.5026319606188249,-3.077733108605012e-17,5.29353884265932e-17
154.162,0.47768455647466,0.0,0.5477662809107511,0.8614533506742627,-0.5078367105793808,-3.1096030105027976e-17,5.2748804425899906e-17
154.177,0.4772163443862794,0.0,0.5483434679617458,0.8596944857497535,-0.5108085660709567,-3.1278003770792323e-17,5.2641105010903273e-17
154.2,0.4764941165480825,0.0,0.5492240575742666,0.8569969943664846,-0.5153214061600893,-3.1554335529303325e-17,5.2475931301490884e-17
154.224,0.4757349875068827,0.0,0.5501371570525316,0.8541823726675326,-0.5199735322341557,-3.183919609459509e-17,5.230358542876927e-17
154.24,0.4752258117436493,0.0,0.5507425790039421,0.8523065512468321,-0.523042582111372,-3.202712120002292e-17,5.2188724493837623e-17
154.261,0.47455380395341484,0.0,0.5515331364131272,0.8498458496828355,-0.5270313385149497,-3.2271362088133915e-17,5.2038049979137356e-17
154.292,0.47355417119324117,0.0,0.5526916392615073,0.8462174806315244,-0.5328376633400042,-3.2626896943724555e-17,5.1815876451896684e-17
154.303,0.47319730133245513,0.0,0.5531002581693817,0.844931530799349,-0.5348744789771417,-3.275161593124824e-17,5.1737134734604803e-17
154.313,0.47287190031296916,0.0,0.5534706016620666,0.8437633191345425,-0.5367154379026751,-3.286434215402405e-17,5.1665602400803206e-17
154.345,0.47182444084669006,0.0,0.5546484230688127,0.8400312571789881,-0.5425380050856241,-3.3220871567195e-17,5.143707951439874e-17
154.37,0.4709996410760611,0.0,0.5555608037940326,0.8371233485587586,-0.5470141673647686,-3.349495745757592e-17,5.125902146519989e-17
154.38,0.4706681504215912,0.0,0.5559238237036082,0.835962379580149,-0.548786752688779,-3.3603497004739163e-17,5.1187932618021704e-17
154.407,0.46976869257479403,0.0,0.5568984134927534,0.8328347817321775,-0.5535216584173706,-3.3893426361978374e-17,5.0996422483344786e-17
154.433,0.4688965040778915,0.0,0.5578291652982879,0.8298337539505027,-0.5580106995429537,-3.416830085426268e-17,5.081266252999577e-17
154.449,0.468356863472589,0.0,0.558398124490854,0.8279927607742962,-0.5607387877660678,-3.43353480797741e-17,5.0699934209971096e-17
154.465,0.46781503093023985,0.0,0.5589641573323377,0.8261565373460742,-0.563440658632606,-3.450078995519487e-17,5.058749795277653e-17
154.491,0.4669299309077307,0.0,0.5598776715249767,0.8231836017462489,-0.5677752705217735,-3.476620838397562e-17,5.0405458149456667e-17
154.501,0.46658799974370935,0.0,0.5602269357523368,0.8220439892983306,-0.5694239893598497,-3.4867163296362824e-17,5.033567701262608e-17
154.539,0.46528113441355534,0.0,0.5615434635468487,0.8177344268635226,-0.5755956976230678,-3.524507143485389e-17,5.007179242055042e-17
154.549,0.46493526538883906,0.0,0.5618870882113691,0.816606173897842,-0.5771952501120635,-3.534301577663973e-17,5.000270685139795e-17
154.567,0.46431067463579256,0.0,0.5625026168329895,0.8145818392929665,-0.5800486420069335,-3.5517735639178e-17,4.987875210668475e-17
154.593,0.46340394131924934,0.0,0.5633848692213996,0.8116733128185533,-0.5841116616351321,-3.5766523838305315e-17,4.970065622482848e-17
154.627,0.4622102432814216,0.0,0.5645262649843674,0.8078993344291817,-0.5893205116308825,-3.608547391203204e-17,4.9469566697098724e-17
154.648,0.46146852847379416,0.0,0.5652242040018252,0.8055860965666624,-0.5924787262159614,-3.627885878116391e-17,4.9327921729898685e-17
154.67,0.4606879289420992,0.0,0.5659495607350838,0.8031780570823221,-0.5957390440633098,-3.6478495671961817e-17,4.91804718375628e-17
154.686,0.46011796068210753,0.0,0.5664733292480517,0.8014370205000947,-0.5980791771763425,-3.662178749828453e-17,4.9073864093681634e-17
154.707,0.4593670305293509,0.0,0.5671559343272286,0.7991655318739517,-0.6011110152581002,-3.680743403840241e-17,4.893477552991635e-17
154.734,0.45839687470476587,0.0,0.5680254387106535,0.7962686699172548,-0.6049431422110726,-3.7042084138746606e-17,4.8757393893774316e-17
154.752,0.45774723082486324,0.0,0.5685999908882088,0.794352769574043,-0.6074567288869613,-3.7195996932596934e-17,4.8640078832634337e-17
154.781,0.4566958385421229,0.0,0.5695169805927505,0.7912929307222238,-0.6114372394522875,-3.743973290873688e-17,4.845271773984499e-17
154.797,0.45611329537909845,0.0,0.5700182924186687,0.7896194261219632,-0.6135969050531639,-3.757197428700398e-17,4.835024513724161e-17
154.807,0.45574832894376877,0.0,0.5703299370843419,0.7885789370251575,-0.6149335411898368,-3.7653819645324034e-17,4.8286533555144065e-17
154.834,0.45475959861136767,0.0,0.5711649071630027,0.7857911088906496,-0.6184919831237938,-3.7871711371542647e-17,4.811582831506917e-17
154.861,0.4537661075068449,0.0,0.5719903749034775,0.7830356016121532,-0.6219768859112798,-3.8085100123744365e-17,4.794710215663728e-17
154.877,0.45317517013398895,0.0,0.5724750269725725,0.7814184466481565,-0.6240073807560149,-3.820943207435887e-17,4.784807997411808e-17
154.908,0.4520256663628779,0.0,0.5734044146370237,0.7783196122341296,-0.6278682833299626,-3.844584417330911e-17,4.7658331091806794e-17
154.925,0.45139278690493945,0.0,0.5739086562375909,0.7766400324253532,-0.6299446483893218,-3.857298486449939e-17,4.755548648997027e-17
154.935,0.4510196902591801,0.0,0.5742034653090072,0.7756587416711044,-0.6311525302723573,-3.864694629858976e-17,4.749539976090908e-17
154.947,0.4505711874885838,0.0,0.574555466532142,0.7744878402804675,-0.6325887963422188,-3.8734892230848754e-17,4.742370272890105e-17
154.983,0.4492206241655778,0.0,0.5755998281851693,0.7710195991422175,-0.6368114145793669,-3.899345302625599e-17,4.72113342084696e-17
155.004,0.448429372454321,0.0,0.5762009267989022,0.7690280329015592,-0.6392150534926087,-3.914063346132637e-17,4.7089385947374e-17
155.03,0.4474463297905345,0.0,0.5769368045088543,0.7665954541897946,-0.6421303680838827,-3.931914499546193e-17,4.694043346072217e-17
155.051,0.44664965396240924,0.0,0.5775243938041426,0.7646580786133328,-0.6444362053852702,-3.9460336808986874e-17,4.682180342079916e-17
155.074,0.445774424865607,0.0,0.5781609598423229,0.7625649164660383,-0.6469117004469342,-3.961191716416547e-17,4.669363420461013e-17
155.102,0.4447052474123423,0.0,0.5789259989023172,0.7600581532256951,-0.6498550636219939,-3.979214617871872e-17,4.65401392256848e-17
155.123,0.44390078381250425,0.0,0.5794925969603908,0.7582085754893606,-0.6520120827518417,-3.9924225507372107e-17,4.642688525295599e-17
155.14,0.44324797299731206,0.0,0.5799467408374925,0.7567308033654315,-0.6537266181194619,-4.002921051987115e-17,4.633639780788404e-17
155.16,0.44247819431064034,0.0,0.5804758155382506,0.7550149481461774,-0.6557075781747722,-4.015050933941988e-17,4.623133197778105e-17
155.186,0.4414747019856177,0.0,0.5811551502200278,0.7528216407255733,-0.6582245644574926,-4.0304630299151445e-17,4.6097030632171607e-17
155.209,0.4405844543849204,0.0,0.5817480869690073,0.750917183659178,-0.6603963834587288,-4.0437615858561014e-17,4.598041626964788e-17
155.227,0.43988612272253014,0.0,0.5822068527694225,0.7494505562033372,-0.6620603173476782,-4.053950242411575e-17,4.589061123868102e-17
155.254,0.43883604667648046,0.0,0.5828862825944537,0.7472904636557849,-0.6644975266538785,-4.0688738452900266e-17,4.575834371746992e-17
155.276,0.4379782134445577,0.0,0.583432122049414,0.7455662894893675,-0.6664314728290198,-4.080715850255577e-17,4.5652768498766143e-17
155.299,0.43707933509021873,0.0,0.5839952775894617,0.7437987642995899,-0.6684036192499283,-4.092791764264654e-17,4.554453879546247e-17
155.323,0.4361392161359515,0.0,0.5845747143976348,0.7419931200646521,-0.6704074953166341,-4.1050619663195506e-17,4.54339749738267e-17
155.346,0.43523627611747095,0.0,0.5851221122371801,0.7403003616293756,-0.672276263578758,-4.1165048716723416e-17,4.533032341385214e-17
155.368,0.43437083850601144,0.0,0.5856384491567886,0.7387161537165953,-0.6740166498226581,-4.127161663886703e-17,4.523331865637363e-17
155.386,0.43366152220975407,0.0,0.5860556064228818,0.7374457092122888,-0.6754064154006715,-4.1356715237201e-17,4.5155526366588965e-17
155.416,0.43247696897140075,0.0,0.5867402257616536,0.7353804152220521,-0.6776545173669561,-4.149437178105937e-17,4.5029063582866885e-17
155.431,0.43188362975377903,0.0,0.5870775291301699,0.7343724692198622,-0.6787466953524876,-4.1561248394763375e-17,4.496734469060212e-17
155.456,0.43089322842794214,0.0,0.5876322564786635,0.7327295909482248,-0.6805199090025561,-4.166982641580142e-17,4.4866747409764644e-17
155.462,0.4306552613905134,0.0,0.5877640029047528,0.7323422403568938,-0.6809367393444458,-4.169534991300055e-17,4.4843029026673576e-17
155.499,0.4291855934795357,0.0,0.5885645235658502,0.7300135876589072,-0.683432631525135,-4.1848179231505455e-17,4.4700440173027825e-17
155.522,0.42827019779283404,0.0,0.5890517747698223,0.7286186246830844,-0.6849196301500861,-4.1939231636824595e-17,4.4615023325864294e-17
155.544,0.4273933812703549,0.0,0.5895103720576916,0.7273224875883995,-0.6862958538766081,-4.2023501035904384e-17,4.4535657818651196e-17
155.567,0.426475506175343,0.0,0.589981980910766,0.7260077274776432,-0.6876865417054111,-4.210865610581223e-17,4.445515198058698e-17
155.589,0.42559645654886746,0.0,0.5904255687419295,0.7247890197934009,-0.6889708823941119,-4.218729929148383e-17,4.4380527657356806e-17
155.605,0.4249565216932324,0.0,0.590743549396525,0.7239267592416848,-0.6898768348436057,-4.224277287985645e-17,4.43277294261223e-17
155.626,0.42411585488857867,0.0,0.5911549685352504,0.7228260321759391,-0.6910300479782252,-4.231338681855877e-17,4.4260329332232275e-17
155.648,0.42323429862617784,0.0,0.591578740649789,0.7217108869023392,-0.6921946227230019,-4.2384696455236706e-17,4.4192046377737354e-17
155.681,0.42191046282551736,0.0,0.5922004678848782,0.7201117065690115,-0.6938581483720329,-4.248655802330597e-17,4.40941248239139e-17
155.699,0.4211876813636631,0.0,0.5925325253932875,0.7192769172899692,-0.6947234818644312,-4.2539544417889e-17,4.404300872298682e-17
155.727,0.42006249442108473,0.0,0.5930391148542213,0.7180313884517427,-0.6960107220424571,-4.261836514607666e-17,4.396674207773783e-17
155.748,0.4192179894417909,0.0,0.5934110926813883,0.7171398884314756,-0.6969292506563997,-4.267460880242616e-17,4.391215344542483e-17
155.764,0.4185742438953128,0.0,0.5936899118244887,0.716485334801503,-0.6976021538200539,-4.271581223770142e-17,4.387207359503402e-17
155.8,0.41712497017419436,0.0,0.594302696478213,0.7150911485118502,-0.6990312219922676,-4.280331742584467e-17,4.37867043061821e-17
155.825,0.41611796470512,0.0,0.5947163517565105,0.7141873707553231,-0.699954569564053,-4.285985615825904e-17,4.373136387934852e-17
155.843,0.4153926984649092,0.0,0.595008134179905,0.7135695420921588,-0.7005844050493749,-4.289842245881349e-17,4.369353278461024e-17
155.858,0.41478819815588913,0.0,0.5952474106955654,0.7130758096024122,-0.7010869345237183,-4.292919351442508e-17,4.366330038895008e-17
155.884,0.4137402235608925,0.0,0.595653796464057,0.7122656853522689,-0.7019099610845131,-4.297958935658961e-17,4.3613694585457596e-17
155.926,0.41204712668897703,0.0,0.596287816531576,0.7110800579266652,-0.7031110518396155,-4.305313495402569e-17,4.354109584387025e-17
155.945,0.4112812218245909,0.0,0.5965655044109935,0.7105938894584464,-0.7036023907465901,-4.3083220785011845e-17,4.3511326610947725e-17
155.979,0.40991086820285355,0.0,0.597048190536974,0.7098023303904142,-0.7044009169303638,-4.313211641176153e-17,4.346285759699764e-17
155.997,0.40918556822385727,0.0,0.5972963274759224,0.7094241454745628,-0.7047817973087035,-4.315543860857112e-17,4.343970044966348e-17
156.019,0.4082993303197226,0.0,0.5975926350708394,0.7090004740946065,-0.7052080031690104,-4.318153619070126e-17,4.341375805969579e-17
156.034,0.4076952609954871,0.0,0.5977902616915215,0.7087359758931457,-0.7054738240890234,-4.319781302764327e-17,4.339756221590583e-17
156.062,0.40656814705881444,0.0,0.5981496048979874,0.7082952333918953,-0.7059163281539255,-4.322490858697787e-17,4.33705745212356e-17
156.099,0.4050799147475661,0.0,0.5986053285208526,0.7078189297600606,-0.7063939146632865,-4.3254152326478117e-17,4.334140933532817e-17
156.11,0.404637766589982,0.0,0.5987366104316834,0.7077006684357403,-0.7065123947218522,-4.3261407137702384e-17,4.3334167917713585e-17
156.126,0.40399491636758605,0.0,0.5989241233857501,0.7075477781183914,-0.7066655090491736,-4.327078268624527e-17,4.332480608582549e-17
156.153,0.40291091089021386,0.0,0.5992312926851451,0.7073412289103722,-0.7068722557036486,-4.3283442267677136e-17,4.331215859450213e-17
156.17,0.402228954988376,0.0,0.599418725747164,0.707244359928578,-0.7069691756711999,-4.328937690407889e-17,4.3306227080077584e-17
156.192,0.40134713356294716,0.0,0.5996544330791214,0.7071570895264819,-0.7070564692670842,-4.329472209521818e-17,4.330088330914822e-17
156.218,0.4003060998813543,0.0,0.5999230212670925,0.7071093819766513,-0.7071041803868778,-4.329764355872513e-17,4.3297962064238455e-17
156.234,0.3996661121463931,0.0,0.600082931866241,0.7071098780902607,-0.7071036842692708,-4.329761318028316e-17,4.329799244243565e-17
156.244,0.39926638509399737,0.0,0.6001807956720409,0.7071217394429757,-0.7070918226136831,-4.3296886863355756e-17,4.329871874081745e-17
156.282,0.39774940783425156,0.0,0.6005380770549748,0.7072478317690563,-0.7069657024622684,-4.328916423136885e-17,4.330643966899403e-17
156.299,0.397071842705739,0.0,0.6006904257713697,0.7073457538139596,-0.7068677277690368,-4.328316501164568e-17,4.3312435664936867e-17
156.322,0.39615627863047553,0.0,0.6008891741414666,0.7075190480637528,-0.7066942738037157,-4.3272544019474185e-17,4.332304687735286e-17
156.337,0.3955599123598006,0.0,0.6010142251880637,0.7076573304030922,-0.7065558029814551,-4.3264065127011346e-17,4.3331514228565394e-17
156.369,0.3942897308637502,0.0,0.6012689468290724,0.7080189063506517,-0.7061934779152432,-4.324187911538198e-17,4.335365436990676e-17
156.402,0.3929829859812867,0.0,0.601514435464756,0.7084865487967493,-0.7057243159861161,-4.3213151232642617e-17,4.3382289211144706e-17
156.417,0.3923901227926471,0.0,0.6016202500956722,0.7087308523054986,-0.7054789713310536,-4.319812820531711e-17,4.339724848664522e-17
156.433,0.39175853496574964,0.0,0.6017291436954828,0.7090132618966823,-0.7051951463634918,-4.318074893841497e-17,4.34145410867398e-17
156.449,0.3911277980282382,0.0,0.601833934162862,0.7093181563599962,-0.7048884685239616,-4.316197033668747e-17,4.3433210488168556e-17
156.475,0.39010473240996635,0.0,0.6019954691213483,0.7098614563002867,-0.7043413326358435,-4.312846792598335e-17,4.346647801481124e-17
156.495,0.389319404733008,0.0,0.6021123573344024,0.710319582024819,-0.7038793159285804,-4.310017756189823e-17,4.3494530124919024e-17
156.518,0.38841811938612386,0.0,0.6022388595961512,0.7108895044330121,-0.7033037128346376,-4.306493203756941e-17,4.352942780756682e-17
156.548,0.3872456128986524,0.0,0.6023911372744395,0.7117018760974586,-0.7024816293394139,-4.301459394151653e-17,4.3579171225495945e-17
156.57,0.3863880835633849,0.0,0.6024936572834779,0.7123470477510798,-0.7018273887219855,-4.2974533257616235e-17,4.3618676595521334e-17
156.589,0.3856491204168269,0.0,0.6025759705564434,0.7129377572204427,-0.7012273200107688,-4.293778964629324e-17,4.3654847118565396e-17
156.624,0.38429197906948737,0.0,0.6027125053031984,0.7141068153777199,-0.7000367534859088,-4.286488847210115e-17,4.372643128508173e-17
156.634,0.3839052323726618,0.0,0.6027479239110944,0.7144600097252227,-0.6996762783626688,-4.284281573680874e-17,4.3748058201439044e-17
156.67,0.38251679410284456,0.0,0.6028622289275993,0.715801654960436,-0.698303652257312,-4.2758766628491177e-17,4.383021027858381e-17
156.693,0.38163298891567804,0.0,0.6029244497088504,0.716715979460455,-0.6973651875352258,-4.27013022375904e-17,4.388619650720032e-17
156.723,0.3804841582151358,0.0,0.6029929620527666,0.7179750456261864,-0.6960688427577228,-4.262192401347238e-17,4.39632920746892e-17
156.747,0.37956842417259073,0.0,0.6030374786981147,0.719036096739165,-0.6949727272246775,-4.2554806294520394e-17,4.4028262717151254e-17
156.768,0.3787696589587668,0.0,0.6030689358115815,0.7200034606987925,-0.6939704724134611,-4.249343588719608e-17,4.408749667598967e-17
156.791,0.37789757159942444,0.0,0.6030953734305342,0.7211043714905744,-0.692826446822856,-4.2423384523312224e-17,4.415490801985479e-17
156.816,0.37695299783570657,0.0,0.6031146194889817,0.7223497627239573,-0.6915278882970972,-4.2343870746208423e-17,4.4231166239237225e-17
156.826,0.37657616554850165,0.0,0.6031195534432057,0.7228620458745348,-0.6909923752358501,-4.231108002839053e-17,4.4262534535267813e-17
156.862,0.37522440848737976,0.0,0.6031242577260804,0.7247725514339195,-0.6889882064941072,-4.21883600866642e-17,4.4379519261170496e-17
156.877,0.374663459736085,0.0,0.6031201947610023,0.7255989895789138,-0.6881177997422094,-4.213506304453081e-17,4.443012400261852e-17
156.905,0.3736200463952974,0.0,0.603103150566656,0.7271890309256942,-0.6864372610088628,-4.2032159725499006e-17,4.452748595491085e-17
156.919,0.3731001764999065,0.0,0.6030900156574581,0.7280070045459605,-0.6855696910832756,-4.197903638887866e-17,4.457757239370316e-17
156.941,0.37228576370566274,0.0,0.6030631731894057,0.7293230359320956,-0.684169503309517,-4.1893299615111725e-17,4.465815607493355e-17
156.957,0.37169543444182807,0.0,0.6030388976383416,0.7303035001592014,-0.6831228276490394,-4.182920921524426e-17,4.471819219380373e-17
156.983,0.37073976008502335,0.0,0.6029909285594433,0.7319382974619661,-0.6813709185960891,-4.1721935724539615e-17,4.481829465800801e-17
157.01,0.36975216029488234,0.0,0.6029299723546173,0.7336898350820624,-0.6794845295496109,-4.1606427709153806e-17,4.492554540500986e-17
157.033,0.3689148421023399,0.0,0.6028691149883857,0.7352246473141817,-0.6778235153649784,-4.150471992392638e-17,4.501952554937771e-17
157.048,0.3683707701747158,0.0,0.6028250082652913,0.736246577968123,-0.6767133635670487,-4.1436742731631264e-17,4.50821007545927e-17
157.069,0.3676117735372713,0.0,0.6027574126261116,0.7377048061368146,-0.6751234102019015,-4.133938616666021e-17,4.5171391477553435e-17
157.104,0.36635392830064856,0.0,0.6026296360163284,0.7402056428092596,-0.672380551736389,-4.1171434524645e-17,4.5324523558858443e-17
157.116,0.36592476236613464,0.0,0.6025814880941168,0.7410830913739475,-0.6714133240259933,-4.111220890866587e-17,4.5378251787666514e-17
157.145,0.36489211793589116,0.0,0.6024560111549264,0.7432451773775004,-0.6690191374729785,-4.096560726373031e-17,4.551064137285313e-17
157.177,0.3637601870593492,0.0,0.6023026270415998,0.7456981971065644,-0.6662838725588511,-4.0798120592635e-17,4.566084551082531e-17
157.201,0.36291654161050435,0.0,0.6021773484810082,0.7475834558870978,-0.664167882755485,-4.0668553585648964e-17,4.577628431738255e-17
157.212,0.3625314149757634,0.0,0.602117004271346,0.748460374761764,-0.6631795137151628,-4.060803343656862e-17,4.5829980112031136e-17
157.233,0.36179890514893764,0.0,0.601996709338597,0.7501566243013981,-0.6612601901042668,-4.0490508760738037e-17,4.5933845440494536e-17
157.25,0.3612085779230163,0.0,0.6018944434606486,0.7515508117256711,-0.6596752059873744,-4.039345647446545e-17,4.6019214798821906e-17
157.274,0.3603792808000271,0.0,0.6017426500484702,0.7535506393814487,-0.6573898644547311,-4.025351966481994e-17,4.6141668925696633e-17
157.299,0.35952061908641275,0.0,0.6015753265586841,0.7556724451428735,-0.6549497352101082,-4.010410484137328e-17,4.627159205740369e-17
157.322,0.3587354033293097,0.0,0.6014131225792889,0.7576586977238423,-0.6526509769880157,-3.996334649643831e-17,4.639321495068278e-17
157.342,0.35805636532342167,0.0,0.6012656586501832,0.7594120263330784,-0.6506100016605093,-3.9838372801339844e-17,4.65005753641405e-17
157.353,0.3576844021223995,0.0,0.601182016269869,0.7603865725793079,-0.6494707539536272,-3.976861399845639e-17,4.65602491111938e-17
157.386,0.35657502028305765,0.0,0.6009203225647617,0.7633529177504075,-0.6459816738592046,-3.9554969459976216e-17,4.6741885367141463e-17
157.396,0.3562407930687624,0.0,0.600837842427767,0.7642642567414047,-0.6449032065880183,-3.9488932385394044e-17,4.679768878605462e-17
157.43,0.3551113095787267,0.0,0.6005463977117488,0.7674050993326157,-0.6411625484370546,-3.9259883133829934e-17,4.699000992735222e-17
157.451,0.35441907616173557,0.0,0.600357917468526,0.7693770102622864,-0.6387949718648899,-3.911491088028805e-17,4.711075464776347e-17
157.468,0.3538617538549209,0.0,0.6002006208246972,0.7709907828461685,-0.636846302310261,-3.8995589283654435e-17,4.7209569719233617e-17
157.501,0.35278780941797483,0.0,0.599883282954291,0.7741669228903876,-0.6329814969668772,-3.8758938208999315e-17,4.740405220617345e-17
157.511,0.35246445848608876,0.0,0.599784004983533,0.7751404901123102,-0.631788905084956,-3.868591301745511e-17,4.7463666005277565e-17
157.539,0.35156430842115893,0.0,0.5994983534815675,0.7778932276940176,-0.6283964722273537,-3.847818641543587e-17,4.763222256869409e-17
157.561,0.35086251716906464,0.0,0.5992660109987544,0.7800831107281603,-0.6256759068053339,-3.831159982863849e-17,4.776631423110759e-17
157.582,0.35019717341246737,0.0,0.5990377730897274,0.7821950065958488,-0.6230336842069777,-3.8149810356252905e-17,4.7895630556832456e-17
157.599,0.34966185015161927,0.0,0.5988484088579344,0.7839196718433592,-0.6208622617755085,-3.801684907973813e-17,4.8001235845580667e-17
157.609,0.34934834009417637,0.0,0.598735101777417,0.7849403353221551,-0.6195713598806377,-3.793780413605979e-17,4.806373345869637e-17
157.65,0.348073808901268,0.0,0.5982557722737483,0.7891712791285906,-0.614173177693836,-3.760726080924574e-17,4.832280404819255e-17
157.671,0.34742784529217735,0.0,0.5980011122643922,0.7913661689374654,-0.6113424463107718,-3.743392850286997e-17,4.8457202287138526e-17
157.692,0.34678658293438536,0.0,0.5977402916023733,0.7935791454644076,-0.6084670409183892,-3.7257860702368344e-17,4.859270801815393e-17
157.713,0.3461500702653736,0.0,0.5974733393364353,0.7958096241877264,-0.6055468950049944,-3.7079053335074233e-17,4.8729285449607857e-17
157.73,0.3456383099364696,0.0,0.5972527643722292,0.7976276639180436,-0.6031501552288985,-3.693229535031499e-17,4.884060827643065e-17
157.751,0.34501051412824224,0.0,0.5969747920149473,0.7998883076148134,-0.6001488943096618,-3.6748521121407526e-17,4.897903277979374e-17
157.772,0.3443876025295532,0.0,0.5966907719026172,0.8021647786477567,-0.5971027280937472,-3.6561997236107995e-17,4.911842642798602e-17
157.798,0.3436232163833211,0.0,0.5963307947118281,0.8050042863727394,-0.5932689937300926,-3.632724871024645e-17,4.929229613031373e-17
157.82,0.34298239857625845,0.0,0.5960190381745901,0.8074243062803749,-0.5899711769465145,-3.6125315671837285e-17,4.944047961200166e-17
157.841,0.34237586657976293,0.0,0.5957153647476532,0.8097484747488427,-0.5867771362637801,-3.592973708691443e-17,4.958279388578108e-17
157.862,0.3417744194059452,0.0,0.5954057777276256,0.8120858282051548,-0.5835380087263792,-3.5731397728379027e-17,4.972591550721851e-17
157.885,0.34112158026789363,0.0,0.5950599593558454,0.8146601682176647,-0.5799386263386551,-3.551099912237734e-17,4.988354837003037e-17
157.905,0.3405589435349381,0.0,0.5947535466978595,0.8169103161100555,-0.576764714101833,-3.5316653049297406e-17,5.0021330190731595e-17
157.916,0.34025151054291913,0.0,0.5945827701948179,0.8181522813087195,-0.5750016039884914,-3.5208693691455e-17,5.009737862599141e-17
157.951,0.33928292484443,0.0,0.5940288335944499,0.8221234522025814,-0.569309256326041,-3.4860137924232306e-17,5.034054271219317e-17
157.974,0.33865446241147873,0.0,0.5936561273221942,0.8247481281159637,-0.5655002432972192,-3.4626903143549446e-17,5.0501257759999306e-17
157.996,0.3380593519040776,0.0,0.5932932250141533,0.8272689221825379,-0.5618061323899394,-3.440070408863467e-17,5.065561187924629e-17
158.012,0.33763027531082657,0.0,0.593025388410626,0.8291080717083367,-0.5590883699631781,-3.4234289135795866e-17,5.0768227308242436e-17
158.036,0.3369925982507654,0.0,0.5926175012659854,0.8318753128737335,-0.554962578766558,-3.398165728665131e-17,5.093767196002604e-17
158.062,0.33630988901507386,0.0,0.5921673744685096,0.8348836584636976,-0.5504264499733564,-3.3703899506295585e-17,5.112187999989997e-17
158.083,0.33576467962334977,0.0,0.59179759300726,0.8373206007088873,-0.5467121835376529,-3.3476466281212347e-17,5.127109967591389e-17
158.099,0.3353530350389322,0.0,0.5915121499442134,0.8391811381297838,-0.5438520179306139,-3.330133164842776e-17,5.138502473577363e-17
158.126,0.3346658014468941,0.0,0.5910232483212761,0.8423273766482263,-0.5389662239407188,-3.300216304987684e-17,5.1577676282321866e-17
158.148,0.33411277245390925,0.0,0.5906182303821002,0.8448962281330071,-0.5349302418882462,-3.275503042477801e-17,5.1734973069737954e-17
158.175,0.3334426461468587,0.0,0.5901130650829426,0.848054110341512,-0.5299096394036124,-3.24476071866481e-17,5.192833758667445e-17
158.191,0.3330500348852396,0.0,0.5898095273261411,0.8499275976546257,-0.5268994958671309,-3.22632890543018e-17,5.204305559873684e-17
158.213,0.3325157029071776,0.0,0.58938712058035,0.8525055779532257,-0.5227181262962254,-3.2007254011248714e-17,5.220091136478411e-17
158.223,0.33227494439305316,0.0,0.5891931981280463,0.8536779360041326,-0.5208012879973745,-3.188988151689017e-17,5.2272697591509e-17
158.247,0.33170256196285536,0.0,0.588722921868673,0.8564924222196555,-0.5161595980705069,-3.1605659981311536e-17,5.2445035168263225e-17
158.284,0.33083529429749964,0.0,0.587984577197392,0.8608316943511863,-0.5088897660598667,-3.1160511156203056e-17,5.2710738954588654e-17
158.301,0.3304430346070111,0.0,0.5876399649808943,0.8628246221599364,-0.5055033841573793,-3.095315506832447e-17,5.2832770587684525e-17
158.324,0.3299186078616718,0.0,0.5871683916398509,0.8655192471687067,-0.50087566598959,-3.066978905624751e-17,5.299776878227917e-17
158.356,0.32920106702732777,0.0,0.5865021793876221,0.8692634533507593,-0.494349116180774,-3.0270153139605396e-17,5.3227035288089095e-17
158.368,0.32893564221615745,0.0,0.5862493427929921,0.8706656304115488,-0.49187535008379957,-3.0118678652980445e-17,5.331289387055578e-17
158.389,0.3284759737046957,0.0,0.5858029655371816,0.8731163735957971,-0.4875118441216833,-2.9851490972502144e-17,5.346295861036188e-17
158.4,0.3282376560421833,0.0,0.5855671728072982,0.874398341486405,-0.48520875961365767,-2.9710467718956173e-17,5.354145650405401e-17
158.426,0.32768112267501665,0.0,0.5850044860606095,0.8774229414904732,-0.4797176062499745,-2.937423154943308e-17,5.3726659839738165e-17
158.436,0.32746961329770996,0.0,0.5847860756590934,0.8785839732689029,-0.4775878996740053,-2.924382463236389e-17,5.3797752532296284e-17
158.469,0.32678171527,0.0,0.5840575426514971,0.8824051600479206,-0.47049031182459394,-2.880922272029145e-17,5.403173274018969e-17
158.501,0.32612954225076196,0.0,0.5833398044751242,0.8860935886180402,-0.4635063669573519,-2.838157943393698e-17,5.4257583852303725e-17
158.512,0.3259087642014529,0.0,0.5830905443389008,0.8873571705082501,-0.46108269534606505,-2.823317234988964e-17,5.4334955928169034e-17
158.538,0.32539389466513335,0.0,0.5824962749020306,0.8903341976593857,-0.4553076064357129,-2.787955014244693e-17,5.451724626674968e-17
158.56,0.3249659246974884,0.0,0.581987872376093,0.8928418683119225,-0.45037029008281143,-2.7577226709048998e-17,5.4670796808646926e-17
158.577,0.3246400742713257,0.0,0.5815915598496864,0.8947719398087008,-0.44652343245452936,-2.7341674614986437e-17,5.478897960267968e-17
158.603,0.3241499430469216,0.0,0.5809796651578605,0.8977099535903967,-0.44058692584406967,-2.697816842405561e-17,5.496888106135992e-17
158.622,0.3237980943209097,0.0,0.5805281416680328,0.8998456944295866,-0.4362083518417947,-2.6710058092219815e-17,5.5099657470486025e-17
158.642,0.3234335263105707,0.0,0.5800489085287476,0.9020829232683129,-0.43156274114860194,-2.6425596478944654e-17,5.5236648227301336e-17
158.668,0.32296852474033066,0.0,0.5794199195458035,0.9049736013704587,-0.4254677200711966,-2.605238407628565e-17,5.541365121155925e-17
158.684,0.3226874150748436,0.0,0.5790295203224818,0.9067420025631008,-0.4216858318557285,-2.5820810211395345e-17,5.552193455456812e-17
158.71,0.3222388520123016,0.0,0.5783897732481234,0.9095977022272403,-0.41549009627538014,-2.5441430824053496e-17,5.569679572721887e-17
158.737,0.32178388942889485,0.0,0.5777184940821423,0.9125384852241861,-0.40899084706720257,-2.5043466587070713e-17,5.587686675142869e-17
158.76,0.32140509814136664,0.0,0.5771411706371492,0.915022625815697,-0.4034025213671165,-2.470128032801055e-17,5.602897649262998e-17
158.793,0.3208757891913758,0.0,0.5763041394905493,0.9185512450034264,-0.3953019229685777,-2.4205261733013113e-17,5.624504210231312e-17
158.804,0.32070308223937644,0.0,0.5760228787607302,0.9197177363531619,-0.392580291707844,-2.4038609882417267e-17,5.631646909719745e-17
158.826,0.3203632872099556,0.0,0.5754570227628946,0.9220355651528781,-0.3871051751051807,-2.370335568129676e-17,5.645839517822465e-17
158.848,0.32003101115692845,0.0,0.5748867665150839,0.924332546959451,-0.3815879225440111,-2.3365521396840566e-17,5.659904474908061e-17
158.869,0.3197208821486091,0.0,0.5743383769687902,0.9265049699773585,-0.37628252764014153,-2.3040659652478738e-17,5.673206729384434e-17
158.88,0.3195611887097679,0.0,0.5740495615021746,0.9276348245596937,-0.3734884633614621,-2.2869572558703903e-17,5.680125093373227e-17
158.891,0.31940339448503374,0.0,0.5737596799995219,0.9287590000205985,-0.3706841241282634,-2.2697856305420898e-17,5.687008682772613e-17
158.928,0.31888662057753786,0.0,0.5727768924066314,0.9324974073140172,-0.3611766677854978,-2.211569250651084e-17,5.709899825401584e-17
158.955,0.3185231870345445,0.0,0.5720523145962632,0.9351821725861593,-0.3541670567359857,-2.1686477619758198e-17,5.726339271386538e-17
158.976,0.31824853142737664,0.0,0.5714845083739546,0.9372440979485569,-0.34867391766605643,-2.135011986079519e-17,5.738964922862243e-17
159.002,0.3179182391045845,0.0,0.5707764437542889,0.9397641329571604,-0.34182360130230405,-2.0930658960394384e-17,5.75439568689737e-17
159.015,0.3177571547807373,0.0,0.5704203366686372,0.9410101879019789,-0.33837822959623515,-2.0719690788808878e-17,5.76202557289604e-17
159.037,0.31749073990734666,0.0,0.5698145851452607,0.9430971653199861,-0.33251727288278843,-2.0360810694855693e-17,5.774804623970315e-17
159.052,0.3173135664739781,0.0,0.5693993570910962,0.9445041337348078,-0.328499530224718,-2.0114794910555507e-17,5.78341982079888e-17
159.074,0.3170602928691386,0.0,0.5687871498927313,0.9465437364437163,-0.32257550278836816,-1.9752052848656158e-17,5.795908785443864e-17
159.106,0.31670591409363813,0.0,0.5678899694077709,0.9494582942490796,-0.31389321031463596,-1.9220415764295293e-17,5.813755304880205e-17
159.129,0.316461506558126,0.0,0.5672403073162907,0.9515139229852065,-0.30760567999518884,-1.8835415570282652e-17,5.826342400639871e-17
159.163,0.31611605930835934,0.0,0.566272721547038,0.9544907938130941,-0.2982403804417664,-1.8261956364224904e-17,5.84457047729411e-17
159.176,0.3159889902358046,0.0,0.5659005269317171,0.9556090557576313,-0.29463762922275943,-1.804135147680085e-17,5.851417856849039e-17
159.192,0.3158364159079895,0.0,0.5654407708591261,0.956969927041445,-0.29018710987618224,-1.7768835763184392e-17,5.859750790157908e-17
159.219,0.3155885245941179,0.0,0.5646608135560967,0.9592270831395798,-0.28263652094436365,-1.730649553483294e-17,5.873571885111692e-17
159.24,0.3154040589078391,0.0,0.5640506643589518,0.9609478767172585,-0.27672943145352774,-1.6944790622971482e-17,5.88410870684618e-17
159.261,0.3152269107298846,0.0,0.5634374960674599,0.9626376513581542,-0.27079282152165135,-1.658127810542854e-17,5.894455592372446e-17
159.283,0.3150491959081456,0.0,0.5627919482218433,0.964374042100903,-0.26454244824217865,-1.6198553123919423e-17,5.905087919198329e-17
159.299,0.3149250180604783,0.0,0.5623204483357709,0.9656147787389651,-0.25997711260974404,-1.5919006940454703e-17,5.912685239960266e-17
159.328,0.3147108544480174,0.0,0.5614616224322906,0.9678153859476583,-0.2516612380224362,-1.5409806480681832e-17,5.9261600728318e-17
159.339,0.3146333057344383,0.0,0.5611344573520277,0.9686336145045557,-0.24849330142247253,-1.521582630982947e-17,5.931170277747677e-17
159.373,0.31440646051554455,0.0,0.5601184475983229,0.9711043565661762,-0.23865525064031784,-1.4613419439818728e-17,5.946299209534088e-17
159.396,0.314264043969962,0.0,0.5594271432587771,0.9727249875087928,-0.23196141635198494,-1.4203540303057244e-17,5.956222712016461e-17
159.438,0.3140270397164826,0.0,0.5581566846703905,0.9755764305397933,-0.2196602562486806,-1.3450311485741704e-17,5.97368276492079e-17
159.454,0.31394461166824,0.0,0.5576700276323172,0.976625377346573,-0.2149485341254135,-1.3161801714905164e-17,5.980105711667783e-17
159.475,0.3138430212530554,0.0,0.5570291119269618,0.9779703868182763,-0.20874367656652745,-1.2781863767472411e-17,5.988341519389505e-17
159.493,0.31376191306667484,0.0,0.5564778251131378,0.9790942836758757,-0.20340694106451712,-1.245508296495076e-17,5.995223402835659e-17
159.514,0.3136742629123962,0.0,0.5558324528669308,0.9803713295298464,-0.19715997625248696,-1.2072566691878817e-17,6.003043053422808e-17
159.536,0.31359051019661066,0.0,0.5551538589446496,0.9816692979021657,-0.19059220749093886,-1.1670406842310323e-17,6.010990817485585e-17
159.557,0.3135182817548929,0.0,0.5545037903705968,0.9828697788344233,-0.1843013777864178,-1.1285204619229184e-17,6.018341643141217e-17
159.579,0.3134507119082658,0.0,0.5538203962944003,0.9840866777680716,-0.17768908418752047,-1.0880318409683575e-17,6.025793000061108e-17
159.606,0.31337912956187486,0.0,0.5529784623555829,0.9855225379165302,-0.16954446985543692,-1.0381604616079787e-17,6.034585107735274e-17
159.623,0.3133404827199534,0.0,0.5524465823241709,0.9863937086374205,-0.16440027846848584,-1.0066613740268237e-17,6.03991948990952e-17
159.645,0.31329784788494913,0.0,0.5517562887673862,0.9874830263589086,-0.15772530758584993,-9.657889653977144e-18,6.046589637213894e-17
159.666,0.31326492632255554,0.0,0.5510953439683159,0.9884824268203555,-0.15133569264169192,-9.266638579519783e-18,6.052709200094781e-17
159.693,0.3132337731073737,0.0,0.5502427370518493,0.9897088587485237,-0.14309568447264542,-8.762083598061241e-18,6.060218929770798e-17
159.725,0.31321315340610517,0.0,0.5492282812365628,0.9910763365773618,-0.1332955178406082,-8.161996463209487e-18,6.068592316500755e-17
159.741,0.31320948358270084,0.0,0.5487195005142325,0.9917247612646984,-0.12838223356242406,-7.861144569980527e-18,6.07256277258993e-17
159.752,0.31320953081059116,0.0,0.5483691307936585,0.9921568087681022,-0.12499946725924652,-7.65400987370803e-18,6.075208300550545e-17
159.768,0.31321334042731064,0.0,0.5478586727566253,0.9927651603485951,-0.12007221326363708,-7.352302581992576e-18,6.078933379629579e-17
159.811,0.313245569353436,0.0,0.5464821244548779,0.9942813650987804,-0.106792167396798,-6.53913429882485e-18,6.088217456100411e-17
159.822,0.3132589673523633,0.0,0.5461289273380203,0.9946412501552695,-0.10338657306228181,-6.3306017887768695e-18,6.090421116512863e-17
159.843,0.3132903805636198,0.0,0.5454534970263482,0.9952964426625777,-0.09687616437090324,-5.931954230524976e-18,6.094433013547364e-17
159.864,0.3133294567513386,0.0,0.5447766111456133,0.9959096404701907,-0.09035478968231597,-5.5326351986040275e-18,6.098187767209051e-17
159.881,0.31336670560467045,0.0,0.544227628272475,0.9963751437378492,-0.08506804888664408,-5.208915688936962e-18,6.101038152642705e-17
159.891,0.31339096482005546,0.0,0.5439042807541827,0.9966360124760335,-0.08195522335929296,-5.018310098018226e-18,6.10263551296878e-17
159.908,0.31343619869236516,0.0,0.5433539024835851,0.9970573982523688,-0.07665862371721212,-4.69398690811626e-18,6.105215756679757e-17
159.946,0.3135555004364822,0.0,0.5421206522661085,0.9978983281679774,-0.06479912529931019,-3.967802069267425e-18,6.110364967327043e-17
159.978,0.31367547100911053,0.0,0.5410791155233092,0.9984977191627343,-0.05479329180490444,-3.355121471181156e-18,6.114035178642877e-17
160.0,0.31376830001514994,0.0,0.540361573386445,0.9988518617102299,-0.047905723645591515,-2.9333795561705662e-18,6.116203676329039e-17
160.007,0.3137996052806996,0.0,0.5401330232424089,0.9989546176801305,-0.04571292831950558,-2.7991095673067452e-18,6.116832875177199e-17
160.043,0.31397409334692794,0.0,0.538955884841085,0.9994072095675147,-0.03442716172549859,-2.1080556705430057e-18,6.119604201208224e-17
160.056,0.3140426541423774,0.0,0.5385301283178685,0.9995393716659647,-0.030348714793356765,-1.8583228214960142e-18,6.120413460662402e-17
160.084,0.31420032782299545,0.0,0.5376119809459631,0.9997675540921402,-0.021560097045688873,-1.3201751918154591e-18,6.12181067505159e-17
160.111,0.31436531009570673,0.0,0.5367252613604091,0.9999144374571266,-0.0130811989052216,-8.009924184144747e-19,6.122710076265483e-17
160.129,0.31448235504649985,0.0,0.5361334316463051,0.9999724184809419,-0.007427131167278273,-4.547806205427441e-19,6.123065107641615e-17
160.151,0.3146330746916446,0.0,0.5354094019276625,0.9999998669719434,-0.0005158062576248917,-3.1584024119024937e-20,6.123233181174848e-17
160.175,0.31480710885645596,0.0,0.5346187673881185,0.9999753323583409,0.007023864664536906,4.3008766895346597e-19,6.123082949994764e-17
160.199,0.314991169516731,0.0,0.5338273970480669,0.9998939613342598,0.014562489048301147,8.916952800310193e-19,6.122584696173843e-17
160.218,0.315143991639959,0.0,0.5332004295174,0.9997892561616791,0.020529083361812864,1.2570438114236656e-18,6.121943561901568e-17
160.248,0.31539807014828775,0.0,0.5322097517386774,0.9995515209346509,0.029945901175723093,1.8336576011216124e-18,6.120487853477445e-17
160.268,0.31557614430574527,0.0,0.531548874297564,0.9993438389219204,0.036220044295926165,2.2178380655990665e-18,6.11921616791679e-17
160.302,0.3158948080127785,0.0,0.530424758507361,0.9989006621642629,0.04687714931389559,2.870397543020739e-18,6.116502492928181e-17
160.314,0.3160120654780105,0.0,0.5300278612433394,0.9987172102785422,0.050635302837507605,3.100518077190529e-18,6.115379174104955e-17
160.33,0.3161722914793704,0.0,0.5294985710388718,0.9984507157706813,0.055643222201936106,3.4071646981922997e-18,6.113747365874743e-17
160.368,0.3165705956929369,0.0,0.5282412148718256,0.9977178060664247,0.06752169620203685,4.1345114563412216e-18,6.109259588257833e-17
160.389,0.3168014268160432,0.0,0.5275462784844961,0.9972526274762702,0.07407561671478338,4.535823345231282e-18,6.10641119090051e-17
160.401,0.3169367511570561,0.0,0.5271491744854765,0.9969676609279945,0.07781698441705007,4.764916044281991e-18,6.10466627404446e-17
160.432,0.3172978410332142,0.0,0.5261234176730425,0.9961672859418931,0.08746849958220718,5.355900901978581e-18,6.099765390720227e-17
160.456,0.3175887698723675,0.0,0.5253294674806773,0.9954843389952399,0.09492592277776525,5.812536374294952e-18,6.095583546759196e-17
160.472,0.3177882299454076,0.0,0.5248003027528686,0.9949985058768153,0.09988980580071875,6.1164865470650465e-18,6.092608676892203e-17
160.509,0.3182663289636321,0.0,0.523577177326636,0.9937820229603406,0.11134312210843166,6.8177999048581864e-18,6.085159867342813e-17
160.532,0.3185753612685074,0.0,0.5228173620776337,0.9929608135761736,0.11844333118476318,7.252562320788506e-18,6.080131410124063e-17
160.554,0.3188794314936019,0.0,0.5220910273826008,0.9921290174212112,0.1252198578134552,7.66750490304673e-18,6.075038127630475e-17
160.585,0.31932193053055413,0.0,0.5210684206140395,0.9908806960502484,0.13474214706236234,8.250576955508199e-18,6.06739436377419e-17
160.607,0.31964590352165506,0.0,0.5203434016642554,0.989941111561817,0.14148001851764874,8.66315259104734e-18,6.06164106809276e-17
160.62,0.319841214348141,0.0,0.5199152855588758,0.9893651108585997,0.14545335133901424,8.906449057128958e-18,6.058114081005251e-17
160.649,0.320287254124345,0.0,0.5189611500077789,0.9880249513393417,0.15429418501969386,9.44779399057088e-18,6.049907970677221e-17
160.676,0.3207153494954462,0.0,0.5180740298409707,0.9867092408443853,0.16249576619806683,9.94999599747296e-18,6.041851567445956e-17
160.692,0.32097485450315033,0.0,0.5175489305873812,0.9858989219775428,0.16734191239351548,1.0246736868795776e-17,6.03688979541312e-17
160.714,0.3213387294656346,0.0,0.5168277044984573,0.9847478381649802,0.17398762952979702,1.0653669679745072e-17,6.029841439880095e-17
160.74,0.32177927339442247,0.0,0.5159765986283098,0.9833328981295774,0.18181422237021555,1.113291027325748e-17,6.021177430953386e-17
160.756,0.32205602385190774,0.0,0.5154535583434261,0.9824330663799548,0.1866152997031042,1.1426891472666528e-17,6.015667550593654e-17
160.784,0.3225506628338751,0.0,0.5145396384979681,0.980805600519761,0.19498813807273283,1.193957995812372e-17,6.005702196311615e-17
160.797,0.32278477433569125,0.0,0.5141159547144047,0.9800273793870343,0.19886260496076633,1.2176822631765353e-17,6.000936966215501e-17
160.83,0.32339171678449796,0.0,0.5130423728327856,0.9779883104830044,0.20865968599276363,1.2776720828106489e-17,5.988451270182696e-17
160.857,0.3239017767059787,0.0,0.512166156912338,0.9762530115775445,0.21663346321788493,1.3264973865899433e-17,5.977825628932019e-17
160.882,0.3243848262455879,0.0,0.5113566956097849,0.9745933669163253,0.22398162684180375,1.3714919118981592e-17,5.967663236321599e-17
160.892,0.3245809385040977,0.0,0.511033430439521,0.9739154431007514,0.22691123746933992,1.3894306032869605e-17,5.963512150167557e-17
160.924,0.3252195720150252,0.0,0.5100010645419714,0.9716928097418273,0.2362479280248467,1.446601344304114e-17,5.949902446024134e-17
160.942,0.32558619909566483,0.0,0.5094218061986959,0.970407353595307,0.24147374202623498,1.4786002262528118e-17,5.942031297247732e-17
160.979,0.32635647636954856,0.0,0.5082345541385409,0.9676868988277313,0.25215484496072665,1.544003118853255e-17,5.925373316131049e-17
161.009,0.3269974085208045,0.0,0.507275486735897,0.9654054653426009,0.26075330771945415,1.5966535183285716e-17,5.911403565055886e-17
161.038,0.32763085555040744,0.0,0.5063515857587251,0.9631371652043946,0.2690107823155843,1.6472159674945284e-17,5.897514232537087e-17
161.067,0.3282778846640638,0.0,0.5054309708392878,0.9608083974578308,0.27721331745519573,1.697442009512623e-17,5.883254642703151e-17
161.093,0.3288694752487719,0.0,0.5046085010515329,0.9586702757902879,0.28451942344271236,1.7421790060718405e-17,5.870162423421431e-17
161.112,0.329308636758127,0.0,0.5040092653360783,0.9570783679504544,0.2898292559444175,1.7746923529579494e-17,5.860414799218484e-17
161.128,0.3296829250920253,0.0,0.5035058572410627,0.9557188741077294,0.2942812152928796,1.8019527417880905e-17,5.852090300303715e-17
161.162,0.33049179784230515,0.0,0.50243990410889,0.9527736369749107,0.30368140655232917,1.8595123124743798e-17,5.834055924166534e-17
161.178,0.33087877680462774,0.0,0.5019401121881509,0.9513616834594054,0.30807620363359145,1.8864226833667297e-17,5.825410202399991e-17
161.205,0.3315409518564093,0.0,0.5010994579004289,0.9489422674417524,0.31544979483668356,1.931572907692169e-17,5.810595551990869e-17
161.221,0.33193875320962063,0.0,0.5006029569488587,0.9474871931769164,0.31979371283020663,1.958171734024802e-17,5.801685791786103e-17
161.256,0.33282288824952183,0.0,0.4995213100296743,0.9442503256014935,0.32922837453882015,2.0159423753372602e-17,5.781865694208576e-17
161.282,0.3334920024547148,0.0,0.49872186755059406,0.9417992372102686,0.33617584206804074,2.058483344696461e-17,5.766857106444872e-17
161.311,0.33425064614207256,0.0,0.4978344044863123,0.9390200899273382,0.3438622845164233,2.1055492304026713e-17,5.749839737322872e-17
161.335,0.334888264467587,0.0,0.4971034125575265,0.9366851498280893,0.3501727146588237,2.1441894707783396e-17,5.735542352729142e-17
161.352,0.33534524100433744,0.0,0.4965875674448391,0.935012631173115,0.35461440967158736,2.1713870086791884e-17,5.7253011296425e-17
161.377,0.3360252572241198,0.0,0.49583195876007014,0.932525812775088,0.3611033210982164,2.211120131722048e-17,5.710073758686477e-17
161.407,0.3368537694119954,0.0,0.49493003025912297,0.9295002092441861,0.3688215842585875,2.2583808630936752e-17,5.691547280288437e-17
161.428,0.33744179092753024,0.0,0.49430187079808524,0.9273563493384237,0.37417937054534617,2.291187842226648e-17,5.678419924431377e-17
161.439,0.33775243972084024,0.0,0.4939739031355167,0.9262251069212843,0.37697088920585803,2.3082809641884278e-17,5.671493062405329e-17
161.467,0.338551326346164,0.0,0.49314244903311183,0.9233207070944037,0.38402977990084364,2.3515042036641535e-17,5.653708742648162e-17
161.49,0.33921626016247663,0.0,0.49246315656271517,0.9209090993750174,0.3897774117214775,2.3866982982232373e-17,5.638941904276435e-17
161.513,0.3398889992793449,0.0,0.49178725970414183,0.9184751161153198,0.39547877449611596,2.4216090765869314e-17,5.6240380552356e-17
161.545,0.3408378850757672,0.0,0.49085265117283017,0.91505314529673,0.4033332880913272,2.4697041012531056e-17,5.603084527186791e-17
161.572,0.3416501037418761,0.0,0.4900694119294847,0.9121352658086549,0.4098893227057452,2.5098482352813367e-17,5.585217668309947e-17
161.574,0.34171068809082783,0.0,0.49001159159784524,0.9119180561646298,0.41037234171045567,2.512805873671567e-17,5.583887642833451e-17
161.615,0.34296535569471703,0.0,0.4888323816853478,0.9074342441122838,0.4201941130148875,2.572946877621216e-17,5.556432212444032e-17
161.631,0.3434615112940565,0.0,0.48837540765836757,0.9056690871108262,0.42398526466357633,2.5961609862794606e-17,5.545623743084893e-17
161.636,0.343617307423868,0.0,0.4882329779091243,0.9051157861658957,0.42516516041803387,2.6033857640745808e-17,5.542235751929022e-17
161.666,0.3445595241439147,0.0,0.48738219142383404,0.9017797554731515,0.4321958729774998,2.646436462232956e-17,5.521808455380389e-17
161.69,0.34532242988644324,0.0,0.4867063075418261,0.8990918625526768,0.4377600058154679,2.6805069495831977e-17,5.5053498580728385e-17
161.711,0.34599658397771005,0.0,0.48611842907640995,0.8967269428363511,0.44258421796463954,2.7100467294176515e-17,5.490868901268645e-17
161.733,0.3467094162280376,0.0,0.48550613318374436,0.8942371797659285,0.4475934163102473,2.7407192230188655e-17,5.475623499394503e-17
161.756,0.3474617972975834,0.0,0.48486997584564573,0.8916217305192754,0.452781061514075,2.7724843884887638e-17,5.459608491653273e-17
161.781,0.34828783129831914,0.0,0.484183173096754,0.8887654047374536,0.4583623624839525,2.806660000327957e-17,5.442118540523122e-17
161.798,0.3488543978108507,0.0,0.4837189655911256,0.8868156917180928,0.4621232832508664,2.829688998223196e-17,5.4301799914810416e-17
161.82,0.3495934068399535,0.0,0.48312165809055146,0.8842843253290035,0.4669488537060876,2.8592370952834295e-17,5.4146798427517045e-17
161.847,0.3505092614089456,0.0,0.48239396113079336,0.8811661024102443,0.47280683155294917,2.895106864381605e-17,5.3955862341692723e-17
161.868,0.3512283141611465,0.0,0.48183211697180395,0.8787329193669947,0.47731379240574934,2.922704040292926e-17,5.3806872850409964e-17
161.89,0.3519878670419764,0.0,0.48124745886578907,0.8761773012024323,0.4819889385220601,2.9513310539273567e-17,5.3650386370156253e-17
161.911,0.3527188270392615,0.0,0.48069318342970835,0.8737323129726994,0.4864070777315816,2.9783843541329963e-17,5.350067401968149e-17
161.933,0.3534907634642907,0.0,0.48011655099742745,0.8711658816402768,0.4909888050311527,3.0064393424929255e-17,5.3343525423857345e-17
161.955,0.3542689647112842,0.0,0.47954409875942927,0.8685951192560724,0.4955224705344143,3.034200037227796e-17,5.3186111627598126e-17
161.971,0.3548388364319682,0.0,0.47913042378537735,0.8667232173547106,0.49878939894338076,3.054204204323217e-17,5.30714906940071e-17
162.01,0.3562415561377642,0.0,0.47813158123606975,0.8621545922313367,0.506645299094364,3.102307719194831e-17,5.2791743087314904e-17
162.024,0.35674978118010964,0.0,0.4777763443577964,0.8605131932088826,0.5094281542214292,3.119347792314087e-17,5.26912363843663e-17
162.051,0.3577368491289839,0.0,0.477096267877302,0.8573466992948847,0.5147393876595868,3.151869717461908e-17,5.2497344552551445e-17
162.068,0.35836297762479663,0.0,0.47667149833755107,0.8553528938003317,0.5180457769998694,3.172115513073468e-17,5.237525917670011e-17
162.091,0.3592157519755176,0.0,0.4761010708062165,0.852656060557831,0.5224726235832844,3.1992221305669456e-17,5.221012576678698e-17
162.108,0.3598502152501046,0.0,0.47568262830082886,0.8506637292090996,0.5257102051587621,3.2190466001338817e-17,5.208813065633373e-17
162.132,0.3607518849440195,0.0,0.475096530657306,0.8478532320730905,0.5302309844428315,3.246728389533318e-17,5.191603734025241e-17
162.157,0.36169847387940063,0.0,0.47449185335400573,0.8449293845060748,0.5348778694227175,3.275182353616435e-17,5.1737003312045386e-17
162.172,0.3622699954454677,0.0,0.4741319355983234,0.8431773912098111,0.5376354591659829,3.292067720878692e-17,5.1629724662925535e-17
162.207,0.3636138439256482,0.0,0.4733006463550953,0.8390977813233095,0.543980618568621,3.3309206166412946e-17,5.1379920603461834e-17
162.225,0.36431052559176497,0.0,0.4728778160264704,0.8370050591677527,0.5471951488523877,3.3506039377551804e-17,5.1251778328996467e-17
162.25,0.36528433289237816,0.0,0.4722958950637027,0.8341055693746894,0.5516048396616234,3.377605506428981e-17,5.10742357842847e-17
162.278,0.3663834576361138,0.0,0.47165159284847813,0.8308691795685215,0.556467794614506,3.407382517516208e-17,5.087606406343886e-17
162.307,0.3675311443191255,0.0,0.470992670195988,0.8275311371160167,0.561419822506716,3.4377049430536244e-17,5.0671667913194965e-17
162.325,0.36824821008254205,0.0,0.47058802081217366,0.8254671404018498,0.5644501750524956,3.45626050078101e-17,5.054528456472221e-17
162.339,0.36880839742192134,0.0,0.4702756085259329,0.8238663143467951,0.5667841706369611,3.4705521018897084e-17,5.044726223950649e-17
162.377,0.37033967648546007,0.0,0.4694379347437415,0.8195427200489782,0.5730180887325653,3.508723841099351e-17,5.0182518443624826e-17
162.391,0.37090775744910115,0.0,0.46913314520515703,0.8179583042543647,0.5752775091217491,3.522558800837062e-17,5.008550095705523e-17
162.414,0.37184556511863637,0.0,0.46863693464351563,0.8153660010863066,0.5789458388075045,3.545020841876449e-17,4.992676816819614e-17
162.441,0.372953581180106,0.0,0.4680616445263176,0.8123407808196269,0.5831830380055295,3.570966204052505e-17,4.9741526852380885e-17
162.47,0.3741521110851983,0.0,0.4674525043910204,0.809114495387515,0.5876510302499324,3.5983247660561207e-17,4.9543973846002307e-17
162.493,0.37510879770851,0.0,0.46697590655710924,0.8065737465641514,0.5911334801493382,3.6196486216686126e-17,4.938839785030382e-17
162.503,0.3755264205828098,0.0,0.46677049988118535,0.8054742779491657,0.5926307345744651,3.628816660864817e-17,4.9321074814298565e-17
162.536,0.37691167983594315,0.0,0.46610049692482614,0.8018694553136685,0.5974992691501477,3.658627837288056e-17,4.9100343089195784e-17
162.546,0.37733358685090196,0.0,0.46589985494108066,0.8007844347401556,0.5989526601309068,3.667527290350537e-17,4.9033904740577703e-17
162.575,0.37856264741662055,0.0,0.4653243259093743,0.7976580986938414,0.6031099050655079,3.692983073862692e-17,4.884247186896882e-17
162.599,0.3795859453114381,0.0,0.46485519534237874,0.7950943988216139,0.6064856939471007,3.7136538191048907e-17,4.868549052684393e-17
162.62,0.380485829629603,0.0,0.46445007297301405,0.7928694537408788,0.609391523837213,3.731446895473854e-17,4.854925193327388e-17
162.642,0.38143300871579,0.0,0.46403106790885984,0.7905575422687338,0.6123877630733808,3.7497935694241176e-17,4.840768818406016e-17
162.67,0.38264498972338856,0.0,0.463505849474802,0.787644244118112,0.6161302984820728,3.772709989468869e-17,4.8229300121304115e-17
162.696,0.3837767968191803,0.0,0.4630262897436124,0.7849693598043322,0.6195345867410283,3.793555243067393e-17,4.8065510695656125e-17
162.72,0.3848269179974719,0.0,0.46259063036859127,0.7825271060511065,0.6226165178464833,3.812426628384833e-17,4.791596578357645e-17
162.73,0.3852659718789405,0.0,0.46241110312918954,0.7815173190993927,0.6238835467839314,3.8201849430481983e-17,4.7854134165664596e-17
162.764,0.3867652704374782,0.0,0.4618095535720093,0.7781194573058067,0.6281163189745327,3.846103197621897e-17,4.764607513719158e-17
162.792,0.3880074245160947,0.0,0.4613244869039135,0.7753635382540127,0.6315151491027101,3.8669150298084874e-17,4.7477323764917154e-17
162.813,0.3889433641933125,0.0,0.46096685214978106,0.7733225089525358,0.6340128525095963,3.8822090522208e-17,4.735234676486617e-17
162.826,0.38952458557328506,0.0,0.46074812131375475,0.7720704048508369,0.6355370091139184,3.891541819755212e-17,4.727567750084893e-17
162.864,0.39123142542671674,0.0,0.46012049592119614,0.7684616563292959,0.6398958374232757,3.9182319454406484e-17,4.705470538455728e-17
162.886,0.3922248697157068,0.0,0.45976517834416614,0.766408174653501,0.6423538820808113,3.93328312805071e-17,4.692896589648878e-17
162.902,0.3929497572030475,0.0,0.45951049310161696,0.7649316395795818,0.6441114707642559,3.9440452548277e-17,4.683855419888358e-17
162.934,0.3944054422012891,0.0,0.45901059015364487,0.7620222367733401,0.6475508556576507,3.965105413331358e-17,4.666040465717888e-17
162.949,0.3950904619207664,0.0,0.45878062665031394,0.7606788860665935,0.6491283634940677,3.974764862943848e-17,4.6578148150021396e-17
162.971,0.39609817985979906,0.0,0.4584484134251621,0.7587327135726454,0.6514020796364486,3.98868735892353e-17,4.645897945425629e-17
162.998,0.3973397498905335,0.0,0.45804896970417897,0.7563840755072928,0.6541277629935746,4.0053773559174976e-17,4.6315166849801806e-17
163.027,0.3986790805347283,0.0,0.45763014756975195,0.7539114287194406,0.656976070832273,4.02281821130574e-17,4.616376090109355e-17
163.048,0.3996526020365548,0.0,0.45733349848309285,0.752153854248473,0.6589875412624785,4.035134915425393e-17,4.605614050358687e-17
163.071,0.4007222918936525,0.0,0.4570150237807462,0.7502612504857109,0.6611414795787792,4.0483239837484857e-17,4.5940251946580824e-17
163.088,0.4015152084500643,0.0,0.45678396476973193,0.7488844366593013,0.6627006115354663,4.057870913549512e-17,4.58559464143041e-17
163.12,0.4030128876425744,0.0,0.4563590722394691,0.7463445355483806,0.6655597901444107,4.075378333207683e-17,4.570042232602212e-17
163.141,0.4039992993036388,0.0,0.4560873951766006,0.7447150411626021,0.6673825795345454,4.0865396991684246e-17,4.56006445718335e-17
163.163,0.4050356336192777,0.0,0.455808892872237,0.7430401883781149,0.6692467993610545,4.097954753385631e-17,4.549808941675524e-17
163.175,0.4056021557067816,0.0,0.45565962688633727,0.7421406965674823,0.670244124553384,4.104061608908108e-17,4.544301142841771e-17
163.201,0.4068325813650753,0.0,0.4553426425417979,0.7402262717864936,0.672357841150877,4.117004390235231e-17,4.5325786719405404e-17
163.218,0.40763923849815353,0.0,0.4551401519606477,0.739000316141589,0.6737050784598788,4.1252538395260354e-17,4.525071858658395e-17
163.234,0.4083999634734627,0.0,0.4549530278104548,0.7378653095943251,0.6749479868088138,4.132864458181819e-17,4.518121947982805e-17
163.263,0.40978244334167646,0.0,0.4546224330676963,0.7358551942935043,0.6771389318531825,4.1462801273602885e-17,4.5058135416374685e-17
163.29,0.4110737101391011,0.0,0.45432460134854946,0.7340389609121056,0.6791073581276205,4.158333262042028e-17,4.494692319652296e-17
163.3,0.4115529415331539,0.0,0.4542167394443973,0.7333799563483434,0.6798189756299112,4.1626906625240167e-17,4.490657080504122e-17
163.334,0.41318619379073224,0.0,0.4538599331069346,0.7311952779831488,0.6821682090622121,4.1770755685406024e-17,4.477279783668611e-17
163.344,0.41366767327948134,0.0,0.4537579163014115,0.7305693189908458,0.6828385388576511,4.18118015473239e-17,4.4734468902870044e-17
163.361,0.4144873171753295,0.0,0.4535875488174189,0.7295226615800245,0.6839566406148835,4.188026553422968e-17,4.467037962047174e-17
163.4,0.4163728906248704,0.0,0.4532113132157005,0.7272054567078946,0.6864198596589862,4.2031094200127646e-17,4.4528491743990615e-17
163.426,0.417633822915655,0.0,0.45297183225418547,0.725726371146273,0.687983454904885,4.212683679578024e-17,4.4437923874055365e-17
163.453,0.41894639667299627,0.0,0.452732780922633,0.7242467349682878,0.6895409102350452,4.222220343002502e-17,4.434732228859176e-17
163.467,0.41962820940258533,0.0,0.452612705441786,0.7235023082591521,0.6903219610759018,4.2270029000636346e-17,4.430173929926461e-17
163.492,0.4208477318197445,0.0,0.4524048868625813,0.7222120031197408,0.6916717592541795,4.235268030156248e-17,4.422273089631944e-17
163.512,0.4218251370791095,0.0,0.45224473909180163,0.721216035092606,0.6927102068869067,4.2416266880037556e-17,4.416174544349526e-17
163.547,0.42353924903840084,0.0,0.4519775791641607,0.7195513787597717,0.6944392077964143,4.2522137651515123e-17,4.4059814641010964e-17
163.572,0.42476632814927046,0.0,0.4517969844019036,0.7184238609239332,0.6956056038123537,4.259355880888804e-17,4.39907740855789e-17
163.596,0.42594634180012925,0.0,0.45163165788627346,0.7173900847316294,0.6966717062783199,4.2658838757513474e-17,4.392747355033192e-17
163.613,0.42678332951911535,0.0,0.45151932884764795,0.7166868361415152,0.697395138283502,4.270313619199082e-17,4.388441199358751e-17
163.636,0.42791717004780455,0.0,0.45137367145098445,0.7157738941958424,0.6983321075159863,4.27605090105639e-17,4.382851042200873e-17
163.667,0.42944788724867966,0.0,0.45118886720550994,0.7146139066667027,0.6995190950921591,4.283319103735328e-17,4.375748167127814e-17
163.693,0.43073379300717324,0.0,0.45104408662945583,0.7137038281672952,0.7004476037929946,4.289004579777622e-17,4.370175543521453e-17
163.709,0.43152600716735545,0.0,0.4509596316311062,0.7131724190576665,0.7009886594627877,4.292317590248485e-17,4.3669216011957304e-17
163.74,0.43306272719500233,0.0,0.45080607844203846,0.7122052259979534,0.7019713071495188,4.298334571969709e-17,4.360999251772055e-17
163.763,0.4342043154473607,0.0,0.4507007557086475,0.7115410769311581,0.7026445017501011,4.3024567000337405e-17,4.3569325116280165e-17
163.788,0.43544645809727517,0.0,0.45059460023014486,0.7108710619383589,0.7033223537600877,4.306607346505369e-17,4.352829853046456e-17
163.818,0.4369386524867507,0.0,0.45047867761211524,0.7101386960966837,0.7040618100039954,4.311135210116424e-17,4.3483454056273934e-17
163.834,0.43773515467339796,0.0,0.45042197184583815,0.7097801778184099,0.7044232386683921,4.313348322401292e-17,4.346150114317774e-17
163.845,0.438282999259906,0.0,0.450385054373852,0.7095466752713327,0.7046584389698302,4.3147885088828654e-17,4.3447203235834206e-17
163.856,0.43883103663108924,0.0,0.4503498226449855,0.7093237656412061,0.7048828239477675,4.3161624706079035e-17,4.343355395758252e-17
163.908,0.4414240947743075,0.0,0.45020611478251293,0.7084138307614272,0.7057973111212028,4.321762089556948e-17,4.337783651568483e-17
163.943,0.4431712564353027,0.0,0.45013064341444703,0.707935507478833,0.7062770824900715,4.324699841912986e-17,4.33485476618355e-17
163.956,0.44382050746963025,0.0,0.4501069711360623,0.7077854131376846,0.706427497305645,4.325620867025168e-17,4.3339357034112626e-17
163.972,0.4446197790563708,0.0,0.4500810796886337,0.7076212132008544,0.7065919746417666,4.3266280002412364e-17,4.332930268775965e-17
163.994,0.4457190776516852,0.0,0.45005132513433377,0.707432468925226,0.7067809433695558,4.327785099979366e-17,4.3317745434109373e-17
164.016,0.4468186580268592,0.0,0.4500283421311439,0.707286646159025,0.7069268704506274,4.3286786456430825e-17,4.330881636491583e-17
164.049,0.44846839860239934,0.0,0.4500065684363823,0.7071484697190511,0.7070650901960895,4.329524997487378e-17,4.330035549816925e-17
164.06,0.4490183746017218,0.0,0.4500026980793759,0.7071239056326489,0.7070896563257226,4.3296754216474914e-17,4.329885138167993e-17
164.087,0.45036836557232096,0.0,0.45000037994157616,0.7071091926625452,0.7071043697023258,4.3297655150953e-17,4.3297950472092756e-17
164.104,0.45121834962796575,0.0,0.45000415632773105,0.707133160827637,0.7070804005612907,4.3296187464360656e-17,4.329941809892581e-17
164.119,0.45196829688062795,0.0,0.45001084825328147,0.7071756315857632,0.7070379240827729,4.3293586530187855e-17,4.330201868282564e-17
164.158,0.4539178205914499,0.0,0.45004298616114957,0.7073795630545658,0.7068338940463534,4.328109329363631e-17,4.331450588385137e-17
164.175,0.45476738308734943,0.0,0.45006365593368075,0.7075106936467501,0.7067026378721778,4.327305617095768e-17,4.332253531685081e-17
164.204,0.45621618618296017,0.0,0.4501082458939926,0.7077934965315685,0.7064193982809479,4.3255712748018104e-17,4.333985199923493e-17
164.226,0.4573148128318377,0.0,0.45014991632709606,0.7080576850590329,0.7061545968333304,4.3239498335756386e-17,4.3356028880961465e-17
164.243,0.45816342559740425,0.0,0.45018674857664415,0.7082911210004124,0.7059204543799388,4.322516124545186e-17,4.337032270988228e-17
164.266,0.4593110318449924,0.0,0.4502430048129201,0.7086475198848329,0.7055626779819603,4.3203253759422116e-17,4.339214584753355e-17
164.294,0.4607072055991653,0.0,0.4503214552814319,0.709144237323938,0.7050634373375563,4.3172684086563436e-17,4.342256101862759e-17
164.31,0.4615045162087429,0.0,0.450371192780135,0.709458981649901,0.7047467299365677,4.315329135131909e-17,4.34418335501946e-17
164.338,0.46289882943782085,0.0,0.45046681541523415,0.710063712709568,0.7041374325322465,4.311598264552255e-17,4.3478862648022915e-17
164.364,0.464192320797705,0.0,0.4505653780010302,0.7106865135505381,0.7035088339583099,4.3077492083946547e-17,4.351699820084293e-17
164.381,0.46503736725254513,0.0,0.4506349038919163,0.7111255167145297,0.7030650748526007,4.305031967552659e-17,4.354387939182282e-17
164.414,0.4666760350932171,0.0,0.45078131970081076,0.7120491558146546,0.7021296174522463,4.2993039429972455e-17,4.360043597519958e-17
164.441,0.4680149378186979,0.0,0.4509123435169288,0.7128747009509243,0.7012914235495329,4.294171485597131e-17,4.36509860356338e-17
164.467,0.469302565667325,0.0,0.45104804933624415,0.7137287527497969,0.7004222065998618,4.288849066821234e-17,4.370328162572357e-17
164.5,0.47093429281486804,0.0,0.4512337372196013,0.7148957216938647,0.6992310827643522,4.28155553685851e-17,4.3774737864826424e-17
164.515,0.4716749770429295,0.0,0.451323104291256,0.7154566789920968,0.6986570979283041,4.278040893397383e-17,4.380908659281333e-17
164.55,0.47340062324087995,0.0,0.4515436659038646,0.7168392601749863,0.6972384635630612,4.2693542632246066e-17,4.3893745273822686e-17
164.576,0.4746800256515453,0.0,0.45171839937358116,0.7179326623150077,0.6961125572644735,4.2624600755010804e-17,4.3960696845370595e-17
164.588,0.47526976143189026,0.0,0.4518021694452421,0.7184562582050401,0.6955721422296991,4.2591509877883424e-17,4.3992757846909334e-17
164.603,0.4760062343893816,0.0,0.45190965210866335,0.7191274979024899,0.6948781488581321,4.254901503982748e-17,4.4033859424256456e-17
164.637,0.47767259409251267,0.0,0.4521646526623062,0.7207174378742449,0.6932289482876375,4.244803062983706e-17,4.413121516911877e-17
164.658,0.4786996614091134,0.0,0.4523300198111158,0.7217465784029488,0.6921574073602306,4.238241767149185e-17,4.419423185183627e-17
164.674,0.47948103792523367,0.0,0.4524600362906908,0.7225546499154054,0.6913138056524157,4.2330761964930316e-17,4.424371196139688e-17
164.701,0.480797271591107,0.0,0.45268730986010874,0.7239649247539307,0.6898367833959244,4.224032043599624e-17,4.433006638974278e-17
164.722,0.4818189069003908,0.0,0.45287089564222477,0.7251020022218035,0.6886414788363621,4.2167129140852527e-17,4.4399692303813434e-17
164.746,0.48298415252585836,0.0,0.45308799231130487,0.7264442021639331,0.6872254514658247,4.2080422471510845e-17,4.4481878346960676e-17
164.766,0.4839532231311429,0.0,0.4532748263109559,0.7275971871812342,0.6860046160237961,4.200566786069255e-17,4.455247831750581e-17
164.788,0.48501706829542734,0.0,0.4534865430002919,0.7289013569843985,0.684618734615335,4.192080709914906e-17,4.463233568625529e-17
164.8,0.48559638179986414,0.0,0.45360475593048805,0.7296284482667207,0.683843788799677,4.1873355353516154e-17,4.4676857186834483e-17
164.834,0.48723395248414975,0.0,0.45395013068844076,0.7317482262942672,0.6815750386532609,4.173443447327247e-17,4.4806656155651366e-17
164.851,0.48805056222089716,0.0,0.4541285879899011,0.7328408869768969,0.6804000546552852,4.166248745366396e-17,4.48735623260282e-17
164.872,0.4890572507001383,0.0,0.45435432821257127,0.7342204672825239,0.6789111174693138,4.1571316345717393e-17,4.495803725630084e-17
164.888,0.48982268516927147,0.0,0.45453023721966984,0.7352935056939276,0.677748818135697,4.1500146037789145e-17,4.502374190909523e-17
164.921,0.49139699360013567,0.0,0.45490371010395736,0.7375658386798438,0.6752752280459418,4.1348682328498076e-17,4.516288217498519e-17
164.936,0.49211057955361925,0.0,0.4550782019059748,0.7386247780250864,0.6741167831224734,4.127774803512237e-17,4.5227723508967316e-17
164.969,0.4936759118454261,0.0,0.4554724488146034,0.7410109330639794,0.6714929613031329,4.1117085285492956e-17,4.5373833365499794e-17
164.991,0.49471589537987565,0.0,0.4557431677691162,0.7426442802271305,0.6696861003828042,4.100644696336371e-17,4.5473847034262265e-17
165.008,0.49551751135797156,0.0,0.4559566643164976,0.7439294106853482,0.6682582075196312,4.0919013742143204e-17,4.5552538579369424e-17
165.023,0.4962233385596781,0.0,0.45614815048440516,0.7450798161344657,0.6669753125783824,4.084045908297107e-17,4.5622980596918593e-17
165.055,0.4977243609358906,0.0,0.4565663526535849,0.7475849133335015,0.6641662422587744,4.066845313419668e-17,4.5776373560236207e-17
165.077,0.49875248147300466,0.0,0.45686149555668,0.7493467662157673,0.6621777887863441,4.0546695475183424e-17,4.588425593487797e-17
165.103,0.49996340225302377,0.0,0.4572182754423078,0.7514697994615195,0.6597674897244208,4.039910722362481e-17,4.601425422832266e-17
165.117,0.500613546641142,0.0,0.4574139519786685,0.7526310301416688,0.658442505058635,4.031797531213111e-17,4.608535910009849e-17
165.144,0.5018635833236643,0.0,0.4577983433079132,0.7549056605705106,0.6558333962513658,4.015821347465864e-17,4.62246400437947e-17
165.166,0.5028783478784987,0.0,0.45811835376618526,0.7567927117560618,0.6536549482968108,4.00248220089259e-17,4.6340188603505327e-17
165.183,0.5036601116578087,0.0,0.4583697996299241,0.7582712249846542,0.651939222136751,3.991976408141937e-17,4.643072142814996e-17
165.204,0.5046229149368799,0.0,0.4586854014088789,0.760121703828475,0.6497807286838354,3.978759447651469e-17,4.6544030577798713e-17
165.231,0.5058560005832129,0.0,0.45909924516869,0.7625392855811832,0.6469419123424751,3.9613767109223986e-17,4.6692064765555277e-17
165.252,0.506811259379152,0.0,0.45942736878295237,0.7644488909090469,0.6446843360807893,3.947553043208876e-17,4.680899436817542e-17
165.268,0.5075368006619115,0.0,0.45968101801138594,0.7659206837263484,0.6429350715586785,3.9368418872195504e-17,4.689911568631124e-17
165.295,0.5087566146958086,0.0,0.4601161749060488,0.7684367292920864,0.6399257715351685,3.918415239012223e-17,4.7053179043740736e-17
165.318,0.5097911449735358,0.0,0.4604938841562013,0.7706114300208873,0.6373052831423596,3.902369375399941e-17,4.718634105807221e-17
165.334,0.5105082967502156,0.0,0.4607604275588456,0.7721409272891542,0.6354513265428321,3.891017165323094e-17,4.727999575476659e-17
165.361,0.5117137222835834,0.0,0.46121723169194445,0.7747522415126357,0.6322649478431859,3.871506222946129e-17,4.743989263503432e-17
165.384,0.512735767703034,0.0,0.4616132687435075,0.7770059779900377,0.6294932169354528,3.8545342660248637e-17,4.757789419319292e-17
165.394,0.5131787386483349,0.0,0.4617874308741674,0.7779940771978207,0.6282716099308575,3.8470540804848953e-17,4.763839781979549e-17
165.427,0.5146344447802313,0.0,0.4623705975425543,0.7812892151338436,0.6241691776397986,3.821933927615075e-17,4.784016682610047e-17
165.454,0.5158184039006288,0.0,0.46285730030257116,0.784023405909639,0.6207312614858779,3.800882762546895e-17,4.8007587725192276e-17
165.46,0.5160806286456426,0.0,0.4629666187443365,0.7846355388876454,0.6199573139454799,3.796143700656614e-17,4.804507005980067e-17
165.475,0.5167347801109385,0.0,0.46324175576644544,0.7861729339105743,0.6180065679152931,3.784198826247525e-17,4.813920835449342e-17
165.508,0.518166738163507,0.0,0.4638562676735127,0.7895898465793056,0.6136349681845621,3.7574304981605595e-17,4.834843391262982e-17
165.523,0.5188143229710501,0.0,0.46413975278728414,0.7911582695064517,0.6116114719260559,3.7450401570802285e-17,4.844447211850176e-17
165.557,0.5202744029016534,0.0,0.4647918717407273,0.794747297027134,0.6069404697893068,3.7164385180023274e-17,4.866423667176452e-17
165.573,0.5209577143559332,0.0,0.46510330878180456,0.7964519984101709,0.6047017564291054,3.702730352248432e-17,4.8768619526376433e-17
165.605,0.5223169507282202,0.0,0.46573486060012415,0.7998902917271886,0.6001462498429805,3.674835919452469e-17,4.897915427163721e-17
165.621,0.5229928293579235,0.0,0.4660549465864399,0.8016233529139971,0.5978294071580297,3.6606493495612044e-17,4.908527366339478e-17
165.642,0.5238760864728453,0.0,0.4664793882408947,0.8039114886783302,0.5947489540730534,3.641787014509005e-17,4.9225381570385035e-17
165.658,0.5245460942310899,0.0,0.46680605166264033,0.8056647651426019,0.5923717466318901,3.6272308170903557e-17,4.933273879088457e-17
165.674,0.5252135254512376,0.0,0.4671355348000597,0.8074263329914521,0.5899684032149322,3.6125145829762086e-17,4.944060371226333e-17
165.706,0.5265405677066456,0.0,0.46780289997607505,0.8109732426834626,0.5850832416429903,3.5826015955642276e-17,4.9657789292322607e-17
165.717,0.5269943047369301,0.0,0.4680348758603744,0.812199499204198,0.5833797849535498,3.5721709316531804e-17,4.973287584847521e-17
165.746,0.5281844758886683,0.0,0.4686526968965576,0.8154485897417002,0.5788295064077783,3.54430851137164e-17,4.993182526481982e-17
165.772,0.529243988945206,0.0,0.4692142481401591,0.8183804945445051,0.5746767492678743,3.518880207676541e-17,5.011135265642781e-17
165.79,0.5299732717253072,0.0,0.46960721022258844,0.8204200886071745,0.5717612073320434,3.5010276621790657e-17,5.0236241773448206e-17
165.805,0.5305783398941853,0.0,0.46993728209683183,0.8221255434783075,0.5693062363618526,3.4859953004758465e-17,5.034067076589937e-17
165.841,0.532020497312152,0.0,0.47073902805790097,0.8262386338316043,0.5633202641163231,3.4493417917244835e-17,5.0592524912687816e-17
165.858,0.5326965517235603,0.0,0.4711222878234099,0.8281900157466693,0.5604474086098816,3.431750625222601e-17,5.0712012593497727e-17
165.884,0.5337242801328665,0.0,0.4717141699020342,0.8311847080416229,0.5559963858855217,3.4044959715610037e-17,5.089538461017004e-17
165.906,0.5345879457361764,0.0,0.47222034956107334,0.833727513256974,0.5521760893395713,3.3811034018770445e-17,5.105108652356179e-17
165.924,0.5352904830151765,0.0,0.47263811611773815,0.8358134403248001,0.54901356355961,3.361738516508791e-17,5.117881271890519e-17
165.944,0.5360667151443586,0.0,0.4731060903420698,0.8381363363560217,0.5454607975645047,3.339984098988665e-17,5.1321049078374566e-17
165.974,0.5372223620433751,0.0,0.47381545915662887,0.8416296970827485,0.540055046257695,3.30688341881431e-17,5.153495572998722e-17
165.999,0.5381773382285943,0.0,0.4744133173890143,0.8445478307647846,0.5354801224606724,3.278870089892476e-17,5.17136398836467e-17
166.02,0.53897379246704,0.0,0.47492018545681786,0.8470030750817168,0.5315879897083037,3.2550376503072514e-17,5.1863980238339486e-17
166.044,0.5398775619575771,0.0,0.47550462683773115,0.8498126168744417,0.5270849231395388,3.2274643200083246e-17,5.203601505651605e-17
166.069,0.5408115865202342,0.0,0.47611921455516026,0.8527421799323591,0.5223320539314126,3.198361389695835e-17,5.2215399057605e-17
166.093,0.5417010745057566,0.0,0.4767147187007632,0.8555563261340332,0.5177097379922805,3.170057867598306e-17,5.238771581451564e-17
166.116,0.5425468419597304,0.0,0.47729040825946645,0.8582538628524264,0.5132253958046975,3.142599191066781e-17,5.2552892299903775e-17
166.146,0.5436401256381203,0.0,0.47804856775386595,0.8617717988722091,0.507296133110195,3.106292928166149e-17,5.276830375421538e-17
166.164,0.5442906725829194,0.0,0.47850736233235674,0.8638814653988828,0.5036951595362804,3.084243324360606e-17,5.289748357217334e-17
166.18,0.5448654946656339,0.0,0.47891760814856166,0.8657555945231593,0.5004670324325579,3.064476746736533e-17,5.3012240883835045e-17
166.195,0.5454014306595476,0.0,0.47930427193262104,0.8675113358644713,0.4974174123878662,3.045803209604797e-17,5.311974903452346e-17
166.218,0.5462175998768424,0.0,0.4799009888518113,0.8702005152295196,0.4926977402975161,3.016903553012435e-17,5.3284413779610437e-17
166.245,0.547166995787987,0.0,0.4806073342931446,0.8733516947706284,0.48709015309413833,2.982566984414654e-17,5.347736787653831e-17
166.284,0.5485215544873708,0.0,0.48163858904672635,0.8778896477041566,0.47886299340612226,2.9321901605246386e-17,5.3755237353274643e-17
166.298,0.5490029217601724,0.0,0.4820119008305704,0.8795139366494465,0.47587312935213455,2.91388252330663e-17,5.3854696366161637e-17
166.32,0.5497540985185855,0.0,0.48260181423944154,0.8820605962307252,0.47113597249318323,2.8848758033847614e-17,5.401063429139818e-17
166.332,0.5501611085717086,0.0,0.48292525950869436,0.8834464488035214,0.4685321462786167,2.868931966188737e-17,5.4095493287266425e-17
166.359,0.5510698076631099,0.0,0.48365728081677084,0.8865554514808269,0.46262234214273207,2.8327448525957426e-17,5.4285864796131566e-17
166.38,0.5517697590245814,0.0,0.4842306686641812,0.8889640212510482,0.4579770397314322,2.8043005789503935e-17,5.4433347159112796e-17
166.406,0.5526280399632977,0.0,0.48494539879848647,0.8919333411890249,0.452166910416256,2.7687237976080796e-17,5.4615165566997174e-17
166.428,0.5533470320388946,0.0,0.4855542769505861,0.8944339269800716,0.4472001232859937,2.7383109978024694e-17,5.476828228624711e-17
166.454,0.5541881229191591,0.0,0.48627863687601325,0.8973739129406133,0.44127096026551815,2.7020053452292284e-17,5.4948304506052884e-17
166.465,0.5545411391379306,0.0,0.4865866346066958,0.8986124757387038,0.43874322609785943,2.686527437441635e-17,5.502414460436411e-17
166.487,0.555242094547332,0.0,0.487205337205905,0.9010796475026326,0.43365362774515265,2.655362635783695e-17,5.5175215304546214e-17
166.513,0.5560617195461205,0.0,0.4879411227044435,0.9039773594667552,0.42758032411643176,2.6181743765378798e-17,5.53526489886319e-17
166.535,0.5567477727724957,0.0,0.4885675329005704,0.9064130813681651,0.42239238383837857,2.5864074042594527e-17,5.550179394014064e-17
166.561,0.557549667636214,0.0,0.4893122745250827,0.9092713772457119,0.41620375121049324,2.5485129585652595e-17,5.567681408501333e-17
166.573,0.5579165050389572,0.0,0.48965759977258316,0.910582838820983,0.41332661860170544,2.5308956023648873e-17,5.575711794603135e-17
166.602,0.5587944568896219,0.0,0.4904962346506594,0.9137310053177586,0.4063196400877,2.487990233320532e-17,5.594988754720431e-17
166.63,0.5596305590449351,0.0,0.49131135739922827,0.916740802712593,0.399482541097694,2.4461250763527097e-17,5.61341844844876e-17
166.658,0.5604552059440274,0.0,0.4921316752075411,0.9197196798020782,0.3925757386604051,2.4038331088668648e-17,5.631658809912219e-17
166.668,0.5607469311789576,0.0,0.49242588282886657,0.9207757658948242,0.390092282595798,2.388626326265144e-17,5.638125472177746e-17
166.692,0.5614410467538894,0.0,0.49313459268243953,0.923293014450267,0.3840963544051662,2.351911854932271e-17,5.653539174108152e-17
166.715,0.5620982224606931,0.0,0.4938171779535371,0.9256816423142938,0.378303445771132,2.3164405198501555e-17,5.668165301448325e-17
166.731,0.562550736431747,0.0,0.4942939503568168,0.9273291259568781,0.3742468331890765,2.2916009317801796e-17,5.678253229296017e-17
166.768,0.5635824698413412,0.0,0.495402419743132,0.931092634553087,0.36478282015603697,2.2336505654401764e-17,5.701298073075571e-17
166.791,0.5642134094295137,0.0,0.4960955491107939,0.9333983017499511,0.35884204086242066,2.1972737837083358e-17,5.715416212838264e-17
166.801,0.5644852290753923,0.0,0.4963978646469492,0.9343924116729898,0.3562454505084015,2.1813742533796038e-17,5.721503380514515e-17
166.836,0.5654245977101942,0.0,0.49746042922555345,0.93783069175496,0.34709306187593725,2.1253320361631037e-17,5.7425567739993e-17
166.846,0.5656895466532778,0.0,0.497765270833781,0.938801030790774,0.3444599027262537,2.1092085865415762e-17,5.748498386970786e-17
166.879,0.5665529647156169,0.0,0.49877509368185313,0.9419639746437668,0.33571397122151025,2.055655201427346e-17,5.767865832298037e-17
166.903,0.5671703356531759,0.0,0.4995131330943436,0.9442255073465327,0.329299546425717,2.0163781774546478e-17,5.781713726226085e-17
166.917,0.5675263387609195,0.0,0.49994502997929624,0.9455292323962066,0.3255372032260528,1.9933404696708347e-17,5.789696739771342e-17
166.933,0.5679294599732317,0.0,0.5004398419284327,0.9470049336954621,0.3212190149359986,1.9668991923331826e-17,5.798732804134496e-17
166.954,0.5684524833571561,0.0,0.5010912132552481,0.9489182634648634,0.31552199489548766,1.9320150055467324e-17,5.810448570023549e-17
166.988,0.5692846011529048,0.0,0.5021503366086075,0.9519579928599912,0.3062286397938263,1.8751096176537858e-17,5.829061544393635e-17
167.016,0.5699561749350694,0.0,0.5030266184686176,0.9544059006525311,0.2985119374491261,1.827858443521736e-17,5.844050656607344e-17
167.042,0.5705686409399436,0.0,0.5038434777357802,0.9566328769125669,0.29129630758041797,1.7836754534090087e-17,5.857686953350495e-17
167.056,0.5708939700865495,0.0,0.5042845528899931,0.9578132512485384,0.28739132856212646,1.7597643531315672e-17,5.864914661612211e-17
167.089,0.5716484127733962,0.0,0.5053275229400416,0.9605424552715984,0.2781334061575655,1.7030759279340667e-17,5.881626216467513e-17
167.107,0.5720525584916394,0.0,0.5058983076613496,0.9619990938814901,0.2730526384622423,1.6719651984576226e-17,5.890545555523104e-17
167.13,0.5725613674064762,0.0,0.5066295202794758,0.9638267912405408,0.26652939141296,1.6320218303628674e-17,5.901736974125963e-17
167.146,0.5729102775570246,0.0,0.5071393974835158,0.9650756867557675,0.2619712175657541,1.6041110653031782e-17,5.909384253601922e-17
167.186,0.5737643730857863,0.0,0.508418254510382,0.968115349135217,0.25050483182724614,1.533899702340915e-17,5.927996817619329e-17
167.206,0.574181644628599,0.0,0.5090598254235663,0.9695901153789618,0.24473456674407823,1.4985670190192483e-17,5.937027156418792e-17
167.231,0.5746940310288876,0.0,0.5098637046475392,0.9713904772922494,0.23748797996095725,1.4541944724757854e-17,5.948051193690865e-17
167.251,0.5750965552229721,0.0,0.5105082834590519,0.9727957848101884,0.23166432840541007,1.4185348912915334e-17,5.956656220459173e-17
167.279,0.5756490241416153,0.0,0.5114128011819881,0.9747101481351349,0.22347287782275355,1.3683767226094133e-17,5.968378315050677e-17
167.297,0.5759973459514491,0.0,0.5119955215875382,0.9759076673805033,0.21818392412811938,1.3359912215445518e-17,5.975711005604466e-17
167.324,0.5765097648657577,0.0,0.5128713415130979,0.9776546016416136,0.2102176964220136,1.2872121452367448e-17,5.986407892860414e-17
167.352,0.5770283676687872,0.0,0.5137816929687794,0.9794028186763316,0.2019161181502276,1.2363796389446752e-17,5.997112634839325e-17
167.368,0.5773188463755298,0.0,0.514302801560767,0.9803724301835842,0.19715450320987643,1.2072231564673087e-17,6.003049792983192e-17
167.386,0.5776405233192556,0.0,0.5148898002846466,0.9814374324987999,0.19178260111429193,1.1743297429338561e-17,6.009571051365259e-17
167.413,0.5781128671834588,0.0,0.5157717168803956,0.9829831654032791,0.18369566280603794,1.1248115273633293e-17,6.019035935634295e-17
167.43,0.5784039925484529,0.0,0.5163278248789558,0.9839242107959932,0.17858652639401978,1.0935270895964033e-17,6.024798176774494e-17
167.445,0.5786568317573542,0.0,0.5168190110105484,0.9847336947303731,0.1740676605882562,1.0658570168723793e-17,6.029754836320491e-17
167.467,0.5790208051694715,0.0,0.5175402258107857,0.9858852918174761,0.16742219499806446,1.0251652760530182e-17,6.036806334753632e-17
167.501,0.5795672312913183,0.0,0.5186565864455616,0.9875808010233775,0.157111939234496,9.62033167456795e-18,6.047188334363292e-17
167.524,0.5799257735306297,0.0,0.5194128769138596,0.9886691370945865,0.15011108339042073,9.191652889531008e-18,6.053852470793305e-17
167.545,0.5802452966636128,0.0,0.5201041097222978,0.9896210972685688,0.14370137035169084,8.799171161714327e-18,6.059681545693222e-17
167.562,0.5804984660319329,0.0,0.5206641336297662,0.9903623327614987,0.13850072146816672,8.480723261279473e-18,6.064220304062377e-17
167.589,0.580890439570244,0.0,0.5215543414486139,0.9914851145834226,0.13022007356585755,7.973679813858016e-18,6.071095359884176e-17
167.606,0.5811308558297882,0.0,0.5221152739898501,0.9921575207399119,0.124993816003958,7.653663834123019e-18,6.075212660120534e-17
167.636,0.5815430663733119,0.0,0.5231058626861735,0.993278525248394,0.11574874202502398,7.087566321313917e-18,6.082076833036246e-17
167.655,0.5817961611908226,0.0,0.5237336407367013,0.9939449031928873,0.10987961329055534,6.7281858353913786e-18,6.086157221119977e-17
167.676,0.58206869286243,0.0,0.524427806795148,0.9946418414554714,0.10338088423915126,6.330253448824982e-18,6.090424737182361e-17
167.705,0.5824325899933617,0.0,0.5253868441118087,0.9955355453407232,0.09438738243615483,5.7795602890167054e-18,6.095897095194657e-17
167.732,0.5827583806238745,0.0,0.5262800681597019,0.9962955030036326,0.08599575974859863,5.265721595818306e-18,6.100550493791504e-17
167.754,0.5830145493407243,0.0,0.5270080282951672,0.9968630229152287,0.07914615306072822,4.846304150532366e-18,6.104025551007447e-17
167.766,0.58315075747753,0.0,0.5274051281687925,0.9971529301473694,0.07540579486031218,4.617273265642162e-18,6.105800720826901e-17
167.781,0.583317520198198,0.0,0.5279015133182349,0.9974957503022334,0.07072643161495211,4.330744904618263e-18,6.107899888853588e-17
167.808,0.5836078912339382,0.0,0.5287949731560021,0.9980578785191492,0.06229342762968909,3.814372337730802e-18,6.111341931461369e-17
167.835,0.5838856459740631,0.0,0.5296882876183391,0.9985491054561906,0.053848713936747124,3.2972827580419417e-18,6.114349828941883e-17
167.859,0.5841219353891836,0.0,0.5304821256507453,0.9989260151813977,0.046333747893022525,2.8371238024845227e-18,6.116657735384596e-17
167.888,0.584394122194564,0.0,0.5314409459873539,0.9993061988560876,0.0372440723847105,2.2805417016574023e-18,6.118985688986081e-17
167.926,0.5847286766748049,0.0,0.5326964314807242,0.9996793588681508,0.025321521537276653,1.550496015008331e-18,6.121270635057796e-17
167.947,0.5849027952142078,0.0,0.5333897033711693,0.9998246080759503,0.018728403182664107,1.146783950539535e-18,6.122160029944848e-17
167.965,0.585045935022759,0.0,0.5339835702204501,0.9999145129066698,0.01307543034157584,8.006391957642518e-19,6.12271053826069e-17
167.987,0.5852132274106914,0.0,0.5347088936852504,0.9999809974344974,0.006164800881423588,3.7748518334080895e-19,6.123117638581675e-17
168.005,0.5853438362561727,0.0,0.5353018771945444,0.9999998699314255,0.0005100364025384416,3.123072239086667e-20,6.12323319929645e-17
168.04,0.5855816453231452,0.0,0.5364535660660785,0.9999450305178934,-0.010485034218788268,-6.420231797494761e-19,6.122897404735203e-17
168.059,0.5857018047249704,0.0,0.5370779551184762,0.9998646465231286,-0.01645261782146248,-1.0074322876324363e-18,6.122405194725746e-17
168.083,0.5858445934243719,0.0,0.5378657568190652,0.9997122380642691,-0.02398835268479608,-1.4688629666126668e-18,6.12147196206922e-17
168.109,0.5859879529153978,0.0,0.5387179832510351,0.9994831195075131,-0.032147998686237265,-1.968497184504689e-18,6.120069015533437e-17
168.137,0.5861291635025406,0.0,0.5396342202605121,0.9991620579261257,-0.04092898729298723,-2.506177664034975e-18,6.11810308034356e-17
168.159,0.5862305288235526,0.0,0.5403529114939968,0.9988558444832484,-0.04782260910549154,-2.9282902583957644e-18,6.116228063780183e-17
168.18,0.5863194183954854,0.0,0.5410378770658616,0.9985193695703559,-0.05439732155923689,-3.3308752864854384e-18,6.114167749154848e-17
168.2,0.5863969313330993,0.0,0.5416892121127601,0.9981588993525458,-0.060653208021625056,-3.713937853085085e-18,6.111960505662702e-17
168.227,0.5864905212223761,0.0,0.5425668589892014,0.9976105271297663,-0.06908861092734425,-4.2304573114854495e-18,6.10860269422586e-17
168.238,0.5865250108118729,0.0,0.5429238489532606,0.9973668401942525,-0.0725216249192778,-4.440668791317924e-18,6.107110542098006e-17
168.283,0.5866441734868625,0.0,0.5443806149849422,0.9962482811495144,-0.08654110183397419,-5.2991141677830816e-18,6.100261343329026e-17
168.294,0.5866679438236875,0.0,0.5447357799931994,0.9959452429510559,-0.08996150867544524,-5.508553682292543e-18,6.098405769530218e-17
168.312,0.5867023028938996,0.0,0.5453161291350055,0.9954243959383421,-0.09555245664443528,-5.850900509013695e-18,6.095216501395392e-17
168.333,0.5867352721520059,0.0,0.5459918596253487,0.9947777163122581,-0.10206515139149414,-6.2496880478041655e-18,6.091256730724603e-17
168.355,0.5867615967813019,0.0,0.5466981577439614,0.9940553846877316,-0.10887558116182933,-6.666706598757108e-18,6.086833725165106e-17
168.383,0.5867829539322253,0.0,0.5475945998784911,0.9930700697155006,-0.11752377051154682,-7.196255469034695e-18,6.080800411030634e-17
168.395,0.5867879455930689,0.0,0.5479779082230786,0.9926252962117662,-0.12122302306287937,-7.42276935884605e-18,6.078076958792164e-17
168.422,0.5867900561459716,0.0,0.5488383481876195,0.9915755257042479,-0.12952982986302589,-7.931414576792795e-18,6.071648968332807e-17
168.45,0.5867789193114128,0.0,0.5497276223815981,0.9904156639473075,-0.13811883509432726,-8.45733946501145e-18,6.064546863392354e-17
168.473,0.5867596339896092,0.0,0.5504556952161946,0.9894091418083735,-0.14515353976399614,-8.888090892844297e-18,6.058383692813771e-17
168.498,0.5867283148205293,0.0,0.55124453003095,0.9882605658690049,-0.1527777927196035,-9.354941741743012e-18,6.051350693575144e-17
168.516,0.5866990930218057,0.0,0.5518107963145408,0.9873987046996766,-0.15825232370300563,-9.690160084025833e-18,6.046073315963508e-17
168.541,0.5866492529455924,0.0,0.552594850755678,0.9861536481787249,-0.165834200886885,-1.0154416165264144e-17,6.038449543547803e-17
168.57,0.5865779777141841,0.0,0.5535007073191837,0.9846401060180616,-0.1745962818067453,-1.0690938882882995e-17,6.029181770735648e-17
168.581,0.5865471656170801,0.0,0.553843255204114,0.9840467195211364,-0.1779102408510818,-1.08938603496906e-17,6.025548326365065e-17
168.615,0.5864388183410615,0.0,0.5548982666928943,0.9821463021489654,-0.18811868906388143,-1.151894752109393e-17,6.013911626105698e-17
168.637,0.5863581721490462,0.0,0.5555778019055905,0.9808637846207499,-0.19469523882072523,-1.1921645051551533e-17,6.006058471176801e-17
168.654,0.5862901936007547,0.0,0.5561011711328266,0.9798446545638503,-0.1997609894915644,-1.223183281876762e-17,5.999818099366316e-17
168.681,0.5861721019011946,0.0,0.5569292348048228,0.9781762659869577,-0.2077767856614702,-1.2722658774872258e-17,5.989602165714188e-17
168.691,0.5861252153299297,0.0,0.5572349183064761,0.9775429923379496,-0.21073608644692882,-1.2903863686603565e-17,5.985724482977978e-17
168.703,0.5860667078199926,0.0,0.5576010075696005,0.9767722085792827,-0.21428031301813583,-1.3120884972897649e-17,5.981004793663547e-17
168.748,0.5858255495108999,0.0,0.5589665735332752,0.9737776456709824,-0.22750186107256098,-1.3930471298128882e-17,5.96266838426107e-17
168.765,0.5857255262422094,0.0,0.5594793915515678,0.9726042063267377,-0.23246732638273396,-1.423451835804791e-17,5.955483140576456e-17
168.788,0.5855824369136049,0.0,0.5601704555028575,0.9709804569933791,-0.23915884289929304,-1.4644255572220195e-17,5.94554054345788e-17
168.803,0.5854843165448687,0.0,0.5606194162271749,0.9698993553396782,-0.2435061406036336,-1.4910450783148262e-17,5.938920705059091e-17
168.832,0.5852838941298231,0.0,0.5614834450649312,0.9677604149403995,-0.2518725456940189,-1.5422745343863786e-17,5.925823472491374e-17
168.853,0.5851299574299091,0.0,0.5621057956450165,0.9661719654026993,-0.2578986879956647,-1.5791740137909635e-17,5.916097024281615e-17
168.879,0.5849291527459417,0.0,0.5628723661740109,0.9641601106592703,-0.26532109040463314,-1.6246231205515976e-17,5.903777966922166e-17
168.902,0.5847421210287724,0.0,0.5635467603369864,0.9623394331832833,-0.2718507225307245,-1.6646055859657352e-17,5.892629532705931e-17
168.917,0.5846154032640989,0.0,0.5639846636424771,0.9611316619887006,-0.27609043504409597,-1.6905663377597617e-17,5.88523406706819e-17
168.938,0.5844317260283423,0.0,0.5645951410381823,0.9594141886802622,-0.28200073503272,-1.7267564875751072e-17,5.874717576119189e-17
168.955,0.5842776870792584,0.0,0.565087094056728,0.9580014618404263,-0.28676331549137535,-1.7559188821469772e-17,5.866067119106816e-17
168.987,0.583974789854335,0.0,0.5660075762351605,0.9552889467276661,-0.29567385454237644,-1.810480197784407e-17,5.849457754354413e-17
169.003,0.5838170206915299,0.0,0.5664650538342486,0.9539071014906683,-0.300102052185039,-1.8375950881297997e-17,5.840996392622381e-17
169.03,0.5835412628427054,0.0,0.5672327887607513,0.9515374445203457,-0.30753291153255446,-1.883095978704045e-17,5.826486428503467e-17
169.046,0.5833722234159865,0.0,0.5676851816682245,0.9501112278546441,-0.31191129300578474,-1.9099058329872325e-17,5.817753370130758e-17
169.061,0.5832099560901464,0.0,0.5681075441635921,0.9487595797844558,-0.3159988287434351,-1.934934770774802e-17,5.809476912717108e-17
169.089,0.5828972647367658,0.0,0.5688913425968537,0.9461995326668041,-0.3235837517260741,-1.9813790290371426e-17,5.793801145175616e-17
169.11,0.5826544039605811,0.0,0.5694751899303914,0.944248608013158,-0.32923330066263573,-2.015972539146075e-17,5.781855177013288e-17
169.137,0.5823316884630119,0.0,0.5702207213620525,0.9417024441851435,-0.3364468852816543,-2.0601430057163733e-17,5.766264420102875e-17
169.154,0.5821224773627712,0.0,0.5706871255018124,0.9400780047081798,-0.3409594478290454,-2.0877744821144472e-17,5.756317597073514e-17
169.176,0.5818448530001851,0.0,0.571287209893086,0.9379519885543803,-0.3467651469898374,-2.1233241365848292e-17,5.743299502685083e-17
169.186,0.5817161008370806,0.0,0.5715586570421874,0.9369769173880574,-0.3493912653200898,-2.139404473621458e-17,5.737328913771193e-17
169.226,0.5811851615009288,0.0,0.5726360764687288,0.9330238934434116,-0.35981441642004447,-2.2032278667794016e-17,5.713123623167377e-17
169.253,0.5808124321348953,0.0,0.5733556409226217,0.9303095003486603,-0.3667754538692932,-2.2458519279342382e-17,5.696502759091802e-17
169.261,0.58069978323347,0.0,0.5735676358040167,0.9294983434797659,-0.36882628630341835,-2.2584096548144328e-17,5.691535855776312e-17
169.288,0.5803121604925635,0.0,0.5742789853186469,0.9267381139169586,-0.37570795601589047,-2.3005477287452742e-17,5.674634324281293e-17
169.311,0.579972950655982,0.0,0.5748798615826656,0.9243601222481364,-0.3815211192023456,-2.3361430871913417e-17,5.660073324853181e-17
169.334,0.5796254872591599,0.0,0.5754759895853083,0.9219584985958224,-0.38728868672727457,-2.371459252732694e-17,5.645367621260367e-17
169.37,0.5790651497325203,0.0,0.5763993766338984,0.9181540820905668,-0.3962235247185971,-2.4261693564675606e-17,5.622072288781445e-17
169.381,0.5788899422347944,0.0,0.5766791347100624,0.9169810193061173,-0.39893083389519296,-2.4427468440546624e-17,5.614889350860569e-17
169.405,0.5785012143633387,0.0,0.5772855852100965,0.9144051089810199,-0.4048003170322488,-2.4786870627368864e-17,5.599116449187964e-17
169.422,0.5782205269104961,0.0,0.5777118619790783,0.9125672576543904,-0.40892664410276014,-2.5039535289325704e-17,5.587862855465635e-17
169.438,0.5779523225005115,0.0,0.5781105441848937,0.9108278490450143,-0.4127864210509263,-2.5275878463575425e-17,5.577212049536228e-17
169.471,0.5773868733145455,0.0,0.5789250208549741,0.9072120340225651,-0.42067365656128275,-2.5758832349669393e-17,5.55507156806847e-17
169.483,0.5771771734791009,0.0,0.5792185600869721,0.9058881549223492,-0.42351700175008544,-2.5932937028886306e-17,5.5469651465557826e-17
169.517,0.5765712706558085,0.0,0.58004252306004,0.9021125287698203,-0.43150085218516093,-2.6421806872895625e-17,5.523846104143425e-17
169.533,0.5762801562313417,0.0,0.5804262747915894,0.900323782818186,-0.43522073260812355,-2.6649583855555228e-17,5.5128931941226417e-17
169.548,0.5760037758554329,0.0,0.5807836949023829,0.8986402489841705,-0.4386863377239688,-2.6861790966166658e-17,5.502584522517225e-17
169.584,0.5753268711460817,0.0,0.5816321359153861,0.8945753187332687,-0.44691721729339395,-2.7365786982109853e-17,5.477694003414604e-17
169.611,0.5748066789735322,0.0,0.5822596812926841,0.8915056453282885,-0.45300958527142876,-2.773883692928626e-17,5.45889767486542e-17
169.635,0.5743353455955447,0.0,0.582811092551372,0.8887633014946661,-0.45836644065234666,-2.806684971907308e-17,5.4421056618753843e-17
169.655,0.5739361783417001,0.0,0.5832659462045668,0.886468925692223,-0.46278811975036266,-2.833759947678518e-17,5.428056661962869e-17
169.668,0.5736736199272587,0.0,0.5835593121762491,0.8849734611662108,-0.46564146403804857,-2.851231642422418e-17,5.4188995827377724e-17
169.7,0.5730169764317621,0.0,0.5842736876976453,0.8812796783426965,-0.47259509999596216,-2.893810382513892e-17,5.396281686179961e-17
169.723,0.572535979995287,0.0,0.5847802649421763,0.8786147638102184,-0.4775312521864031,-2.92403559741453e-17,5.379963790918959e-17
169.744,0.5720902557774553,0.0,0.5852377125042582,0.8761751651363707,-0.48199282152149686,-2.951354830441513e-17,5.3650255573833e-17
169.766,0.5716166376534806,0.0,0.5857116952862707,0.8736136217816163,-0.48662022136118344,-2.979689482451749e-17,5.349340628031914e-17
169.784,0.5712240850969187,0.0,0.5860954719277901,0.8715139787769824,-0.49037066061940665,-3.002654299616647e-17,5.3364840226070295e-17
169.807,0.5707159197592151,0.0,0.5865805337828986,0.8688268350968799,-0.49511607792066215,-3.031711600159652e-17,5.320030013073596e-17
169.839,0.5699967307219995,0.0,0.5872453788827645,0.8650818706966111,-0.5016306978166825,-3.071602142176267e-17,5.2970987197450465e-17
169.868,0.5693328283037716,0.0,0.5878377105568167,0.8616835205442224,-0.5074460665159547,-3.107211005493394e-17,5.2762898265625225e-17
169.884,0.5689616355481909,0.0,0.5881603287693404,0.859807449129316,-0.5106184000031126,-3.126635945747774e-17,5.2648022022963375e-17
169.907,0.5684219817633994,0.0,0.5886188340474305,0.857109972394927,-0.5151334732097763,-3.1542827955000567e-17,5.2482849210536186e-17
169.931,0.5678512890323111,0.0,0.5890906109814062,0.8542953249491964,-0.5197879353832167,-3.1827831565123375e-17,5.2310501761279065e-17
169.95,0.5673940419860823,0.0,0.5894592366442146,0.8520678205559213,-0.5234313987267883,-3.2050929351199164e-17,5.217410645501352e-17
169.968,0.566956448176048,0.0,0.5898044670738384,0.8499586804843523,-0.5268493536764552,-3.2260218730636136e-17,5.20449588731335e-17
169.995,0.5662920642591991,0.0,0.590314972503732,0.8467979981697853,-0.5319146080863396,-3.257037611063273e-17,5.185142289915069e-17
170.017,0.5657436754034848,0.0,0.5907243775864045,0.8442262126983583,-0.5359870350978523,-3.281974034585324e-17,5.169394645686685e-17
170.04,0.565163656675878,0.0,0.591146040634817,0.8415418938149154,-0.5401918556905552,-3.307721134984536e-17,5.15295793304419e-17
170.063,0.5645768396218447,0.0,0.5915611626625623,0.8388629253897198,-0.5443427159488784,-3.333137823629854e-17,5.136553982509527e-17
170.079,0.5641646386091838,0.0,0.5918460595238662,0.8370029259658406,-0.5471984118440236,-3.350623917816493e-17,5.1251647708051784e-17
170.107,0.5634354907403982,0.0,0.5923369067158313,0.8337561039851195,-0.5521329179351243,-3.380839053265691e-17,5.105283720074722e-17
170.124,0.5629879886670502,0.0,0.5926300954573708,0.8317904639303656,-0.555089744198636,-3.3989443923619133e-17,5.0932476460680706e-17
170.145,0.562430220243919,0.0,0.5929872018993261,0.8293688454525003,-0.5587014571242737,-3.42105975573102e-17,5.078419509479702e-17
170.161,0.5620015904057493,0.0,0.593255502880214,0.8275290279533014,-0.5614229313936723,-3.4377239794959244e-17,5.067153876422656e-17
170.196,0.561053017583229,0.0,0.5938309320416506,0.8235217179787332,-0.5672847433320906,-3.4736172256338625e-17,5.0426161797549243e-17
170.218,0.5604491551745279,0.0,0.5941845086881578,0.8210160709410821,-0.5709050807765405,-3.495785398949757e-17,5.027273516632662e-17
170.228,0.5601727457289886,0.0,0.5943431395586427,0.8198807702395029,-0.5725342981791393,-3.505761478335796e-17,5.020321804781369e-17
170.259,0.5593082889457566,0.0,0.5948265618740252,0.8163766916583629,-0.5775197808880197,-3.53628875554397e-17,4.998865511689599e-17
170.287,0.5585177197753446,0.0,0.5952523012180236,0.8132329964338182,-0.581938221387179,-3.563343900616563e-17,4.9796159302184316e-17
170.303,0.5580618458345615,0.0,0.5954909042772305,0.8114462753551408,-0.584427020433064,-3.5785833995428836e-17,4.968675418968575e-17
170.325,0.5574301719639929,0.0,0.5958133976436976,0.8090016541667202,-0.587806365698357,-3.599275921354657e-17,4.9537064314009396e-17
170.352,0.5566473363600094,0.0,0.5962002953266918,0.806021590839588,-0.5918861335598424,-3.6242572946188193e-17,4.935458806326795e-17
170.368,0.5561795191785437,0.0,0.5964249195468672,0.8042666096274336,-0.594268643492481,-3.6388459604335323e-17,4.924712645706652e-17
170.392,0.555472385290863,0.0,0.5967553332963824,0.8016501768816575,-0.597793437489579,-3.660429098864532e-17,4.908691615770157e-17
170.413,0.5548483683609152,0.0,0.5970379925473458,0.799377221439507,-0.6008294748459446,-3.679019466017356e-17,4.894773777735986e-17
170.44,0.5540389064819701,0.0,0.5973925107959186,0.796478390833518,-0.6046669934230327,-3.702517490227853e-17,4.877023559621512e-17
170.461,0.5534038202230808,0.0,0.5976612867400448,0.7942428044525527,-0.6076004999795048,-3.72048003730116e-17,4.863334541093179e-17
170.472,0.5530692516236088,0.0,0.5977996324085162,0.7930786606497865,-0.6091192313676698,-3.729779584967564e-17,4.8562062161841546e-17
170.509,0.5519343827129927,0.0,0.5982525929040854,0.7891988988421949,-0.6141376865705825,-3.7605087604721217e-17,4.8324495267885484e-17
170.53,0.55128382506192,0.0,0.598501142018881,0.7870224345481058,-0.6169243774709933,-3.777572320929127e-17,4.8191225266324756e-17
170.548,0.5507225378337046,0.0,0.5987092368469231,0.7851721774056611,-0.6192775240778992,-3.791981188229486e-17,4.807792969197004e-17
170.572,0.54996894662442,0.0,0.5989795610749701,0.7827277601043688,-0.6223642450864266,-3.810881903244256e-17,4.7928252300779634e-17
170.597,0.5491776995348607,0.0,0.5992524367476487,0.7802097731100548,-0.6255179533343203,-3.830192796800394e-17,4.7774070065135565e-17
170.625,0.5482840263580081,0.0,0.5995474482131514,0.7774250213052116,-0.628975624526572,-3.851364926590869e-17,4.760355319592451e-17
170.646,0.5476086561154178,0.0,0.5997613142503663,0.7753617434193181,-0.6315173527637665,-3.8669285233407826e-17,4.747721386298896e-17
170.669,0.546864000256868,0.0,0.599988244145171,0.7731275326152438,-0.634250595831226,-3.8836648102100624e-17,4.734040790749746e-17
170.686,0.5463103044215356,0.0,0.6001510479284161,0.7714937344144122,-0.6362369195192185,-3.8958275349429154e-17,4.72403666206424e-17
170.721,0.5451616407663558,0.0,0.6004729840475519,0.7681783467582484,-0.6402359155590729,-3.9203143234429684e-17,4.703735767658972e-17
170.734,0.5447320483098422,0.0,0.6005880002689834,0.7669638554805741,-0.641690302549737,-3.929219875307161e-17,4.6962991533799916e-17
170.762,0.5438014334656623,0.0,0.6008273006032435,0.7643799809360425,-0.6447660387646167,-3.94805332786003e-17,4.680477484928197e-17
170.779,0.5432329010898795,0.0,0.6009669558766966,0.7628328879488708,-0.6465956890233537,-3.9592567045246377e-17,4.6710042725545813e-17
170.807,0.5422907896712816,0.0,0.6011876583933305,0.7603212629868119,-0.6495472092543692,-3.977329553542296e-17,4.655625005202361e-17
170.829,0.5415456480609913,0.0,0.6013529029958926,0.75838036804685,-0.6518122562219311,-3.991198966136012e-17,4.643740451323833e-17
170.864,0.5403514490717074,0.0,0.6016009177467222,0.7553530008761926,-0.6553181243238513,-4.0126662168822586e-17,4.625203173746886e-17
170.875,0.5399739437699732,0.0,0.6016750793293848,0.7544171523391701,-0.6563952774483204,-4.019261877512622e-17,4.6194727541701287e-17
170.893,0.5393539850497265,0.0,0.6017925164308583,0.7529021390637263,-0.6581324858972283,-4.029899211344656e-17,4.610195973377939e-17
170.923,0.5383146703791127,0.0,0.6019774048209026,0.7504229679198343,-0.6609579178876575,-4.047199992561094e-17,4.59501542834841e-17
170.94,0.5377224185059204,0.0,0.6020761414422513,0.7490439527882677,-0.6625203067011057,-4.0567668648581595e-17,4.586571396014166e-17
170.955,0.537197885516906,0.0,0.6021596268937746,0.7478429326770766,-0.6638757022552864,-4.0650662689931886e-17,4.579217268839757e-17
170.989,0.536002255779221,0.0,0.6023362060703146,0.7451761428251629,-0.6668676901486624,-4.083386910976742e-17,4.5628878905590333e-17
171.005,0.5354364455770697,0.0,0.6024132081515758,0.7439482289311966,-0.6682372577686281,-4.0917730939867756e-17,4.5553690864596615e-17
171.033,0.5344415040898894,0.0,0.6025385457581646,0.7418417254148439,-0.6705750177523223,-4.1060877453928056e-17,4.542470472516192e-17
171.049,0.5338702798683421,0.0,0.6026047733067195,0.740662505069254,-0.6718772608032938,-4.114061684313226e-17,4.535249830407611e-17
171.071,0.5330817111424464,0.0,0.602689413897906,0.7390705476074106,-0.6736280321210528,-4.1247820667648886e-17,4.5255019023574846e-17
171.103,0.5319283411157009,0.0,0.6027992166697813,0.7368167032703669,-0.6760925571116636,-4.13987292997074e-17,4.5117010860917996e-17
171.12,0.531312605744507,0.0,0.6028511156772991,0.735649495237025,-0.6773623994270055,-4.147648471605266e-17,4.504553998181944e-17
171.137,0.5306948215782223,0.0,0.6028985397840796,0.7345034502062219,-0.6786049525571973,-4.155256915173566e-17,4.4975364962886845e-17
171.165,0.5296729067248366,0.0,0.6029668739579748,0.7326624683478041,-0.6805921741208187,-4.167425137808994e-17,4.486263733587686e-17
171.187,0.5288662168790513,0.0,0.6030120110685135,0.7312571328715303,-0.682101902668882,-4.176669558978829e-17,4.4776585356239517e-17
171.209,0.5280562913340886,0.0,0.6030496030008212,0.7298884224703543,-0.6835663031072681,-4.185636425526527e-17,4.4692776015651524e-17
171.231,0.5272431946832613,0.0,0.6030796342043465,0.7285567043471853,-0.6849854951389613,-4.1943264704214694e-17,4.4611231798806254e-17
171.242,0.5268354774306354,0.0,0.6030918098311073,0.7279048292536984,-0.6856781749109011,-4.19856791074917e-17,4.457131596147212e-17
171.275,0.5256077473819151,0.0,0.6031169551111497,0.726005660889308,-0.6876887234473743,-4.210878969897782e-17,4.445502543854749e-17
171.285,0.5252343758043478,0.0,0.603121199232955,0.7254469975679839,-0.6882780351860703,-4.214487463570252e-17,4.442081717613446e-17
171.314,0.5241481775059144,0.0,0.6031246113127315,0.7238715911574769,-0.6899347211984208,-4.224631739681338e-17,4.432435135523528e-17
171.342,0.5230947167656176,0.0,0.6031153310561432,0.7224141401750942,-0.6914606352317385,-4.2339752683647203e-17,4.4235108221210824e-17
171.364,0.5222638354324203,0.0,0.6030993561200044,0.7213132710479929,-0.692608955334859,-4.241006701058136e-17,4.4167699428571587e-17
171.386,0.5214302431763568,0.0,0.603075727335433,0.720251679617179,-0.69371284982234,-4.2477661053115865e-17,4.4102695701184155e-17
171.413,0.5204035900379066,0.0,0.603036251655962,0.7190029120319903,-0.6950070593091253,-4.255690852838675e-17,4.402623073988014e-17
171.43,0.5197551899547135,0.0,0.6030054653363027,0.7182474434269324,-0.6957877621880653,-4.2604712792475697e-17,4.397997162942812e-17
171.448,0.5190670141085238,0.0,0.6029678665533116,0.7174736288234007,-0.696585667339618,-4.265357039196931e-17,4.393258915056069e-17
171.471,0.5181852884713639,0.0,0.6029123294824252,0.7165241357981642,-0.6975623003135233,-4.271337191424105e-17,4.387444947085226e-17
171.499,0.5171083670008823,0.0,0.6028333574065632,0.71542806564914,-0.698686398093973,-4.278220305167887e-17,4.3807334530870086e-17
171.517,0.5164140810649397,0.0,0.6027759946369527,0.7147583461875769,-0.6993715082523736,-4.2824153949806304e-17,4.3766326041123594e-17
171.549,0.5151761007651301,0.0,0.6026612581948114,0.713635586925463,-0.7005171297502653,-4.289430303482767e-17,4.369757686429555e-17
171.574,0.5142057504994999,0.0,0.6025602465822345,0.7128192003536853,-0.7013478363887157,-4.294516914611811e-17,4.3647587604195825e-17
171.602,0.5131157808833476,0.0,0.6024352572748901,0.7119685053096149,-0.7022113979758466,-4.299804704279544e-17,4.3595497556057256e-17
171.623,0.5122961806208316,0.0,0.602333288019067,0.7113748333467552,-0.7028128104131827,-4.3034872933612987e-17,4.355914563260428e-17
171.638,0.5117096741291047,0.0,0.6022561328454168,0.7109741445176622,-0.7032181495292754,-4.30596927961676e-17,4.3534610518004137e-17
171.668,0.5105340608082021,0.0,0.6020910170400903,0.7102313859205004,-0.7039683078473387,-4.3105626745321095e-17,4.3489129671076466e-17
171.7,0.5092764131259208,0.0,0.601899005685287,0.7095255934092118,-0.704679666442353,-4.314918489664261e-17,4.344591234408588e-17
171.722,0.508409694257719,0.0,0.6017574803499226,0.709092345754901,-0.7051156254060832,-4.3175879684117194e-17,4.341938357643139e-17
171.732,0.5080151909189302,0.0,0.6016905863812718,0.7089094547125007,-0.7052995002261273,-4.318713876960774e-17,4.3408184729947976e-17
171.773,0.5063943591263899,0.0,0.6013995622384233,0.7082515869252947,-0.7059601189995096,-4.32275900029217e-17,4.3367901945954777e-17
171.784,0.5059586181036805,0.0,0.60131689777379,0.7081002997089523,-0.706111864758051,-4.3236881750795793e-17,4.3358638275692496e-17
171.806,0.5050860714964683,0.0,0.6011457495721351,0.7078297957819246,-0.7063830265538087,-4.325348562205708e-17,4.334207468727293e-17
171.841,0.5036951480804477,0.0,0.600857478734999,0.7074877192533742,-0.7067256377871535,-4.327446450957046e-17,4.3321128540985295e-17
171.86,0.5029387280721177,0.0,0.6006927671353417,0.7073474856131956,-0.7068659947944095,-4.328305889755416e-17,4.3312541707056425e-17
171.881,0.502101648941128,0.0,0.6005039881142235,0.7072297567679119,-0.7069837842143201,-4.3290271419357507e-17,4.3305332894379223e-17
171.903,0.5012236046998353,0.0,0.6002986434259745,0.7071484197468623,-0.7070651401741678,-4.329525303514846e-17,4.330035243825519e-17
171.919,0.5005843556311804,0.0,0.6001444343061564,0.7071162701233993,-0.7070972921223584,-4.329722177417036e-17,4.3298383841581806e-17
171.952,0.49926424113476836,0.0,0.5998134392934062,0.707121799390705,-0.7070917626634126,-4.3296883192460404e-17,4.3298722411557184e-17
171.974,0.4983830118033232,0.0,0.5995830997802409,0.7071792394818387,-0.7070343154655849,-4.3293365566113427e-17,4.3302239602744667e-17
172.002,0.49726023713007056,0.0,0.5992787539711076,0.7073145136632895,-0.7068989876646198,-4.328507912819905e-17,4.331052275741071e-17
172.02,0.4965377978251556,0.0,0.5990764921559895,0.7074382200277725,-0.7067751869186815,-4.327749851883678e-17,4.3318097587575626e-17
172.047,0.49545327151912427,0.0,0.5987634074314889,0.7076776435753183,-0.7065354575558717,-4.326281932899544e-17,4.333275805163275e-17
172.085,0.493925356678649,0.0,0.5983030894250693,0.7081239404051952,-0.7060881566950543,-4.323543005062265e-17,4.336008585084167e-17
172.096,0.49348277221228165,0.0,0.598165549852574,0.7082769477081604,-0.705934674984316,-4.3226032006333485e-17,4.3369454846032793e-17
172.133,0.491993275408306,0.0,0.5976888028542822,0.7088698923924441,-0.7053392628087031,-4.31895735255816e-17,4.340576223651677e-17
172.161,0.49086541260599587,0.0,0.5973135779136893,0.7093986270574386,-0.7048074828838163,-4.315701139643843e-17,4.3438137897270955e-17
172.183,0.48997892808630167,0.0,0.5970100436969277,0.7098622656889193,-0.7043405169028644,-4.3128417976744254e-17,4.346652757557115e-17
172.199,0.4893340853428981,0.0,0.5967844814271577,0.7102260262279391,-0.7039737151829397,-4.310595784913288e-17,4.348880148455949e-17
172.232,0.48800388233880315,0.0,0.5963064869255644,0.7110467060846771,-0.7031447800888028,-4.3055200213646095e-17,4.3539053632543436e-17
172.258,0.4869557621516453,0.0,0.5959177900624384,0.7117598516654224,-0.7024228879793254,-4.301099707058603e-17,4.3582721205182724e-17
172.28,0.4860689260440332,0.0,0.5955805833967496,0.7124088854918954,-0.7017646185667923,-4.297068969413427e-17,4.362246306508915e-17
172.306,0.48502098619383943,0.0,0.5951722656413444,0.7132295743492602,-0.7009305060229389,-4.291961503128634e-17,4.367271576420253e-17
172.328,0.4841344640196214,0.0,0.5948184892395294,0.7139691881178113,-0.7001771193193858,-4.287348340053501e-17,4.3718004045915605e-17
172.339,0.4836912930527344,0.0,0.5946387607808881,0.7143544628676345,-0.699784039101417,-4.284941417899783e-17,4.374159532037377e-17
172.367,0.4825635631006619,0.0,0.5941727416977683,0.7153814820382266,-0.6987340947433368,-4.2785123629127544e-17,4.38044821073702e-17
172.395,0.48143643469735686,0.0,0.5936945024958304,0.716474659644426,-0.6976131177718806,-4.271648358612696e-17,4.3871419930186785e-17
172.412,0.48075245918167986,0.0,0.5933981952431837,0.7171704558638721,-0.6968977954018838,-4.26726827235882e-17,4.391402516083695e-17
172.445,0.4794256378313884,0.0,0.5928102163832519,0.7185898349466666,-0.6954341443381411,-4.258305994407415e-17,4.400093706336301e-17
172.456,0.4789836578985082,0.0,0.5926104786001467,0.7190830029560582,-0.6949241936065383,-4.255183446751514e-17,4.403113489457017e-17
172.471,0.47838121895748303,0.0,0.5923350978889381,0.7197715610312021,-0.6942109909319403,-4.2508163398885644e-17,4.407329691670777e-17
172.506,0.4769768111239181,0.0,0.5916790632643185,0.7214497928242547,-0.6924667475293236,-4.240135929388822e-17,4.4176058976387233e-17
172.516,0.47657590995990334,0.0,0.5914881667238985,0.7219475803315446,-0.6919477518233786,-4.236957997238539e-17,4.420653967026014e-17
172.551,0.47517414144298403,0.0,0.5908079646742501,0.723753288467443,-0.6900588217192518,-4.225391636209379e-17,4.431710740470125e-17
172.569,0.4744541339120554,0.0,0.5904508583077637,0.7247200876115344,-0.6890433909503304,-4.219173916004802e-17,4.437630677856275e-17
172.596,0.47337537264801427,0.0,0.5899059487106666,0.7262183958577926,-0.6874640656192399,-4.2095033374471403e-17,4.446805169845856e-17
172.606,0.4729762332663119,0.0,0.5897013203540282,0.7267878721636751,-0.6868619867744883,-4.205816667796844e-17,4.4502922065218024e-17
172.646,0.47138200754108833,0.0,0.5888676715192369,0.7291436019506541,-0.6843607292462259,-4.190500882667695e-17,4.464716891238202e-17
172.664,0.47066589664196146,0.0,0.5884846543109274,0.7302439187802178,-0.6831865185178282,-4.183310915617411e-17,4.4714543886550675e-17
172.687,0.4697521107342575,0.0,0.5879881581688196,0.7316857963885344,-0.6816420580944784,-4.173853823048086e-17,4.480283342644003e-17
172.697,0.4693552654243317,0.0,0.5877698171593904,0.7323251715457557,-0.6809550962585414,-4.169647394980503e-17,4.48419838634273e-17
172.737,0.4677707791190608,0.0,0.5868815208996755,0.7349573904861375,-0.6781132900701823,-4.152246350718647e-17,4.5003160788426984e-17
172.76,0.4668619052661798,0.0,0.5863599740388253,0.7365244015709942,-0.6764109741056017,-4.141822671732842e-17,4.509911254389189e-17
172.783,0.4659547349513601,0.0,0.5858305955213683,0.7381298915871006,-0.6746586271186451,-4.131092641089982e-17,4.519742045435628e-17
172.816,0.46465626695168316,0.0,0.5850574339023158,0.7404996790412287,-0.6720567128894981,-4.1151605114280777e-17,4.5342528085374156e-17
172.827,0.4642242954464058,0.0,0.5847961604379078,0.7413067446464061,-0.6711663805210658,-4.1097087980021885e-17,4.539194660087828e-17
172.848,0.4634008485663578,0.0,0.5842924516714274,0.7428709998619817,-0.6694345954341318,-4.099104672684564e-17,4.548772960801849e-17
172.86,0.4629310475447705,0.0,0.5840017300764158,0.7437785826739862,-0.6684260766573041,-4.092929276224954e-17,4.5543303027302615e-17
172.881,0.4621102285477844,0.0,0.5834879300787328,0.7453906014295276,-0.6666279706856943,-4.081919052611656e-17,4.564201070775958e-17
172.911,0.4609406693200637,0.0,0.5827428530963841,0.7477452185777406,-0.663985758954307,-4.06574017191409e-17,4.57861894254484e-17
172.949,0.45946459087779645,0.0,0.5817804886686585,0.7508133957046017,-0.660514378973331,-4.044484100002458e-17,4.5974061090329777e-17
172.96,0.4590384661915316,0.0,0.5814980499712984,0.7517190965810376,-0.6594834340871563,-4.038171383227702e-17,4.602951927429539e-17
172.971,0.4586128772766982,0.0,0.5812138854877926,0.7526325617344757,-0.658440754371265,-4.031786811344692e-17,4.6085452883109916e-17
173.0,0.457493496868341,0.0,0.5804564814899762,0.7550775366480249,-0.655635503652411,-4.014609604776439e-17,4.6235164418203597e-17
173.021,0.45668535192608395,0.0,0.5799005872540326,0.7568807842983327,-0.6535529652292466,-4.001857734706291e-17,4.6345581491354574e-17
173.049,0.4556111199914507,0.0,0.5791497419801933,0.7593270288723505,-0.6507092001992046,-3.9844446959984513e-17,4.6495370770729694e-17
173.074,0.45465526213777885,0.0,0.5784700731479151,0.7615508336982381,-0.6481051825849864,-3.9684996868175723e-17,4.663153954382728e-17
173.096,0.45381674076816025,0.0,0.577864770549694,0.7635380685720887,-0.6457628185651481,-3.954156843820908e-17,4.675322258519804e-17
173.126,0.4526773923494425,0.0,0.5770285690583754,0.7662925824652758,-0.6424917727556506,-3.934127464918581e-17,4.6921887916322957e-17
173.146,0.45192051797645627,0.0,0.5764642249637912,0.768156907682043,-0.6402616380670961,-3.9204718283785524e-17,4.7036044911787145e-17
173.162,0.45131660520988875,0.0,0.5760088100333106,0.7696641435982892,-0.6384489846958112,-3.9093725276330135e-17,4.712833649380668e-17
173.202,0.4498131568779769,0.0,0.5748550483217446,0.7734920222145865,-0.6338060362369466,-3.8809426677892405e-17,4.736272645855534e-17
173.227,0.448878221712282,0.0,0.5741229786194868,0.7759265919900151,-0.6308232112428652,-3.862678132382148e-17,4.7511800862694314e-17
173.241,0.4483562848380986,0.0,0.5737093593590339,0.7773037032696765,-0.6291255462014294,-3.852282932087054e-17,4.7596124608729663e-17
173.273,0.4471677706135432,0.0,0.5727541382478099,0.7804874537744256,-0.6251714440861112,-3.8280710395919235e-17,4.7791073101975905e-17
173.295,0.44635436199414913,0.0,0.5720895586977832,0.7827046007993387,-0.6223933706969796,-3.8110602461729406e-17,4.792683420234085e-17
173.317,0.4455440326881613,0.0,0.5714186156153471,0.7849440927317408,-0.6195665995561287,-3.793751265025115e-17,4.806396353367748e-17
173.334,0.44492001575059287,0.0,0.5708958261900088,0.7866895071828113,-0.6173488635192143,-3.7801715483303095e-17,4.817083934471193e-17
173.356,0.4441152907489554,0.0,0.5702137000859837,0.7889670263563521,-0.6144355387853272,-3.7623325792791516e-17,4.8310297173005604e-17
173.383,0.4431321120428673,0.0,0.5693680042791865,0.7917901728357047,-0.6107931910236106,-3.740029631640313e-17,4.848316503797877e-17
173.411,0.44211779402259177,0.0,0.5684811208131723,0.7947492481422438,-0.6069379149281565,-3.7164228739896774e-17,4.866435614310822e-17
173.441,0.44103711876811,0.0,0.567519838329956,0.7979535652541053,-0.6027189292682471,-3.690589037569394e-17,4.886056397783294e-17
173.454,0.4405708197844858,0.0,0.5670997588265466,0.7993525625302681,-0.6008622810397519,-3.6792203460185476e-17,4.894622785464637e-17
173.477,0.43974883130171494,0.0,0.5663513584156625,0.8018426140139506,-0.5975352896283822,-3.6588483991049246e-17,4.909869953360656e-17
173.504,0.4387888587641125,0.0,0.5654644088319133,0.8047890859611172,-0.5935608874562656,-3.63451220461189e-17,4.927911890555031e-17
173.521,0.43818723007872906,0.0,0.5649013433176555,0.8066566670492895,-0.5910203224128013,-3.618955730369369e-17,4.939347526563923e-17
173.537,0.4376229946555266,0.0,0.5643681630377251,0.8084227874333799,-0.5886022398517052,-3.6041492450267674e-17,4.950161894940349e-17
173.572,0.43639560871745453,0.0,0.5631909753838352,0.8123131996548213,-0.5832214550807836,-3.5712014407937173e-17,4.973983799312109e-17
173.598,0.4354900547955475,0.0,0.5623069340702711,0.8152258463095481,-0.5791431770373205,-3.5462291900339175e-17,4.991818616325901e-17
173.622,0.4346589520915273,0.0,0.5614837364501306,0.8179303946034765,-0.5753171904122119,-3.5228017786638176e-17,5.0083791983823953e-17
173.645,0.4338668642561651,0.0,0.5606884464836355,0.8205357102924431,-0.5715952660186016,-3.500011564687301e-17,5.024332155978702e-17
173.659,0.43338685227848694,0.0,0.5602013170157204,0.8221276347615492,-0.5693032163631089,-3.485976808316872e-17,5.0340798820065775e-17
173.687,0.4324317251791952,0.0,0.5592202131956129,0.8253243898027948,-0.564658880738313,-3.4575384545315105e-17,5.0536543611511755e-17
173.709,0.43168590776725285,0.0,0.55844299596991,0.8278473656237397,-0.5609534198396817,-3.434849050387138e-17,5.069103132468407e-17
173.742,0.430574962703021,0.0,0.5572668064392771,0.8316485806453463,-0.5553022945302685,-3.40024588777837e-17,5.092378861513814e-17
173.772,0.4295732480932729,0.0,0.5561868739886704,0.8351197451149812,-0.5500681878813652,-3.368196228008494e-17,5.113633613799076e-17
173.797,0.4287445764900755,0.0,0.5552792617332458,0.8380222053750306,-0.5456361271931781,-3.3410576833314184e-17,5.131406057134685e-17
173.826,0.427790360801503,0.0,0.5542178005518916,0.841398643925048,-0.5404149535320892,-3.3090872152721935e-17,5.152080780448668e-17
173.842,0.4272671758617712,0.0,0.5536282383176802,0.8432652954877053,-0.5374975734140881,-3.291223414155162e-17,5.163510724755327e-17
173.864,0.4265516484357543,0.0,0.5528130734495309,0.8458356506616873,-0.5334435790875358,-3.2663998582762935e-17,5.179249610937771e-17
173.891,0.4256796649315714,0.0,0.5518055649402452,0.8489949829896448,-0.528400907321716,-3.2355223990904834e-17,5.1985949420521506e-17
173.901,0.42535844905397235,0.0,0.5514304515657965,0.850166178825897,-0.5265144522048498,-3.2239711929874573e-17,5.205766448212355e-17
173.94,0.424114812204448,0.0,0.5499574941239898,0.8547375711925375,-0.5190603860745704,-3.17832820185206e-17,5.23375815335962e-17
173.957,0.4235772984849196,0.0,0.5493104981804839,0.856731300055494,-0.5157630071120097,-3.1581375788916815e-17,5.245966221711557e-17
173.974,0.42304260048278647,0.0,0.5486605394176758,0.8587251489879018,-0.5124364531292694,-3.1377683104559125e-17,5.2581750252768397e-17
173.997,0.42232370711770856,0.0,0.5477765113917449,0.861422239691882,-0.5078894810529371,-3.1099261364604486e-17,5.274689942765037e-17
174.018,0.4216719099221018,0.0,0.5469647104519788,0.8638836173445406,-0.5036914687422365,-3.084220724765045e-17,5.289761534084142e-17
174.05,0.4206872047318615,0.0,0.5457192640763011,0.8676304843768109,-0.4972095560023565,-3.0445304563188126e-17,5.312704477673645e-17
174.068,0.4201378709992981,0.0,0.5450142888922247,0.8697352681847473,-0.493518554135106,-3.021929588206936e-17,5.325592561440078e-17
174.085,0.41962210161685853,0.0,0.5443455967701615,0.8717207429582886,-0.49000300641552125,-3.0004030668967405e-17,5.337750088071104e-17
174.116,0.4186892692542906,0.0,0.543119094265881,0.8753341219714391,-0.48351853626566343,-2.9606971388307906e-17,5.359875653283909e-17
174.135,0.4181224875187888,0.0,0.5423628750780082,0.8775433713234413,-0.4794972694878343,-2.9360739813908606e-17,5.373403404021148e-17
174.163,0.41729416609891207,0.0,0.5412423147483052,0.8807903162654221,-0.47350651397109367,-2.899391183550607e-17,5.3932852076721705e-17
174.186,0.41661999913036935,0.0,0.5403164615623844,0.8834485680083514,-0.4685281503645149,-2.8689074982716647e-17,5.409562305113701e-17
174.214,0.41580694894100934,0.0,0.5391828714201378,0.8866724516537564,-0.46239805739029327,-2.8313715045748837e-17,5.429302899049545e-17
174.226,0.4154610994240627,0.0,0.5386949013126452,0.8880496139735486,-0.4597476298160017,-2.8151423163487434e-17,5.437735586183745e-17
174.258,0.41454653129485197,0.0,0.5373874452237068,0.8917075520352735,-0.4526120210989319,-2.7714493144721063e-17,5.460133996877598e-17
174.28,0.41392431296804916,0.0,0.5364834072677156,0.8942091592890018,-0.4476493934360423,-2.741061984058517e-17,5.4754519234576086e-17
174.292,0.41358718763668967,0.0,0.5359885475489012,0.895568789110411,-0.44492307646526064,-2.7243681072998727e-17,5.4837772550016796e-17
174.32,0.4128068292738726,0.0,0.5348291401564329,0.8987269757387034,-0.438508635125426,-2.685090982024138e-17,5.5031155707289205e-17
174.342,0.4121998904496249,0.0,0.5339135902525892,0.9011935198917959,-0.43341693518485785,-2.65391331185196e-17,5.518218797739122e-17
174.359,0.4117346577320724,0.0,0.5332033965755858,0.9030899533881326,-0.4294514362409567,-2.6296316339086063e-17,5.529831103794545e-17
174.386,0.41100255577616174,0.0,0.5320706356451046,0.9060838720590783,-0.42309811721919527,-2.5907287748887958e-17,5.5481635683809505e-17
174.412,0.4103055134772071,0.0,0.5309743448021285,0.9089447469113172,-0.41691659485120225,-2.5528778669796937e-17,5.565681374533729e-17
174.44,0.40956364582958305,0.0,0.5297878227309396,0.9119998533640075,-0.4101905258096887,-2.511692572367025e-17,5.584388506225437e-17
174.47,0.4087789961386133,0.0,0.5285098975825149,0.915241642798957,-0.4029053676568063,-2.4670838443009767e-17,5.60423874150054e-17
174.482,0.4084681144543848,0.0,0.5279968347481824,0.9165287892602907,-0.39996872184842847,-2.4491020748536797e-17,5.61212024047007e-17
174.505,0.40787704581334094,0.0,0.5270104916299059,0.9189798957827533,-0.3943043889523929,-2.4144180391015047e-17,5.627128939255586e-17
174.529,0.40726702658846475,0.0,0.5259771631222309,0.9215144494417361,-0.3883440735611836,-2.3779216332727388e-17,5.642648604384288e-17
174.554,0.40663896928511173,0.0,0.5248964116427921,0.9241284325919022,-0.38208198083033684,-2.339577374178762e-17,5.658654634873668e-17
174.572,0.40619146019697877,0.0,0.5241155617295187,0.9259933385501183,-0.3775398481760647,-2.3117648330969766e-17,5.670073890435869e-17
174.601,0.4054787913336192,0.0,0.5228528520948759,0.9289665188489905,-0.3701637568125601,-2.266599299704305e-17,5.688279369117378e-17
174.625,0.4048968090606169,0.0,0.5218035786994607,0.9313967207406001,-0.3640056985730533,-2.2288920681444302e-17,5.703160063956586e-17
174.642,0.4044888792250836,0.0,0.5210580507981645,0.9331009057234505,-0.35961465450962415,-2.2020046778584624e-17,5.7135951873786e-17
174.669,0.4038483761187191,0.0,0.5198701501172399,0.9357772850525193,-0.3525916516024394,-2.1590011877050306e-17,5.729983284271841e-17
174.691,0.4033332239219809,0.0,0.5188988297535262,0.937929755978692,-0.34682527712055705,-2.1236923274454198e-17,5.743163367421816e-17
174.717,0.4027322583658993,0.0,0.5177470622445542,0.9404397775763751,-0.33996032820330396,-2.0816566388562993e-17,5.758532816998783e-17
174.744,0.40211723541564065,0.0,0.5165466975139728,0.9430063667583867,-0.33277468691766077,-2.0376572758548794e-17,5.774248643131167e-17
174.754,0.40189180255322693,0.0,0.5161010302362422,0.9439463608864536,-0.3300988757466786,-2.0212726579265493e-17,5.780004447131939e-17
174.786,0.4011790118207296,0.0,0.5146710383243446,0.946914839214811,-0.32148450549721475,-1.9685248531631685e-17,5.798181134547745e-17
174.801,0.40084941893447695,0.0,0.5139987477275352,0.9482851553933274,-0.31741969702690637,-1.9436350797516175e-17,5.806571901156945e-17
174.831,0.4001989530334194,0.0,0.5126504781775183,0.9509841566940875,-0.30923960567306885,-1.8935464662855673e-17,5.823098517676297e-17
174.847,0.3998568128907879,0.0,0.511929436526727,0.9524004521758613,-0.30484976413836207,-1.8666664393643535e-17,5.831770826318302e-17
174.882,0.3991200285169614,0.0,0.5103475429396597,0.9554408927559229,-0.29518248669215613,-1.807471437459526e-17,5.850388155440153e-17
174.905,0.39864460475305585,0.0,0.5093046664741288,0.9573947588445734,-0.28878240205549444,-1.7682822216367263e-17,5.862352134697294e-17
174.928,0.39817615748462043,0.0,0.5082592253286061,0.9593127552644087,-0.28234559955311633,-1.7288681737303213e-17,5.874096475578931e-17
174.947,0.3977944637147628,0.0,0.5073937198979167,0.9608696187748342,-0.2770010391957127,-1.6961421800576e-17,5.883629515152692e-17
174.974,0.39726031757139724,0.0,0.5061609548750613,0.9630382630129163,-0.2693646301448376,-1.64938266055193e-17,5.896908631275974e-17
174.984,0.39706495520186313,0.0,0.5057035521117588,0.9638282354872265,-0.26652416865563905,-1.6319898501976883e-17,5.901745817586367e-17
175.02,0.39637275255102467,0.0,0.5040533457812226,0.9666117913122244,-0.2562452826808189,-1.569049826158368e-17,5.918790181243025e-17
175.051,0.39579067668874146,0.0,0.5026280437195861,0.968931586426725,-0.2473288920134283,-1.5144526797045317e-17,5.932994829551278e-17
175.084,0.3951853520388299,0.0,0.5011066478741489,0.9713206976315641,-0.23777321622195305,-1.4559410408459316e-17,5.947623916500346e-17
175.096,0.3949689067205741,0.0,0.5005523985846725,0.9721685638559263,-0.23428248643529817,-1.4345664855463554e-17,5.952815599789198e-17
175.12,0.39454191415286427,0.0,0.4994423406919422,0.9738303469591207,-0.22727616536161135,-1.3916651421629095e-17,5.962991086580218e-17
175.138,0.39422684503896455,0.0,0.49860847665835234,0.9750466393472661,-0.22200011508466028,-1.3593586517438662e-17,5.970438729480065e-17
175.168,0.39371162355041533,0.0,0.4972162992684931,0.9770157230233323,-0.21316725115550764,-1.3052729590531617e-17,5.982495889585805e-17
175.178,0.39354263916270305,0.0,0.49675159735422764,0.9776557696185733,-0.2102122644650289,-1.2871788840930725e-17,5.98641504465664e-17
175.206,0.3930768380107307,0.0,0.4954488003042088,0.9794039439769547,-0.20191065975422415,-1.2363462159087046e-17,5.997119525318356e-17
175.228,0.39271847657625364,0.0,0.4944235585686239,0.9807315702751195,-0.1953601470763636,-1.1962358939901241e-17,6.005248891800912e-17
175.243,0.39247799779952286,0.0,0.49372375413296016,0.9816133270648508,-0.1908802664726612,-1.1688045367806919e-17,6.010648094951768e-17
175.277,0.3919445311339333,0.0,0.49213532991758513,0.9835407662011374,-0.18068636146781972,-1.1063848711057353e-17,6.02245025579579e-17
175.305,0.391517351631972,0.0,0.4908250680962183,0.9850529530438712,-0.17225179157137618,-1.0547380259764143e-17,6.031709729679125e-17
175.322,0.3912633621703647,0.0,0.490028671468815,0.9859375662985678,-0.16711407888402832,-1.0232786089889179e-17,6.037126423633361e-17
175.332,0.3911158558153925,0.0,0.48955990832087565,0.9864460088131646,-0.16408617155805091,-1.0047380239145525e-17,6.040239736123619e-17
175.379,0.3904414728219265,0.0,0.4873540160686449,0.9887162230153145,-0.14980063533353596,-9.172643428572735e-18,6.054140788903828e-17
175.385,0.390357629594756,0.0,0.4870721136298879,0.9889917388374371,-0.14797074207863728,-9.060594782703085e-18,6.055827836752212e-17
175.421,0.3898652930467368,0.0,0.485379424325136,0.9905760899026376,-0.13696353570641198,-8.386597780138083e-18,6.065529189055829e-17
175.433,0.38970527309197484,0.0,0.48481474318789164,0.991077852258136,-0.1332842479942784,-8.161306384147754e-18,6.068601597368799e-17
175.46,0.38935272729467996,0.0,0.4835434724650726,0.9921582326803785,-0.12498816473789821,-7.653317793878457e-18,6.075217019498602e-17
175.483,0.3890606159366742,0.0,0.4824598106349684,0.9930251498357936,-0.11790272173957553,-7.219459539456611e-18,6.080525356096127e-17
175.502,0.3888250119460883,0.0,0.48156416770816113,0.9937039839404515,-0.11203745936460274,-6.86031579977312e-18,6.084682016163233e-17
175.528,0.38851098742407764,0.0,0.4803379880236077,0.9945778578258031,-0.10399463795137001,-6.367835024781657e-18,6.090032950446005e-17
175.558,0.38816070949834586,0.0,0.47892249630074907,0.9955066029046635,-0.09469215159249805,-5.7982220176064345e-18,6.095719873886257e-17
175.568,0.38804682593119777,0.0,0.47845053568732393,0.9957971377298109,-0.09158635536539292,-5.608046847190023e-18,6.097498886604545e-17
175.598,0.38771381681215633,0.0,0.477034356882971,0.9966113022883965,-0.08225516488966854,-5.036676219773516e-18,6.1024842067078e-17
175.613,0.3875521791619916,0.0,0.4763261416405814,0.9969859515238308,-0.0775822947850965,-4.750545448953741e-18,6.104778271642688e-17
175.647,0.38719783286734555,0.0,0.47472068933892136,0.9977547048843802,-0.06697424042931292,-4.100989458354166e-18,6.109485528354342e-17
175.67,0.3869676099132471,0.0,0.47363462360362696,0.9982111754736056,-0.0597866971792435,-3.6608793666076325e-18,6.11228060458434e-17
175.692,0.3867545672608783,0.0,0.4725958466145834,0.9985996023347914,-0.052904009458607834,-3.239436292277269e-18,6.114659033145611e-17
175.715,0.3865393459814667,0.0,0.47151000241239327,0.9989551442332967,-0.045701420216809695,-2.7984048992502065e-18,6.116836099385446e-17
175.743,0.3862877040464153,0.0,0.4701884280142646,0.9993180499953266,-0.036924720087469894,-2.2609870132265992e-18,6.119058256284757e-17
175.761,0.38613195096224795,0.0,0.4693390953133271,0.9995107082001891,-0.031278494099883876,-1.915255384078608e-18,6.120237947554328e-17
175.783,0.38594798624348714,0.0,0.46830135525529215,0.9997029089218911,-0.024374041378260613,-1.4924795878086e-18,6.12141483754746e-17
175.801,0.3858027096632774,0.0,0.46745261438010205,0.9998247160888057,-0.01872263597731609,-1.1464308110610613e-18,6.122160691332835e-17
175.832,0.3855635741386131,0.0,0.46599168749704967,0.9999596228427078,-0.008986249733314907,-5.502490986121429e-19,6.122986756954583e-17
175.848,0.38544562945727756,0.0,0.4652381080118249,0.9999921592033417,-0.003959991393729326,-2.424795392490843e-19,6.123185984704115e-17
175.872,0.385275712163543,0.0,0.46410838572422936,0.9999935925534252,0.0035797838054919553,2.191985389517627e-19,6.123194761442073e-17
175.896,0.38511419797638524,0.0,0.4629795218819661,0.9999381817239954,0.011119025609730555,6.808439561296986e-19,6.122855467967577e-17
175.919,0.38496730163067167,0.0,0.46189858503538483,0.9998317604985528,0.018342592465745957,1.1231598575620071e-18,6.122203825902079e-17
175.948,0.3847930915126387,0.0,0.460537035190591,0.9996232637266848,0.027446868972815164,1.6806360117087447e-18,6.120927151380574e-17
175.972,0.38465820365916104,0.0,0.45941149892165767,0.9993881169863618,0.03497701568822197,2.1417245153153896e-18,6.119487292866243e-17
176.001,0.38450643551273533,0.0,0.4580531429332727,0.9990284944240738,0.04406889298324013,2.6984414366946138e-18,6.117285239767206e-17
176.021,0.3844089222631835,0.0,0.4571174880910357,0.9987324562535805,0.050333694735135756,3.0820499073321995e-18,6.115472528777607e-17
176.047,0.38429088500227065,0.0,0.45590263058713537,0.9982891619349077,0.05847007066268716,3.58025924414897e-18,6.112758133935393e-17
176.057,0.3842481133174348,0.0,0.45543584970804163,0.9981011137297913,0.061596808126316724,3.771716695479373e-18,6.111606670772986e-17
176.088,0.3841247939612027,0.0,0.45399058985032725,0.9974563997703576,0.07127924352261725,4.364594871280896e-18,6.107658936339056e-17
176.127,0.383989557927144,0.0,0.4521763837968642,0.996513219960978,0.08343501928449167,5.1089214651775204e-18,6.10188362566617e-17
176.141,0.38394641909645566,0.0,0.45152629303014746,0.9961389236996451,0.08779091462396676,5.375643129422973e-18,6.099591722074299e-17
176.16,0.3838924399779917,0.0,0.45064505936363564,0.9956009127239377,0.09369537119443115,5.737186821409162e-18,6.096297354977769e-17
176.185,0.3838294213463163,0.0,0.4494874229774715,0.9948405298737759,0.10145107254467448,6.212086563095076e-18,6.091641352859882e-17
176.208,0.3837794736931199,0.0,0.4484243674836928,0.9940885898452835,0.10857198321581785,6.648116586116574e-18,6.087037048114663e-17
176.23,0.38373889163155167,0.0,0.4474093746501309,0.9933226416520246,0.11536953489307121,7.064346581295926e-18,6.082346968098726e-17
176.252,0.38370533705057575,0.0,0.44639625502141905,0.9925113063374567,0.12215280100069487,7.479701837619228e-18,6.077378972118622e-17
176.277,0.38367572807132344,0.0,0.4452473454883646,0.9915346080695635,0.12984267788495846,7.95057099322676e-18,6.071398420081081e-17
176.305,0.3836533146297244,0.0,0.44396367290809413,0.9903721213056568,0.13843070952839004,8.476436266381994e-18,6.064280241608734e-17
176.322,0.38364524035648556,0.0,0.44318596004063193,0.9896312408213755,0.14363149790468874,8.794892708285842e-18,6.059743657040606e-17
176.351,0.3836411026132417,0.0,0.44186227546118867,0.9883067303699511,0.15247887298067472,9.336638186668957e-18,6.051633369616735e-17
176.367,0.3836440138591972,0.0,0.4411336356903319,0.9875434768589185,0.1573463736900174,9.634686644846156e-18,6.046959789770615e-17
176.385,0.38365169791710024,0.0,0.4403153765155295,0.9866574238246155,0.16281009800308185,9.969243269417053e-18,6.041534279708945e-17
176.423,0.3836832242602932,0.0,0.43859318538039244,0.9846925461420754,0.1743002856344094,1.0672814344632443e-17,6.02950287388575e-17
176.451,0.38371971710085634,0.0,0.4373289253437599,0.983163810854413,0.18272635558733183,1.118876232449435e-17,6.020142070001853e-17
176.458,0.3837305952818951,0.0,0.43701350580500364,0.982771014699327,0.18482730498185362,1.1317408372052934e-17,6.017736887231636e-17
176.486,0.3837811156267091,0.0,0.435754476082602,0.9811578009382198,0.19320809935941283,1.1830584022492434e-17,6.007858801887234e-17
176.514,0.3838428276315201,0.0,0.4344997900803271,0.9794780354194517,0.2015509318530963,1.2341435177953036e-17,5.997573204557847e-17
176.549,0.3839356622107563,0.0,0.4329377561338123,0.9772862000770646,0.21192376728185022,1.2976588163248323e-17,5.984152083876285e-17
176.559,0.3839653818611338,0.0,0.4324927863733163,0.97664140676259,0.21487569103272036,1.3157341361889831e-17,5.980203863532871e-17
176.578,0.3840257535240539,0.0,0.43164900462816524,0.975393853311854,0.2204695691506048,1.3499867608484212e-17,5.972564801831825e-17
176.614,0.3841541401790002,0.0,0.4300563651502414,0.9729504347151428,0.23101396405329003,1.4145525581810168e-17,5.957603178014627e-17
176.635,0.3842374716858754,0.0,0.42913111260801945,0.9714777088233049,0.23713089478054525,1.4520079563597128e-17,5.948585332767323e-17
176.658,0.3843358529797264,0.0,0.4281210281970137,0.9698253302026073,0.24380079757335452,1.492849331888902e-17,5.93846743182324e-17
176.68,0.3844368976063408,0.0,0.4271581452924187,0.968206820637891,0.2501510593027078,1.5317334703919044e-17,5.928556919034144e-17
176.697,0.38451961408134216,0.0,0.4264163424106543,0.9669310851340732,0.25503779445690733,1.561656093216261e-17,5.920745292027598e-17
176.732,0.38470260087982644,0.0,0.4248953994374016,0.9642369666103817,0.2650416424300332,1.6229119952134874e-17,5.904248573894787e-17
176.748,0.3847919239540385,0.0,0.42420299295638136,0.9629755690133985,0.26958867461991315,1.6507545372982696e-17,5.896524741246799e-17
176.772,0.38493255901933515,0.0,0.42316784838734967,0.9610490881425651,0.27637773097763174,1.692325517986825e-17,5.884728448086375e-17
176.79,0.3850432584801336,0.0,0.42239426420514675,0.9595775688147081,0.28144429187257325,1.7233492559002015e-17,5.875717990912657e-17
176.813,0.3851912027707154,0.0,0.42140931930830594,0.957664636674875,0.28788616441638826,1.7627943488566926e-17,5.864004659802493e-17
176.836,0.385346411265888,0.0,0.42042839761584394,0.9557157333295732,0.29429141521001984,1.8020151982674776e-17,5.852071068584136e-17
176.858,0.38550164560794087,0.0,0.4194939583621421,0.9538185811836238,0.3003832788103539,1.8393171045624346e-17,5.840454362068974e-17
176.886,0.3857087597574842,0.0,0.41831019778400474,0.9513584231529574,0.3080862715148445,1.8864843313594838e-17,5.825390238780713e-17
176.904,0.38584752818638096,0.0,0.41755253421010424,0.9497505067611928,0.313007947034668,1.916620902218452e-17,5.815544590468357e-17
176.932,0.38607210248328067,0.0,0.4163792157854276,0.9472092609768464,0.3206159944851416,1.9632067570083705e-17,5.799983947890125e-17
176.955,0.3862644776968681,0.0,0.4154202990214936,0.945086205926085,0.32682114889988,2.0012023694694928e-17,5.786983985028482e-17
176.973,0.3864199848373052,0.0,0.41467296418062277,0.9434028351977296,0.3316490472485719,2.0307647207661644e-17,5.776676312157187e-17
176.984,0.3865171511424953,0.0,0.4142176255326515,0.942364845605802,0.3345870555869622,2.048754833303554e-17,5.770320459000676e-17
177.029,0.3869314329253837,0.0,0.4123658530368646,0.9380474143273428,0.3465069241354151,2.1217429776241543e-17,5.743883817022158e-17
177.041,0.3870464442010352,0.0,0.41187507250477673,0.9368773185759075,0.3496582473473457,2.141039267047002e-17,5.736719046938701e-17
177.069,0.3873221910249457,0.0,0.4107349658588963,0.9341174208738072,0.35696588635339715,2.1857856506374285e-17,5.719819547504445e-17
177.097,0.387608233523845,0.0,0.4096020309155377,0.9313172017584427,0.3642091016282051,2.2301375526465722e-17,5.702673150621733e-17
177.115,0.3877975275943437,0.0,0.40887756252634555,0.9294964776990717,0.3688309883198794,2.258438446361476e-17,5.691524431164537e-17
177.146,0.38813340525468826,0.0,0.4076370378827852,0.926324393156333,0.37672684884880636,2.3067866479777972e-17,5.672101015255087e-17
177.165,0.3883454095126341,0.0,0.406881263484513,0.9243582138085845,0.38152574299069664,2.336171399729362e-17,5.66006163903124e-17
177.18,0.38851606397462407,0.0,0.40628707245296325,0.9227945512210228,0.3852923776001689,2.359235384819601e-17,5.65048696711722e-17
177.222,0.3890092186501008,0.0,0.40463511974355887,0.9183648907160515,0.39573466805436025,2.423175972722063e-17,5.623363119323606e-17
177.236,0.38917859423235285,0.0,0.40408838021281984,0.9168721747918436,0.3991809302715688,2.4442782426886976e-17,5.614222870430519e-17
177.268,0.389575044433686,0.0,0.4028461559456913,0.9134314823590084,0.4069925392871772,2.492110552574475e-17,5.593154705556909e-17
177.298,0.3899584038382769,0.0,0.401691137216073,0.9101712119799963,0.4142322595873777,2.536441054036288e-17,5.573191307136847e-17
177.308,0.3900886889028459,0.0,0.4013082151295453,0.9090773645719312,0.41662734574551397,2.5511067270225066e-17,5.566493423501635e-17
177.327,0.39033965536362447,0.0,0.4005835642088418,0.9069896897021221,0.42115282591245695,2.5788173010277646e-17,5.553710101766775e-17
177.35,0.3906494346173024,0.0,0.39971148752439783,0.9044467107643603,0.42658662354500687,2.6120897154173482e-17,5.5381388466846294e-17
177.381,0.391077256547966,0.0,0.3985450856917968,0.9009933736627797,0.43383284870530814,2.6564600476596677e-17,5.516993255545491e-17
177.403,0.39138799351922315,0.0,0.39772367022183486,0.898525727654009,0.438920854760666,2.6876150993083495e-17,5.5018832816151427e-17
177.427,0.3917336749912361,0.0,0.39683367318918983,0.8958188268559456,0.4444194296500069,2.7212841599988663e-17,5.485308294625354e-17
177.443,0.3919679885830706,0.0,0.39624390938753734,0.8940060757001816,0.4480548366117268,2.7435446074952078e-17,5.474208395122569e-17
177.459,0.39220537330782995,0.0,0.39565702522676044,0.8921871665579382,0.4516658718890746,2.7656558214652686e-17,5.4630707888276273e-17
177.494,0.39273529050843703,0.0,0.394383361551544,0.8881883494480731,0.4594795489515367,2.813500794485845e-17,5.438585095957768e-17
177.512,0.39301346656380093,0.0,0.3937338147784782,0.8861219862865872,0.4634520745659828,2.8378254983771564e-17,5.4259322707998195e-17
177.527,0.39324819024203295,0.0,0.39319539879825566,0.8843953450292305,0.46673854960848105,2.8579493540835225e-17,5.4153596423543306e-17
177.562,0.3938060965431891,0.0,0.39194935524092434,0.8803515127300684,0.47432184646490855,2.9043836551945626e-17,5.3905983109470434e-17
177.579,0.39408220515219444,0.0,0.39134936813351817,0.8783805412838306,0.4779619490021406,2.92667285479851e-17,5.3785295915828133e-17
177.594,0.39432859381230484,0.0,0.39082283731527323,0.87663815295089,0.4811502351561848,2.9461954769650904e-17,5.3678605401087763e-17
177.633,0.3949812360054361,0.0,0.38946657441498334,0.8720953871114171,0.48933591302804197,2.996318297988196e-17,5.3400441218858443e-17
177.645,0.3951855200307842,0.0,0.389052992421381,0.870694478478567,0.49182428279512214,3.011555168339945e-17,5.331466030520255e-17
177.667,0.39556424848758376,0.0,0.3882993629517049,0.868123009613058,0.4963491111912727,3.039261751400129e-17,5.315720324943992e-17
177.707,0.3962666784193497,0.0,0.38694454485304275,0.8634395445651274,0.5044523296419251,3.0888796540920453e-17,5.287042372544658e-17
177.729,0.3966605483111698,0.0,0.38620796855362394,0.8608606551094273,0.5088407732135541,3.1157511209582165e-17,5.271251228958269e-17
177.75,0.3970414529378056,0.0,0.38551060994906905,0.8583979611344787,0.5129843470518082,3.1411231931484593e-17,5.2561715774897676e-17
177.761,0.39724288659988066,0.0,0.38514757853651743,0.8571078183120494,0.5151370572851063,3.1543047416319604e-17,5.2482717311001125e-17
177.778,0.3975567633049451,0.0,0.38458959354624717,0.8551140383704482,0.5184399496390913,3.174529124378141e-17,5.236063349981682e-17
177.806,0.3980804921946047,0.0,0.38367872498272343,0.8518312565498616,0.5238162944818383,3.207449741892053e-17,5.2159621087372793e-17
177.816,0.3982695613324214,0.0,0.38335589392161085,0.8506594255767281,0.5257171689011791,3.2190892407581874e-17,5.208786713485331e-17
177.839,0.3987084293656676,0.0,0.38261837054716136,0.8479659738191081,0.5300506647906515,3.2456242501089904e-17,5.1922940781171954e-17
177.885,0.399602755811641,0.0,0.3811643775238987,0.8425895488227296,0.5385562665262645,3.2977060398106934e-17,5.1593729698038415e-17
177.913,0.4001578171729747,0.0,0.3802932364755881,0.8393262716574031,0.5436280067340931,3.328761491868814e-17,5.139391160127603e-17
177.927,0.40043834429235814,0.0,0.37986164927665966,0.837697917791459,0.5461338650256492,3.34410544854817e-17,5.129420368378564e-17
177.96,0.40110740680140716,0.0,0.378854930719828,0.8338697423091727,0.5519612784074931,3.3797880642750876e-17,5.105979554123783e-17
177.983,0.40158015146291387,0.0,0.3781621428720173,0.8312110931402927,0.5559569395560411,3.404254432455321e-17,5.08970002315016e-17
178.009,0.4021208402268286,0.0,0.37738783606715987,0.8282162964270956,0.5604085708950082,3.4315128128065715e-17,5.071362182105591e-17
178.03,0.40256236577233984,0.0,0.37676933664437795,0.8258064888593172,0.5639535822723768,3.453219746987749e-17,5.0566063664833857e-17
178.053,0.40305082573610385,0.0,0.3760990603190755,0.823177316711334,0.5677843827122477,3.47667663447205e-17,5.040507330206211e-17
178.085,0.40373881576974324,0.0,0.375178992804911,0.819538556781008,0.5730240430813549,3.5087603009702815e-17,5.018226351698514e-17
178.108,0.4042392663302591,0.0,0.374526741080488,0.8169381695565915,0.5767252613866726,3.531423726723046e-17,5.002303572243887e-17
178.134,0.40481091385717316,0.0,0.3737985954535454,0.8140148799400453,0.5808440197128604,3.556643847726183e-17,4.9844035858844676e-17
178.144,0.40503243491057633,0.0,0.3735211486549996,0.8128953828179488,0.5824097325708597,3.5662310739258465e-17,4.977548643048317e-17
178.174,0.4057024583455553,0.0,0.37269755907207797,0.8095539481817996,0.5870454880017903,3.594616889176443e-17,4.9570882568897157e-17
178.197,0.406221629354687,0.0,0.3720750809776821,0.8070103800588716,0.5905372524043133,3.615997779671075e-17,4.9415133940889306e-17
178.225,0.40685999908694126,0.0,0.3713278312383222,0.8039364819009596,0.5947151696978211,3.641580144874058e-17,4.922691196388971e-17
178.248,0.40738950907518445,0.0,0.3707227411507781,0.801431040320263,0.5980871906429538,3.662227818159631e-17,4.907349791327717e-17
178.27,0.4079002725463514,0.0,0.37015136710168106,0.7990518236307677,0.601262158423715,3.681668888810157e-17,4.892781290811375e-17
178.287,0.4082977835305678,0.0,0.3697148377714089,0.7972253669847659,0.6036817988278307,3.6964849131900965e-17,4.881597469384838e-17
178.309,0.4088158293892087,0.0,0.3691564039277548,0.7948778492014752,0.606769482463346,3.715391522595164e-17,4.8672230686885956e-17
178.343,0.40962436465170365,0.0,0.36830784972045727,0.7912871496093201,0.6114447210199443,3.744019102263106e-17,4.8452363748774335e-17
178.364,0.410128484420093,0.0,0.36779258055312747,0.7890929191211252,0.6142738517899825,3.761342531972589e-17,4.8318005881576366e-17
178.378,0.41046654298675134,0.0,0.3674528374346587,0.7876404442480175,0.6161351561019592,3.772739733812096e-17,4.8229067446366695e-17
178.378,0.41046654298675134,0.0,0.3674528374346587,0.7876404442480175,0.6161351561019592,3.772739733812096e-17,4.8229067446366695e-17
178.439,0.4119576191222254,0.0,0.36600798246587063,0.7814128983818903,0.6240143285553735,3.820985750437115e-17,4.78477402407919e-17
178.455,0.41235350233082135,0.0,0.3656386162831612,0.7798077989403209,0.6260190066698071,3.8332608636179245e-17,4.774945624612034e-17
178.465,0.41260191914603966,0.0,0.3654098037970221,0.7788108208494914,0.6272588822230749,3.840852911756176e-17,4.768840894473262e-17
178.508,0.41367865277357746,0.0,0.3644438908615488,0.7745797740638635,0.6324762237516713,3.8727999147714474e-17,4.742933204957952e-17
178.529,0.4142094508335267,0.0,0.3639828241251751,0.7725474066426654,0.6349570886994587,3.8879908313585705e-17,4.7304885436726445e-17
178.552,0.41479445308170027,0.0,0.36348591892667587,0.7703478839267865,0.6376238214884402,3.904319860229608e-17,4.7170203514043794e-17
178.574,0.415357536066173,0.0,0.3630185498766866,0.7682704301869373,0.6401254143528269,3.919637698700313e-17,4.704299616039964e-17
178.588,0.41571762531831,0.0,0.36272518653066127,0.7669621462770423,0.6416923454258379,3.92923238431555e-17,4.6962886875268195e-17
178.623,0.4166237427442057,0.0,0.3620056327855977,0.7637392634941212,0.6455248542058294,3.952699732366154e-17,4.6765542221061626e-17
178.647,0.41724985555797534,0.0,0.361523715378651,0.761569693124422,0.6480830213131444,3.968363988164441e-17,4.6632694350622775e-17
178.677,0.418037831329854,0.0,0.36093453564537537,0.7589052137446007,0.6512011030021846,3.9874567319642563e-17,4.646954204342816e-17
178.696,0.4185398876529458,0.0,0.36056901678387004,0.7572455784622453,0.6531302579879296,3.999269399356015e-17,4.636791869161373e-17
178.711,0.41893786469404865,0.0,0.36028464339853705,0.7559508800225768,0.6546283426441997,4.008442522251779e-17,4.628864127661368e-17
178.76,0.4202476293410974,0.0,0.35938159977695416,0.7518192204169231,0.6593692894059368,4.037472448635226e-17,4.603565009105216e-17
178.774,0.4206245152219143,0.0,0.359130905285823,0.7506667736240037,0.6606810084881574,4.045504411512336e-17,4.5965083077245346e-17
178.792,0.42111078219543924,0.0,0.35881338341444013,0.7492037268715573,0.6623396225817756,4.0556604937161874e-17,4.587549730112603e-17
178.823,0.42195263583341325,0.0,0.3582792385465061,0.7467340064029853,0.6651227884243227,4.072702469419045e-17,4.572427053779475e-17
178.848,0.422635504313015,0.0,0.35786022360161135,0.7447891314117054,0.6672998948980866,4.086033401791535e-17,4.5605181291154123e-17
178.866,0.42312930281866684,0.0,0.3575650507865288,0.7434151357180006,0.6688302744234794,4.0954042737277994e-17,4.552104831973723e-17
178.9,0.42406677967298845,0.0,0.3570224450389378,0.7408808935843468,0.6716364355227162,4.1125870547681604e-17,4.536587074387506e-17
178.917,0.4245377898808044,0.0,0.3567584932472413,0.7396441450515687,0.6729981713875113,4.1209252821086875e-17,4.5290141737274214e-17
178.929,0.4248711590332784,0.0,0.3565751333031,0.7387834872465326,0.6739428454786447,4.1267097426184074e-17,4.523744164596928e-17
178.963,0.4258196184910339,0.0,0.35606894839412867,0.7364010783488696,0.6765452326390469,4.142644768149051e-17,4.509156117443012e-17
178.986,0.42646441871206353,0.0,0.35573773978077494,0.7348370810520101,0.6782436614602171,4.153044645246179e-17,4.499579396025641e-17
179.01,0.4271399166870215,0.0,0.35540180874043636,0.7332466467194781,0.6799627600645795,4.1635710882624345e-17,4.489840794452695e-17
179.021,0.4274504076650485,0.0,0.35525115120761513,0.7325320213821084,0.6807325742535334,4.168284840674638e-17,4.485464976292698e-17
179.056,0.42844193872930714,0.0,0.3547856693120355,0.7303187888989884,0.68310648260803,4.182820837013655e-17,4.471912835911588e-17
179.081,0.42915343254649935,0.0,0.35446615113291347,0.7287949653508949,0.6847319902554486,4.192774200700659e-17,4.462582107758398e-17
179.1,0.4296959201104786,0.0,0.35423056603828484,0.7276690324937563,0.6859284067230346,4.2001001386880405e-17,4.45568775741065e-17
179.135,0.4306990574667013,0.0,0.3538130262157251,0.7256684934133297,0.6880445026793167,4.2130574893857885e-17,4.443437988503582e-17
179.152,0.4311880210525999,0.0,0.3536179254537244,0.7247315330724038,0.6890313526760037,4.219100202834195e-17,4.437700761091367e-17
179.18,0.43199573489411314,0.0,0.35330759259052286,0.7232383173502056,0.6905985348351409,4.228696425908536e-17,4.428557451818235e-17
179.215,0.43300934000506763,0.0,0.3529389906780457,0.7214601759975646,0.6924559296082048,4.240069688726465e-17,4.417669476238518e-17
179.245,0.43388147283525763,0.0,0.35264017335735864,0.7200150537007648,0.6939584443209008,4.2492699378943394e-17,4.408820654262756e-17
179.253,0.4341145388861489,0.0,0.35256316428614076,0.7196421021008415,0.6943451914457837,4.251638081037176e-17,4.4065369843473414e-17
179.281,0.43493185408404794,0.0,0.352302519750761,0.718378217557194,0.6956527413439473,4.259644515024733e-17,4.398797923542993e-17
179.304,0.43560499578915557,0.0,0.35209877647762156,0.7173885392251469,0.6966732977432176,4.2658936206633124e-17,4.392737891535358e-17
179.334,0.43648528744934806,0.0,0.35184709193813013,0.7161639159795039,0.6979321209465158,4.27360168969637e-17,4.3852392368456674e-17
179.346,0.4368380949150144,0.0,0.3517508840269638,0.7156951923208582,0.698412765983562,4.276544791727093e-17,4.382369132204442e-17
179.369,0.43751536114838047,0.0,0.3515736288635338,0.7148307335093925,0.6992975206808786,4.28196235176759e-17,4.377075848622161e-17
179.402,0.43848938205149884,0.0,0.3513357282256788,0.7136687326959748,0.7004833616668716,4.289223533606561e-17,4.369960645738368e-17
179.415,0.4388737879412535,0.0,0.3512473311483072,0.7132364473862451,0.7009235123177479,4.2919186790352514e-17,4.367313661633974e-17
179.444,0.43973264567850123,0.0,0.35106099136835117,0.7123242758698771,0.7018505011798847,4.297594848749557e-17,4.361728221995006e-17
179.462,0.4402666081638267,0.0,0.35095287891511434,0.7117944714115533,0.7023878063206589,4.30088489385363e-17,4.358484105324705e-17
179.489,0.4410687243221698,0.0,0.350801561828108,0.711052238439875,0.7031391855170945,4.305485764492934e-17,4.3539392391597674e-17
179.507,0.44160419943544116,0.0,0.35070792515505106,0.7105925252344992,0.7036037685237747,4.30833051495328e-17,4.3511243076323216e-17
179.531,0.44231900689231435,0.0,0.35059209662473567,0.7100234254206731,0.7041780565694261,4.3118470150377574e-17,4.347639576305334e-17
179.558,0.4431242192081661,0.0,0.35047412310798676,0.7094432927422305,0.7047625233956909,4.3154258421777225e-17,4.3440872881666566e-17
179.582,0.4438408089693596,0.0,0.3503802307457545,0.7089812227430644,0.7052273575222031,4.318272130303561e-17,4.3412579254393525e-17
179.592,0.4441396022380796,0.0,0.3503441590016853,0.7088036199749984,0.7054058607003049,4.3193651470320606e-17,4.3401704221321935e-17
179.625,0.445126419243274,0.0,0.35023786010648644,0.7082799763991579,0.705931636231164,4.3225845936367434e-17,4.336964029986958e-17
179.648,0.4458148414417965,0.0,0.3501753414892431,0.707971812144081,0.706240690706381,4.324477006505927e-17,4.3350770681440004e-17
179.653,0.44596455955529113,0.0,0.35016300852389526,0.7079110044973718,0.7063016421554761,4.3248502264911154e-17,4.334704728694469e-17
179.699,0.4473428169420156,0.0,0.3500706364002343,0.7074553913296487,0.7067579990906461,4.327644606790738e-17,4.331914902656962e-17
179.73,0.4482723126341597,0.0,0.3500298544279854,0.7072541427602843,0.7069593888961483,4.328877763694184e-17,4.330682610575437e-17
179.755,0.4490221562095893,0.0,0.3500095623379268,0.7071539843862824,0.7070595748355335,4.329491225644123e-17,4.330069317414791e-17
179.767,0.44938213031346835,0.0,0.35000381771766476,0.7071256272294829,0.7070879346413078,4.329664879370953e-17,4.3298956799082534e-17
179.798,0.4503121204506632,0.0,0.3500009741974984,0.7071115903312198,0.7071019720091672,4.32975083345904e-17,4.3298097286956144e-17
179.822,0.4510320808552733,0.0,0.35001065259538466,0.707159366088901,0.7070541923733595,4.3294582675687586e-17,4.330102270839219e-17
179.849,0.45184189006279285,0.0,0.35003393255527077,0.7072742699433576,0.7069392527481343,4.328754465348122e-17,4.3308058540270697e-17
179.868,0.45241160180801043,0.0,0.3500581787078526,0.7073939221115302,0.7068195236124044,4.3280213358339407e-17,4.331538512250888e-17
179.903,0.45346058478659945,0.0,0.3501198433485996,0.7076981359560459,0.7065149314517973,4.326156246761276e-17,4.3334012848056e-17
179.927,0.4541794129118029,0.0,0.3501748598703842,0.7079694376257609,0.7062430710370642,4.324491581827687e-17,4.3350625284126993e-17
179.939,0.45453865158164575,0.0,0.3502062508891178,0.7081241869691449,0.7060879094201284,4.323541490940033e-17,4.336010094852926e-17
179.962,0.45522681812349236,0.0,0.35027364920826876,0.7084563237400886,0.7057546580453287,4.3215009147927327e-17,4.3380438460200024e-17
179.98,0.4557650011243217,0.0,0.35033302315676046,0.7087487821512346,0.7054609583805058,4.319702523020553e-17,4.339834637305471e-17
180.008,0.45660141916872626,0.0,0.35043694200332814,0.7092603520755877,0.7049466312946061,4.316553177923244e-17,4.3429670996574664e-17
180.042,0.45761566513414864,0.0,0.3505820321781736,0.7099739531255219,0.7042279360287543,4.312152438638805e-17,4.347336645865817e-17
180.055,0.45800301235101976,0.0,0.3506429821304957,0.7102735001508895,0.7039258163921851,4.310302489409385e-17,4.34917084239487e-17
180.078,0.458687647836367,0.0,0.35075822861338424,0.71083953126297,0.7033542214232038,4.3068024796635265e-17,4.3526367833430054e-17
180.096,0.4592228117510006,0.0,0.35085502291555953,0.7113145669194054,0.7028738058060342,4.3038607824243905e-17,4.355545537823678e-17
180.125,0.46008374770990124,0.0,0.3510231487103201,0.712138875881794,0.7020386182097212,4.298746733341829e-17,4.360592974485167e-17
180.143,0.46061727737370733,0.0,0.35113505449972765,0.712686979532792,0.7014821945027726,4.295339620783408e-17,4.363949141394145e-17
180.166,0.4612980031773096,0.0,0.3512864529658726,0.713427798187189,0.7007287469297798,4.290726084990453e-17,4.3684853473634245e-17
180.194,0.4621250912211072,0.0,0.3514834801520315,0.7143906513363392,0.699747095230299,4.284715201932219e-17,4.374381122499203e-17
180.21,0.4625968669372337,0.0,0.35160232799754026,0.7149707736554874,0.6991543411997624,4.281085630301327e-17,4.3779333472054976e-17
180.22,0.46289140046587174,0.0,0.3516789176374018,0.7153443547555598,0.6987721045658247,4.2787451059499845e-17,4.380220871697625e-17
180.263,0.46415487978128983,0.0,0.352028468925213,0.7170466735790381,0.6970251558654368,4.268048130278961e-17,4.39064456818913e-17
180.282,0.46471151964281343,0.0,0.3521933543208818,0.7178481356549117,0.6961997228789792,4.2629938109550813e-17,4.395552108018413e-17
180.311,0.46555906370767997,0.0,0.3524573225437928,0.719129164412355,0.6948764241874869,4.254890943420821e-17,4.403396146855506e-17
180.334,0.46622939725745866,0.0,0.35267722672614743,0.7201944249403976,0.6937722899372458,4.2481300710438877e-17,4.4099189863351334e-17
180.351,0.4667237598016212,0.0,0.35284575207003915,0.7210096089461643,0.692925063630476,4.242942306120193e-17,4.4149105487520244e-17
180.379,0.46753587973007404,0.0,0.35313439685657627,0.7224034338308393,0.6914718206763109,4.234043759459183e-17,4.4234452646699704e-17
180.413,0.4685183096150963,0.0,0.35350337821449196,0.7241807795261839,0.6896101786986969,4.222644490013967e-17,4.4343283682538807e-17
180.425,0.4688640369716073,0.0,0.3536384364124754,0.7248301011197185,0.6889276627562423,4.2184652851924966e-17,4.4383043163095776e-17
180.438,0.46923796020617464,0.0,0.3537875876771346,0.7255464050379343,0.6881732442754003,4.213845804303593e-17,4.442690412812877e-17
180.466,0.47004110318337766,0.0,0.3541188448540064,0.7271343726538176,0.6864951595643913,4.203570498953417e-17,4.452413910102582e-17
180.507,0.47121141501733055,0.0,0.3546284955872703,0.7295696751299311,0.6839064915109425,4.187719478724861e-17,4.4673258370142223e-17
180.517,0.4714957872715047,0.0,0.3547572224743851,0.7301832741741189,0.6832513345148793,4.183707799134022e-17,4.471083047541345e-17
180.553,0.47251591636328727,0.0,0.35523495199172195,0.7324551326353551,0.680815304378599,4.1687914165889114e-17,4.484994168504688e-17
180.576,0.4731646172387647,0.0,0.3555518660808185,0.7339575936697182,0.6791952964314144,4.158871728853347e-17,4.494194088987571e-17
180.59,0.4735582791050361,0.0,0.35574922308767987,0.7348913740986174,0.6781848334159692,4.152684427365738e-17,4.4999118450543596e-17
180.6,0.473838899692323,0.0,0.3558922515741668,0.7355672043203495,0.6774517605913687,4.1481956509247936e-17,4.504050111643416e-17
180.636,0.4748451313393018,0.0,0.3564213276472562,0.7380605898923468,0.6747344408341411,4.1315568662100504e-17,4.5193176949423494e-17
180.659,0.4754846335418525,0.0,0.35677092915908376,0.7397024717357791,0.6729340631205847,4.1205327321892346e-17,4.529371321663037e-17
180.678,0.4760108789151246,0.0,0.3570665175797347,0.7410871435485097,0.6714088513470093,4.11119350360658e-17,4.537849991179687e-17
180.706,0.47678294960033707,0.0,0.3575132794126472,0.7431738107444014,0.6690984135563652,4.0970461523818736e-17,4.55062714269136e-17
180.73,0.4774413712978673,0.0,0.35790676486701617,0.7450054787151111,0.6670583457872843,4.08455434006463e-17,4.561842874278512e-17
180.759,0.478232718967314,0.0,0.3583951656757387,0.7472709264050154,0.6645194974940841,4.069008377885689e-17,4.575714740588897e-17
180.76,0.4782599224592023,0.0,0.35841225897550777,0.747350051946684,0.6644305079203457,4.068463473902508e-17,4.5761992447955736e-17
180.796,0.479235421637457,0.0,0.35903876505893595,0.7502426090863134,0.6611626331783741,4.0484535121886575e-17,4.593911049007563e-17
180.828,0.48009614312598525,0.0,0.35961380570409307,0.7528845629609826,0.6581525923788877,4.0300223280366876e-17,4.610088350788106e-17
180.855,0.4808175614830108,0.0,0.36011221455335324,0.7551643529559849,0.6555355063034867,4.0139972976100226e-17,4.624048038388645e-17
180.873,0.48129600187222893,0.0,0.36045118028747336,0.7567094628000585,0.6537513203878421,4.003072309756633e-17,4.633509107513024e-17
180.909,0.4822467279010555,0.0,0.36114510287127727,0.7598589894024194,0.6500879296097829,3.9806405108047523e-17,4.652794395875077e-17
180.912,0.4823255786428692,0.0,0.36120388905547424,0.760124963654772,0.6497769152784911,3.9787360972782256e-17,4.654423018459074e-17
180.944,0.48316297856244084,0.0,0.36184008677188895,0.7629949818578953,0.6464044072093491,3.958085441218358e-17,4.671996811488821e-17
180.963,0.4836569588576544,0.0,0.36222571583961355,0.7647271184613462,0.644354277001252,3.945532014232451e-17,4.682603089224332e-17
180.984,0.48420008689614474,0.0,0.3626587443127631,0.7666653820313927,0.6420468767891164,3.931403262811733e-17,4.6944715306091386e-17
181.007,0.4847914512698724,0.0,0.3631411821661689,0.7688163425355304,0.6394696485762948,3.9156222914042114e-17,4.707642365091562e-17
181.022,0.48517512829616666,0.0,0.363460399243108,0.770234665788949,0.637760581736584,3.905157275230308e-17,4.716327090253838e-17
181.06,0.48613992572898074,0.0,0.36428519857525826,0.7738811901874526,0.6333308009832238,3.878032691127672e-17,4.7386556124170395e-17
181.085,0.4867689356065278,0.0,0.3648403677681487,0.7763208598286292,0.6303379431661542,3.859706722397785e-17,4.753594280502259e-17
181.109,0.4873684217078244,0.0,0.3653826366917723,0.778692313665119,0.6274059934674387,3.8417537083288205e-17,4.768115247253174e-17
181.13,0.48788940890344384,0.0,0.3658645640301907,0.7807902969810951,0.6247931754910365,3.825754812471042e-17,4.7809616900160474e-17
181.154,0.48848068699975405,0.0,0.3664238016282264,0.7832135016538344,0.6217528534933628,3.8071382094569005e-17,4.7957995392467925e-17
181.184,0.4892134776815499,0.0,0.3671354747735281,0.7862795607406856,0.6178709026661108,3.783368116181692e-17,4.814573736480337e-17
181.204,0.4896980491748712,0.0,0.36761767470839163,0.7883457248884111,0.6152324910553454,3.767212504511907e-17,4.827225343030463e-17
181.234,0.4904188723859627,0.0,0.3683525308785122,0.7914769283202707,0.6111990444500949,3.7425147671386475e-17,4.846398434331993e-17
181.253,0.4908715951441862,0.0,0.3688250740494201,0.7934791914173894,0.608597381515568,3.7265841762125045e-17,4.8586587597966795e-17
181.283,0.4915803267122899,0.0,0.36958238912061786,0.7966697024436175,0.6044149114709183,3.7009739334489546e-17,4.8781950053762523e-17
181.307,0.49214186176729485,0.0,0.3701980522066186,0.799246708408711,0.6010030774445675,3.680082475350992e-17,4.89397461590893e-17
181.332,0.4927215636096347,0.0,0.3708485810542334,0.8019532958440643,0.5973867351095459,3.6579387650249653e-17,4.9105476841055185e-17
181.374,0.49368324059262714,0.0,0.3719624707443624,0.8065485739354858,0.5911678254799004,3.619858926164306e-17,4.9386856471347756e-17
181.385,0.4939325397588077,0.0,0.3722585254563928,0.8077615846609562,0.5895093064117147,3.6097034258234135e-17,4.9461131956461684e-17
181.409,0.49447271284387323,0.0,0.3729106475451775,0.8104210974996278,0.5858477999681306,3.5872831650924503e-17,4.962398015072021e-17
181.432,0.4949855002974691,0.0,0.3735435152589686,0.8129857469833762,0.5822835865812137,3.5654586525136205e-17,4.9781019639780583e-17
181.451,0.495405464742459,0.0,0.3740721284309229,0.8151155453682607,0.5792984098882052,3.54717971710371e-17,4.9911432178524484e-17
181.479,0.4960182809565346,0.0,0.3748606553427897,0.8182715669304029,0.5748318386739404,3.519829856400144e-17,5.0104682763730355e-17
181.501,0.49649463976578784,0.0,0.3754881159785905,0.8207649396772229,0.5712660621782505,3.4979957725405367e-17,5.025735781140407e-17
181.525,0.4970090829931889,0.0,0.3761804943581881,0.8234977204678446,0.5673195787069786,3.473830530785631e-17,5.042469237380439e-17
181.535,0.49722181196137155,0.0,0.3764713975487493,0.8246400782578334,0.5656577952533798,3.463655041849002e-17,5.049464161435393e-17
181.566,0.49787514458142273,0.0,0.3773821563127175,0.8281942380331365,0.5604411691593619,3.4317124196070646e-17,5.071227113397809e-17
181.581,0.49818791799132905,0.0,0.37782768200687794,0.8299205090807591,0.5578816618308345,3.4160399573206885e-17,5.0817974749624676e-17
181.612,0.4988273005042954,0.0,0.3787583501561892,0.8335002874364699,0.5525190230601315,3.383203265293063e-17,5.103717295487358e-17
181.635,0.49929550736757133,0.0,0.3794574189689942,0.8361658017485161,0.5484767561039039,3.358451518846847e-17,5.120038863339003e-17
181.657,0.4997383814009408,0.0,0.38013287158248965,0.8387221231462497,0.5445596387403744,3.334466092641193e-17,5.1356918174256344e-17
181.685,0.5002949286100452,0.0,0.38100204744075716,0.841983848271909,0.5395027333102466,3.303501477398208e-17,5.15566412359982e-17
181.695,0.5004917490915743,0.0,0.38131503120210186,0.8431507028552477,0.5376773124046632,3.2923239980526115e-17,5.162809047252601e-17
181.744,0.5014411832749648,0.0,0.38286796518219013,0.8488800421899212,0.5285855408272512,3.2366529532483284e-17,5.197891132639786e-17
181.759,0.5017268001665115,0.0,0.3833497117772016,0.8506369427176089,0.5257535465254031,3.2193119894635193e-17,5.208649045678051e-17
181.764,0.5018214774309484,0.0,0.3835109509767906,0.8512228050257734,0.5248044742607042,3.213500597907904e-17,5.2122364176802244e-17
181.805,0.5025877869074451,0.0,0.3848454131406793,0.8560297522304209,0.5169265550311033,3.1652622550655436e-17,5.241670480219434e-17
181.838,0.5031914361624482,0.0,0.3859352666161187,0.8599000615275046,0.5104624219127142,3.125680855402056e-17,5.265369289681353e-17
181.853,0.5034619058866402,0.0,0.38643525418528496,0.8616588704507911,0.5074879219976242,3.10746729640166e-17,5.2761388882724266e-17
181.881,0.5039601729745844,0.0,0.38737618193271045,0.8649401178333239,0.5018750766500322,3.073098530956472e-17,5.296230733793573e-17
181.9,0.5042933439990664,0.0,0.38802027340539214,0.867164595991949,0.4980216495877663,3.049503095368714e-17,5.30985173407724e-17
181.924,0.5047084364142944,0.0,0.3888402796030814,0.8699711269447794,0.49310266505306016,3.0193830020412976e-17,5.327036779817699e-17
181.946,0.5050832518259569,0.0,0.3895981900356704,0.8725396730280078,0.4885432621500138,2.9914647111851034e-17,5.3427645885141396e-17
181.98,0.5056517175177347,0.0,0.39078111527690074,0.8764995790135517,0.4814026256565981,2.9477409230574216e-17,5.3670120194647436e-17
182.007,0.506093723008442,0.0,0.3917304238634407,0.879634109073608,0.4756509583237271,2.912522118112618e-17,5.3862054804891385e-17
182.036,0.5065590877951446,0.0,0.3927597152541594,0.8829890047386492,0.46939367007944377,2.874207278014098e-17,5.406748291677469e-17
182.049,0.5067645223932841,0.0,0.3932243383603785,0.8844884690858525,0.46656205166533293,2.85686861587786e-17,5.41592986274366e-17
182.078,0.5072156599594467,0.0,0.3942679059472609,0.8878223904750338,0.460186269863842,2.817828212001571e-17,5.436344243533008e-17
182.102,0.5075815092070409,0.0,0.3951388903113647,0.890568903310802,0.4548483576487833,2.785142926460065e-17,5.4531617842987114e-17
182.134,0.5080586445725419,0.0,0.396310412656836,0.8942112429004324,0.4476452312607205,2.74103649808509e-17,5.4754646818979546e-17
182.153,0.508336135568594,0.0,0.39701146050064773,0.8963623206005144,0.44332221939314165,2.7145656848535578e-17,5.488636233998568e-17
182.176,0.5086662149430561,0.0,0.39786547312006404,0.8989538272547415,0.43804339564026346,2.6822422117924316e-17,5.504504635643909e-17
182.195,0.5089340451936708,0.0,0.3985753589044455,0.9010837553534831,0.43364509202579965,2.6553103695767748e-17,5.517546683786599e-17
182.224,0.5093343343869914,0.0,0.39966644952671,0.9043144738401819,0.4268668790186876,2.613805785261281e-17,5.537329129055008e-17
182.252,0.5097110038103645,0.0,0.40072849757765433,0.9074090804084768,0.4202484512669172,2.573279603453313e-17,5.556278129197422e-17
182.281,0.5100908823417633,0.0,0.4018372332272487,0.9105868454857384,0.4133177915700361,2.530841552384488e-17,5.575736328348975e-17
182.303,0.510372066602469,0.0,0.4026842052921879,0.912977890903911,0.40800903264590405,2.4983347792650715e-17,5.59037725893888e-17
182.326,0.510659535670857,0.0,0.4035750125429831,0.9154585276125015,0.40241233110026703,2.4640648660968346e-17,5.605566777963993e-17
182.349,0.5109403275199096,0.0,0.40447120749446797,0.9179187646860031,0.3967683725264933,2.429505587087373e-17,5.620631385250031e-17
182.375,0.5112496581115957,0.0,0.40549069871535987,0.92067421905606,0.3903318874567055,2.3900934828949964e-17,5.637503677122464e-17
182.399,0.5115275344185408,0.0,0.40643771401929357,0.9231924626111383,0.3843379723342232,2.353391338049452e-17,5.652923471668465e-17
182.427,0.5118423750105556,0.0,0.40754967204620673,0.9260984076497965,0.3772820421760244,2.310186226633225e-17,5.67071725311892e-17
182.444,0.5120285914518871,0.0,0.40822847285209374,0.9278452852259832,0.3729653156580568,2.2837539000681073e-17,5.681413793279817e-17
182.472,0.5123271269820348,0.0,0.4093524758936506,0.9306926717550837,0.365802064976927,2.239891639977429e-17,5.698849007273808e-17
182.497,0.5125850387214228,0.0,0.4103622467373674,0.9332025310339221,0.3593508537236019,2.200389363917389e-17,5.714217462934507e-17
182.522,0.5128347579732304,0.0,0.41137776853953056,0.9356806437978951,0.35284803077522864,2.1605710573716526e-17,5.729391527256134e-17
182.546,0.5130667428856851,0.0,0.412357994723851,0.9380287641073812,0.3465574089630446,2.122052108036964e-17,5.74376961736126e-17
182.578,0.513364191250998,0.0,0.4136729346571695,0.9411109043931869,0.33809801187264904,2.0702532401896172e-17,5.762642283538936e-17
182.588,0.5134543514210651,0.0,0.4140856943159498,0.9420623504976399,0.33543781506392806,2.0539642326551066e-17,5.768468210670833e-17
182.631,0.5138268086022886,0.0,0.4158703573097273,0.9460878094136145,0.32391026053360567,1.983378318867327e-17,5.79311703755357e-17
182.658,0.5140479851403291,0.0,0.416998932676706,0.9485592349347792,0.31659971228658174,1.9386141213136765e-17,5.808250154322697e-17
182.684,0.5142516648998801,0.0,0.4180913890529512,0.9508967340503599,0.3095083216528421,1.8951918771081126e-17,5.822563208372226e-17
182.694,0.5143275637630806,0.0,0.4185130255761997,0.9517844567202202,0.30676757968500407,1.8784096727171043e-17,5.827998942003101e-17
182.735,0.5146245203540438,0.0,0.4202500577780029,0.955356715221987,0.2954548132629682,1.8091389567758647e-17,5.849872716702679e-17
182.752,0.5147409151242144,0.0,0.4209741466915663,0.9568054222120786,0.29072905603940896,1.7802020394889684e-17,5.858743488594269e-17
182.781,0.5149303201849283,0.0,0.42221445537612534,0.9592316381328977,0.2826210615026376,1.730554891704162e-17,5.873599776401626e-17
182.82,0.5151667695483727,0.0,0.423892359930781,0.9624025783990522,0.2716270919677493,1.6632362437000396e-17,5.893016185637795e-17
182.841,0.5152853724756441,0.0,0.4248004362412137,0.9640652582789628,0.2656655374329097,1.6267322503048712e-17,5.903197163602492e-17
182.851,0.5153396987663834,0.0,0.4252339601151414,0.9648457948498464,0.2628166512239436,1.609287853420144e-17,5.907976571668241e-17
182.889,0.5155334421077252,0.0,0.4268877307038112,0.9677446742684255,0.25193301773507,1.542644818843934e-17,5.925727088673626e-17
182.907,0.5156181788986676,0.0,0.4276745519001639,0.9690801078482953,0.24674631622931328,1.5108854318581457e-17,5.933904260968934e-17
182.924,0.5156940420743211,0.0,0.4284196553803484,0.9703186977932641,0.2418297432343347,1.4807801049527714e-17,5.941488437026743e-17
182.964,0.5158565320734783,0.0,0.4301803031367627,0.9731447376496032,0.2301940911163556,1.4095322843413953e-17,5.958792940348387e-17
182.975,0.5158972668148563,0.0,0.43066627731859897,0.973899850622052,0.22697815083911674,1.389840329507547e-17,5.963416673771907e-17
182.997,0.5159736106685147,0.0,0.4316404938750974,0.9753811041790958,0.22052596584159354,1.3503320909839303e-17,5.972486735908704e-17
183.02,0.5160461029049925,0.0,0.43266216503671556,0.9768879156067418,0.2137521937700648,1.3088546995561734e-17,5.98171329486763e-17
183.048,0.5161242270030826,0.0,0.4339102041321833,0.9786638398846476,0.20546797439561468,1.2581284858543991e-17,5.992587694779957e-17
183.066,0.516168564113053,0.0,0.43471492726694166,0.979771173344263,0.20012108305624904,1.2253882190336851e-17,5.999368156664491e-17
183.091,0.5162224850493626,0.0,0.4358356484822409,0.9812639945954948,0.19266803811346758,1.1797514808682917e-17,6.008509050499592e-17
183.118,0.5162706963431352,0.0,0.43704990560141416,0.9828165760838606,0.18458487959417724,1.1302564098300437e-17,6.018015870250305e-17
183.147,0.5163108579821309,0.0,0.43835845202587514,0.984414233507484,0.17586533731202578,1.0768646121007097e-17,6.027798700500177e-17
183.152,0.5163165639000189,0.0,0.4385845070570716,0.9846823015021637,0.17435815182664052,1.0676357626987178e-17,6.029440143558369e-17
183.188,0.5163470478023643,0.0,0.4402158428756762,0.9865475559794781,0.16347452336960208,1.0009927589336119e-17,6.04086153318456e-17
183.213,0.5163572488543242,0.0,0.44135246963849284,0.9877752553733077,0.15588471660877107,9.545185961546186e-18,6.048379023849403e-17
183.231,0.5163590164704358,0.0,0.442172680163059,0.9886245124800637,0.1504046984756674,9.209631628247444e-18,6.053579223836612e-17
183.264,0.5163501100499603,0.0,0.4436802595441141,0.9901053283907595,0.14032618676578634,8.592500772963697e-18,6.062646606162413e-17
183.283,0.5163378410768782,0.0,0.4445504504160839,0.9909128341908526,0.13450559481245306,8.236092307724074e-18,6.067591153129299e-17
183.307,0.5163148736229319,0.0,0.4456518413631463,0.9918853395694331,0.1271356486089968,7.784813256326528e-18,6.07354603112446e-17
183.331,0.5162835580009801,0.0,0.44675560638891637,0.9928044384251344,0.11974701266985134,7.332389788679549e-18,6.079173888483132e-17
183.348,0.5162563198208756,0.0,0.44753882667367595,0.9934229409126365,0.114502665770227,7.011266156467385e-18,6.082961123941052e-17
183.371,0.5162127877465765,0.0,0.44860024338644194,0.9942165437969674,0.10739396649911319,6.575983866043852e-18,6.087820540101502e-17
183.394,0.5161615665247529,0.0,0.4496636174001085,0.9949601924110238,0.10027071116441932,6.139810273786745e-18,6.092374074575976e-17
183.417,0.5161026495043741,0.0,0.45072886832732495,0.9956535975358323,0.09313384837938843,5.702803465504647e-18,6.096619956409021e-17
183.427,0.5160746314852487,0.0,0.451192585957813,0.9959393376085651,0.09002686156815942,5.512555392836415e-18,6.098369609736322e-17
183.478,0.5159090772309108,0.0,0.45356258426595203,0.9972473282095856,0.07414692427095758,4.54018967375247e-18,6.106378742250595e-17
183.51,0.5157858374152954,0.0,0.45505367041525085,0.9979398163065184,0.06415701855691525,3.92848437092818e-18,6.110619008907376e-17
183.527,0.5157142895409587,0.0,0.4558469811319437,0.9982672597406942,0.05884282564430009,3.603083903903895e-18,6.112624021675203e-17
183.563,0.5155488520165449,0.0,0.4575294360860492,0.9988676569094472,0.0475752454563388,2.9131436033377486e-18,6.116300394029856e-17
183.599,0.5153644933698566,0.0,0.4592150350975446,0.999341237609865,0.03629174578858406,2.2222285157729452e-18,6.119200239474379e-17
183.641,0.5151254911129389,0.0,0.4611851260885247,0.9997328689321074,0.023112567507259745,1.4152365908921383e-18,6.121598289700529e-17
183.66,0.5150089101699604,0.0,0.46207749176628155,0.9998529839347347,0.017146734873067268,1.0499346989065063e-18,6.122333781968014e-17
183.687,0.5148341777859676,0.0,0.4633466839929901,0.9999624464552856,0.008666353279208127,5.3066109018312e-19,6.123004046595111e-17
183.719,0.5146133126156339,0.0,0.46485241032798447,0.9999990388670867,-0.0013864576815379452,-8.489604809243525e-20,6.123228110495038e-17
183.736,0.5144899029986841,0.0,0.46565291809534753,0.9999773732550736,-0.006727033364208321,-4.1191199386175857e-19,6.12309544688302e-17
183.756,0.5143393210777609,0.0,0.4665951597733054,0.9999153743096166,-0.013009389657442041,-7.965953701423539e-19,6.122715812832498e-17
183.787,0.514094401234924,0.0,0.46805651412909527,0.9997413184398138,-0.022744146592535614,-1.392677316194346e-18,6.121650028013364e-17
183.812,0.5138866935815578,0.0,0.4692356862081663,0.9995319933738671,-0.03059075386556716,-1.8731434402485674e-18,6.120368281653399e-17
183.831,0.513722754991159,0.0,0.4701321815552284,0.9993317912206685,-0.036550937822306534,-2.238099450496081e-18,6.119142397022914e-17
183.862,0.513444012811885,0.0,0.47159535677928605,0.998929068277661,-0.04626787816535467,-2.8330904449270656e-18,6.116676430207427e-17
183.896,0.5131222553672399,0.0,0.47320059629229744,0.9983792056612572,-0.0569118766444853,-3.484847378306896e-18,6.113309492741678e-17
183.912,0.5129650410800901,0.0,0.4739560999308008,0.9980814174459053,-0.0619151366724858,-3.791208697236532e-18,6.111486065817905e-17
183.931,0.5127735343921946,0.0,0.4748532899234432,0.9976954537238543,-0.06785117256726389,-4.154686065144721e-18,6.109122719633922e-17
183.959,0.5124817970863229,0.0,0.47617543068211166,0.997062875414152,-0.07658735189875192,-4.689622767898925e-18,6.105249294622987e-17
183.982,0.5122336847210647,0.0,0.4772613533466993,0.9964866282305324,-0.08375201345487106,-5.128331759982695e-18,6.1017207982783e-17
184.005,0.5119779438299517,0.0,0.478347079444585,0.995859543310186,-0.09090528036383644,-5.5663430311582516e-18,6.097881010575822e-17
184.015,0.5118643757212455,0.0,0.47881905244879974,0.9955711020540589,-0.09401159904430302,-5.7565501926165035e-18,6.09611481727053e-17
184.046,0.5115031756761711,0.0,0.48028176341854106,0.994616386689463,-0.10362549555392583,-6.345231572008678e-18,6.090268871693785e-17
184.079,0.5111035146962478,0.0,0.48183799613268685,0.9935000664534737,-0.11383153322758824,-6.970171140460076e-18,6.083433381674646e-17
184.097,0.5108789436936304,0.0,0.4826863989964647,0.9928480031823743,-0.11938526951333644,-7.310239408742578e-18,6.079440645685679e-17
184.115,0.5106497411193347,0.0,0.4835344338349753,0.9921656694172103,-0.12492911762234976,-7.649702200825691e-18,6.075262556378387e-17
184.144,0.510270746952518,0.0,0.4848998402627255,0.9910030966037708,-0.13383894247093156,-8.195271624914654e-18,6.068143851004616e-17
184.162,0.5100294860679817,0.0,0.48574673206620156,0.9902425059479302,-0.13935486864104724,-8.533024691342918e-18,6.063486576443932e-17
184.189,0.5096589650717717,0.0,0.48701610639658793,0.9890460817261544,-0.14760707375373663,-9.038326520201043e-18,6.056160590975832e-17
184.212,0.5093351867379166,0.0,0.4880964274322936,0.9879747623154396,-0.15461522896451935,-9.467452262541687e-18,6.049600651539851e-17
184.222,0.5091920799270643,0.0,0.48856582414633726,0.9874941199316446,-0.1576558375082469,-9.65363583856849e-18,6.046657565755606e-17
184.269,0.5085005883424775,0.0,0.49076925264930704,0.9851158032096394,-0.1718919843001031,-1.0525348418610419e-17,6.032094575950794e-17
184.279,0.5083494536004749,0.0,0.49123744328417884,0.9845846310170528,-0.17490884587411196,-1.0710077912114447e-17,6.028842084323557e-17
184.315,0.5077937643830673,0.0,0.49292094862071817,0.9826003408294194,-0.18573252327448947,-1.137283700628324e-17,6.016691811189234e-17
184.334,0.5074931808947208,0.0,0.49380814123681255,0.9815080533372552,-0.19142084848341842,-1.1721146469264443e-17,6.010003479284096e-17
184.375,0.5068274321170958,0.0,0.4957192357023583,0.9790466723984468,-0.20363598224657772,-1.2469107692474933e-17,5.994931867843126e-17
184.398,0.5064437564003568,0.0,0.496789161776422,0.9776043523585668,-0.2104512538560587,-1.2886422720568467e-17,5.9861002047422e-17
184.416,0.5061383905807972,0.0,0.4976253511704493,0.9764451788745137,-0.21576564289228034,-1.32118351967001e-17,5.97900231425769e-17
184.445,0.5056370288676681,0.0,0.4989703293064206,0.9745222166060694,-0.22429099255474597,-1.3733862305487623e-17,5.967227566323032e-17
184.477,0.5050704166198513,0.0,0.5004511037020477,0.9723222167237381,-0.23364397459689817,-1.4306567281507843e-17,5.953756452252925e-17
184.49,0.5048362340777962,0.0,0.5010516210294668,0.9714054139832019,-0.23742687649911096,-1.453820321680951e-17,5.948142654544688e-17
184.51,0.5044714600701705,0.0,0.501974266368528,0.9699693021385645,-0.2432273687495433,-1.4893380930208058e-17,5.939349005675925e-17
184.545,0.5038200490278771,0.0,0.5035851758225892,0.9673824391425344,-0.2533203829908691,-1.5511399809427475e-17,5.92350903823632e-17
184.572,0.5033062300526117,0.0,0.5048244964007118,0.9653240142073581,-0.2610546831500869,-1.598498910610902e-17,5.910904820695576e-17
184.6,0.5027630377610032,0.0,0.5061064603171929,0.9631327975955902,-0.26902641914074515,-1.647311715433939e-17,5.897487488646376e-17
184.617,0.5024281266499346,0.0,0.5068831191717704,0.9617748358131036,-0.27384149648414774,-1.6767955607151634e-17,5.889172370894942e-17
184.656,0.5016452717342443,0.0,0.5086598867705435,0.958582521558898,-0.28481493879672964,-1.7439885157338214e-17,5.869625083728515e-17
184.679,0.5011741489888064,0.0,0.5097043547572693,0.9566507024558806,-0.2912377611002225,-1.783316959611145e-17,5.857796103323306e-17
184.699,0.5007588149526381,0.0,0.5106104820377318,0.954941904384123,-0.29679278840838547,-1.8173316916717345e-17,5.84733273287847e-17
184.732,0.5000620576302719,0.0,0.5121011710804175,0.9520648468173682,-0.30589626910869827,-1.8730744341754237e-17,5.829715836178026e-17
184.761,0.49943804547209747,0.0,0.5134064727474693,0.9494788909676505,-0.31383090288695376,-1.9216600534701588e-17,5.813881423407559e-17
184.769,0.4992639859287751,0.0,0.5137657611581706,0.9487562527390929,-0.316008817738484,-1.9349959357288687e-17,5.809456540439837e-17
184.803,0.49851502640907536,0.0,0.5152887981034074,0.9456413914704628,-0.3252112524772276,-1.9913445969646925e-17,5.790383516027757e-17
184.819,0.4981574394640958,0.0,0.5160032671574745,0.9441516209737089,-0.3295113300217732,-2.0176749779697584e-17,5.781261302676188e-17
184.83,0.49790970073458796,0.0,0.5164936092218549,0.9431187080532933,-0.332456166313526,-2.0357068996632987e-17,5.774936535167264e-17
184.871,0.4969727602650037,0.0,0.5183149596452454,0.939207936470193,-0.3433488780692345,-2.1024055225916144e-17,5.750989965660063e-17
184.891,0.496508006300849,0.0,0.5191997358445921,0.9372664171711034,-0.34861391716803747,-2.1346445889902882e-17,5.739101588684498e-17
184.907,0.49613258580586955,0.0,0.5199057710369801,0.9356977312898317,-0.3528027149258661,-2.1602935778222904e-17,5.729496157967663e-17
184.936,0.49544398495894487,0.0,0.5211813286415737,0.9328204055385795,-0.36034163097099975,-2.206456124840858e-17,5.711877619110786e-17
184.964,0.49476922198491885,0.0,0.5224077324635885,0.9300019578075297,-0.3675545653017545,-2.2506226095439524e-17,5.694619604148815e-17
184.986,0.4942322698333581,0.0,0.5233676862401967,0.9277606709598624,-0.3731757460233797,-2.285042414434788e-17,5.680895680328982e-17
184.997,0.49396156807343605,0.0,0.5238464369135966,0.9266314460166124,-0.3759709606514338,-2.3021581676706695e-17,5.673981171767639e-17
185.028,0.49319074458885637,0.0,0.5251911629039923,0.9234192911356465,-0.383792668974461,-2.350052317978967e-17,5.654312395800937e-17
185.053,0.49256063155122143,0.0,0.5262707094467505,0.9207979262046317,-0.3900399711532774,-2.3883060110619355e-17,5.638261164940115e-17
185.066,0.49222999958779357,0.0,0.5268303077882683,0.9194243161853921,-0.39326699175881014,-2.4080658133386768e-17,5.629850229373422e-17
185.107,0.4911740136806136,0.0,0.5285871104600853,0.9150472187965298,-0.40334673343506283,-2.4697864302389522e-17,5.603048237839291e-17
185.134,0.49046773022501194,0.0,0.5297371812802637,0.9121292838338786,-0.4099026342592784,-2.5099297450384677e-17,5.585181039278635e-17
185.149,0.4900716491493601,0.0,0.5303737093928169,0.9104966840346245,-0.41351637012572207,-2.5320574953474887e-17,5.575184248686409e-17
185.173,0.4894324577972808,0.0,0.5313885294056174,0.9078681644419468,-0.4192557644121428,-2.5672011495570373e-17,5.559089208158065e-17
185.203,0.4886240846743419,0.0,0.5326506741558099,0.9045555867659443,-0.4263557088283423,-2.6106757705741514e-17,5.538805519918848e-17
185.221,0.4881340948407766,0.0,0.5334044993581777,0.9025544536321887,-0.4305757287965747,-2.63651594030632e-17,5.52655211348424e-17
185.244,0.4875026190048484,0.0,0.5343638793279739,0.8999834591426505,-0.4359240452987527,-2.6692649337324166e-17,5.510809312623049e-17
185.273,0.48669787815998417,0.0,0.5355672911577584,0.8967207226371381,-0.442596820586331,-2.710123898219228e-17,5.490830813533363e-17
185.297,0.4860247515036789,0.0,0.5365578639596403,0.894003991287694,-0.4480589956263267,-2.7435700741147944e-17,5.4741956317771634e-17
185.321,0.4853452219057696,0.0,0.5375435057971438,0.8912734053859694,-0.4534663348603702,-2.776680477539171e-17,5.4574756153554444e-17
185.331,0.4850602079086645,0.0,0.5379527164857609,0.8901318220244211,-0.45570312640960053,-2.790376875594795e-17,5.450485433307044e-17
185.368,0.48399614047229944,0.0,0.5394591474345098,0.8858898939775592,-0.4638955655623675,-2.840541097523023e-17,5.42451111528303e-17
185.387,0.48344395304565224,0.0,0.5402279767115725,0.8837014433067558,-0.468051021895644,-2.8659859290107406e-17,5.4111107197375735e-17
185.402,0.48300527261968573,0.0,0.5408326409730578,0.881969308265629,-0.4713068419590871,-2.885922077107217e-17,5.400504451568539e-17
185.437,0.48197235659254745,0.0,0.5422355028256443,0.8779140621996602,-0.4788182321007536,-2.931916076577912e-17,5.375673230996321e-17
185.461,0.4812565968638305,0.0,0.5431908817462828,0.8751236542959653,-0.4838993590527641,-2.963029005867117e-17,5.358586910458444e-17
185.48,0.48068568634279996,0.0,0.5439433686899218,0.8729098149747376,-0.48788159928487695,-2.987413194635581e-17,5.345031054265604e-17
185.528,0.4792267985004281,0.0,0.5458289593692935,0.8673019204940066,-0.49778246122920794,-3.048038489080205e-17,5.310692604136687e-17
185.54,0.47885840425614573,0.0,0.546296853532848,0.8658973035389711,-0.5002218105240303,-3.062975195609737e-17,5.3020918058466255e-17
185.565,0.4780862561761611,0.0,0.5472670644801839,0.862968620435842,-0.5052575186408013,-3.093810014742957e-17,5.284158793906805e-17
185.602,0.4769320464019625,0.0,0.5486915023042855,0.8586303729417452,-0.5125952425275907,-3.138740615097876e-17,5.257594689369032e-17
185.633,0.4759546494527246,0.0,0.5498742409442212,0.8549946128806007,-0.518636878697564,-3.175734967083729e-17,5.2353320797622903e-17
185.657,0.47519156247268945,0.0,0.5507831022341058,0.8521807259872537,-0.5232475611561294,-3.203967254657564e-17,5.21810199187679e-17
185.692,0.47406886997812503,0.0,0.5520977222177391,0.848080870899134,-0.5298668100711408,-3.2444984646402053e-17,5.19299761982362e-17
185.716,0.4732923559143875,0.0,0.5529916723267216,0.8452735660923923,-0.5343337893727572,-3.271850824158116e-17,5.175807835594585e-17
185.74,0.4725104924089315,0.0,0.5538794404707861,0.8424707230678018,-0.5387421282706739,-3.298844114762568e-17,5.1586453719016984e-17
185.778,0.4712617625931693,0.0,0.5552722683345773,0.8380445153555721,-0.5456018605929092,-3.340847860919733e-17,5.131542666365982e-17
185.811,0.4701667983661511,0.0,0.5564689189933935,0.8342149976137847,-0.5514393327975736,-3.376592069172503e-17,5.1080936331421915e-17
185.832,0.4694649858299302,0.0,0.5572240938370006,0.8317862217132858,-0.5550961010202977,-3.398983316668417e-17,5.0932216699802305e-17
185.864,0.46838817323439685,0.0,0.5583652565654853,0.8280992426339019,-0.5605815233747525,-3.432571841310189e-17,5.070645434339777e-17
185.881,0.467812538078951,0.0,0.5589667494980425,0.8261481177669691,-0.5634530038167286,-3.4501545879705904e-17,5.0586982402246465e-17
185.91,0.46682492825051003,0.0,0.5599851405298254,0.8228331124920839,-0.5682830887740631,-3.479730328383638e-17,5.0383996872294226e-17
185.949,0.4654857326632511,0.0,0.5613392544334375,0.8184042741623878,-0.5746428839137705,-3.518672842189016e-17,5.011280873807406e-17
185.961,0.46507116843948126,0.0,0.561752304124423,0.8170488839821816,-0.5765684011316191,-3.5304632346767226e-17,5.002981502578479e-17
185.992,0.46399485020050957,0.0,0.5628114265969142,0.8135646932403015,-0.5814744103680008,-3.560503877216334e-17,4.981646987380167e-17
186.01,0.46336639057512036,0.0,0.5634211200286264,0.8115536373387097,-0.5842779250684644,-3.57767045373776e-17,4.9693328215162135e-17
186.037,0.46241895881403927,0.0,0.564328319503649,0.8085546698296533,-0.5884210617378174,-3.603039849040526e-17,4.9509694417126493e-17
186.059,0.4616428327953607,0.0,0.5650609551224862,0.8061275137426109,-0.5917418622906079,-3.623373887878434e-17,4.936107397047512e-17
186.083,0.46079197607185235,0.0,0.5658534154291626,0.8034974542577078,-0.5953081899330656,-3.6452113465386665e-17,4.920002927398744e-17
186.111,0.4597939005659017,0.0,0.5667689383067753,0.8004536522257458,-0.5993946534950614,-3.670233719143819e-17,4.9013650153203416e-17
186.121,0.45943605419566624,0.0,0.5670935420878868,0.7993732595200052,-0.6008347459696073,-3.679051742340963e-17,4.894749517975804e-17
186.163,0.457925262184642,0.0,0.5684431466230955,0.7948758972206323,-0.6067720395813363,-3.715407180426973e-17,4.86721111625314e-17
186.186,0.4570926599255734,0.0,0.5691727418125333,0.7924418366696431,-0.6099474858507432,-3.734851180975441e-17,4.8523067939396405e-17
186.205,0.45640210910838747,0.0,0.5697703498739513,0.7904471646963401,-0.6125302276814729,-3.7506659135555763e-17,4.840092950702368e-17
186.222,0.4557821725567859,0.0,0.5703011163894268,0.7886751636268828,-0.6148101221337443,-3.764626240772416e-17,4.8292425735133856e-17
186.251,0.4547201896164986,0.0,0.5711979079282493,0.7856809307231108,-0.6186319383107102,-3.7880281155126704e-17,4.810908184805855e-17
186.274,0.4538740189403077,0.0,0.5719013636869429,0.7833326734155008,-0.6216027049166728,-3.8062188145877003e-17,4.7965292558291604e-17
186.292,0.45320943457839896,0.0,0.572447053496475,0.7815117682963852,-0.6238905000192397,-3.8202275193350184e-17,4.785379427700781e-17
186.302,0.4528393374803464,0.0,0.5727483690799695,0.7805066943988915,-0.625147422612071,-3.827923950485452e-17,4.77922512504342e-17
186.327,0.451911376919675,0.0,0.5734958628041313,0.778014905807535,-0.6282458168116143,-3.8468961431802895e-17,4.763967320430636e-17
186.364,0.45053102500102876,0.0,0.5745868606580182,0.7743834533626461,-0.6327165772746455,-3.8742716556343174e-17,4.741731087366191e-17
186.386,0.44970643411943606,0.0,0.5752268443362321,0.7722571688688356,-0.6353100543283499,-3.8901521224967235e-17,4.728711349869082e-17
186.412,0.4487283251452628,0.0,0.5759747448909708,0.7697769770433224,-0.6383129370567734,-3.9085394761046175e-17,4.713524554967152e-17
186.435,0.44785990706943635,0.0,0.5766286782447958,0.7676132239546382,-0.6409133626395744,-3.924462490436608e-17,4.70027538849614e-17
186.471,0.4464948468972538,0.0,0.5776376673176757,0.7642851592119339,-0.6448784345970866,-3.9487415538423895e-17,4.6798968693236e-17
186.497,0.44550470253925584,0.0,0.578355256589063,0.7619273150240815,-0.6476625406955339,-3.9657892869521397e-17,4.6654592376358924e-17
186.52,0.4446259148470702,0.0,0.578982217245444,0.7598743595579901,-0.6500699636857054,-3.980530501247676e-17,4.6528885109341876e-17
186.545,0.4436677193103931,0.0,0.579655311946157,0.7576786040440548,-0.6526278671447093,-3.9961931426656615e-17,4.639443386124933e-17
186.563,0.44297593894420206,0.0,0.5801345055397271,0.7561211283430639,-0.6544316918313262,-4.007238383309103e-17,4.629906597965091e-17
186.586,0.4420897684795452,0.0,0.5807401552100965,0.7541601279029684,-0.6566905675288616,-4.021070007772396e-17,4.6178989334046436e-17
186.628,0.4404653149228136,0.0,0.5818267485985319,0.7506652700858443,-0.6606827168065973,-4.045514871945883e-17,4.596499101208563e-17
186.639,0.44003857638679217,0.0,0.5821071729198399,0.749768688312052,-0.661700018155376,-4.051744046148634e-17,4.5910091212113204e-17
186.668,0.43891107338411167,0.0,0.582838150744664,0.7474429930517756,-0.6643259532321489,-4.0678232610813276e-17,4.576768344929872e-17
186.693,0.43793630681382384,0.0,0.5834585765356264,0.7454829945452878,-0.6665246468389526,-4.081286376520717e-17,4.564766815443352e-17
186.718,0.4369590639239532,0.0,0.5840699493726385,0.7435653113856974,-0.6686633141603411,-4.0943819369686136e-17,4.5530243927274964e-17
186.737,0.43621476113444546,0.0,0.5845285117968534,0.7421365896013283,-0.6702486720426304,-4.104089454248857e-17,4.544275994926998e-17
186.77,0.4349188774696695,0.0,0.5853124214617837,0.7397150025896642,-0.6729202886997635,-4.120448388187391e-17,4.529448051013542e-17
186.784,0.43436794576780724,0.0,0.585640161424017,0.7387109213534595,-0.6740223844006392,-4.127196778049549e-17,4.5232998266535316e-17
186.807,0.4334614001679096,0.0,0.5861723220277784,0.7370918403958794,-0.6757925856517039,-4.1380361345293636e-17,4.513385815092227e-17
186.817,0.43306670591851787,0.0,0.5864012585685205,0.7363998140336049,-0.6765466088092321,-4.142653194761113e-17,4.509148375744802e-17
186.858,0.43144517042161884,0.0,0.5873243889821692,0.7336390395055173,-0.6795393731885018,-4.160978591349487e-17,4.4922435072998523e-17
186.881,0.43053332458576615,0.0,0.5878312807292418,0.7321448685974891,-0.6811489494863553,-4.170834403655236e-17,4.483094349200373e-17
186.899,0.42981866320049594,0.0,0.5882224590280257,0.7310032366051195,-0.6823739942823435,-4.1783356395963313e-17,4.476103869374074e-17
186.928,0.42866543635183774,0.0,0.5888424603244666,0.7292156933748384,-0.6842839122293127,-4.190030514098281e-17,4.465158323897568e-17
186.938,0.42826727180693164,0.0,0.5890533183196579,0.728614234202617,-0.6849243007204037,-4.1939517626774074e-17,4.461475448647174e-17
186.976,0.42675205272819455,0.0,0.5898407983001867,0.726399315708942,-0.6872728964083924,-4.208332763636341e-17,4.4479129844289174e-17
186.999,0.4258333622246267,0.0,0.5903067960132691,0.7251135639110862,-0.6886293048020562,-4.216638369624526e-17,4.440040025310207e-17
187.028,0.42467345153693664,0.0,0.5908828809874842,0.7235520595927575,-0.6902698146805195,-4.226683595482675e-17,4.430478568983727e-17
187.045,0.4239927501885991,0.0,0.591214616275039,0.7226679000615168,-0.6911954182578741,-4.2323512827741075e-17,4.4250646532843796e-17
187.083,0.42246935134526264,0.0,0.5919401310570727,0.7207757753584051,-0.6931682924488757,-4.24443165308976e-17,4.413478730978112e-17
187.11,0.4213855493187185,0.0,0.5924421390985297,0.7195027530324939,-0.6944895883875165,-4.2525222572996746e-17,4.4056837173947614e-17
187.143,0.42005954097035486,0.0,0.5930404280515604,0.7180282058401819,-0.6960140053317385,-4.261856618956212e-17,4.396654719898478e-17
187.161,0.4193357077224579,0.0,0.5933596643314114,0.7172619251915979,-0.6968036528825338,-4.266691815683892e-17,4.3919626041807934e-17
187.189,0.41820907195668794,0.0,0.5938462601032288,0.7161236682772824,-0.6979734176407357,-4.273854559018329e-17,4.384992790747174e-17
187.21,0.417363630208344,0.0,0.5942032043980678,0.7153131590964064,-0.6988040386428224,-4.278940645775879e-17,4.3800298533769774e-17
187.222,0.4168803672172475,0.0,0.5944040866970317,0.7148667149045242,-0.6992607381525247,-4.281737123739524e-17,4.3772961711240454e-17
187.261,0.41530914330125884,0.0,0.5950414195673915,0.7135001475164053,-0.7006550788327077,-4.2902749979940595e-17,4.368928359235651e-17
187.286,0.4143015791047507,0.0,0.5954374412849391,0.7126923990468326,-0.7014766883802129,-4.2953059055065656e-17,4.3639823263467584e-17
187.314,0.4131729093085506,0.0,0.5958693380777393,0.7118514294532559,-0.702330080792042,-4.300531426934381e-17,4.358832872741989e-17
187.337,0.4122457258744271,0.0,0.5962148849707156,0.7112112320369464,-0.7029783662563799,-4.304501030528557e-17,4.354912794158459e-17
187.347,0.41184260663306316,0.0,0.596362523263737,0.7109471715242867,-0.7032454189695205,-4.3061362567803136e-17,4.35329588985041e-17
187.379,0.41055273418546917,0.0,0.596824361931745,0.7101605676783844,-0.7040397489593289,-4.311000125177741e-17,4.348479330440004e-17
187.409,0.40934377226671004,0.0,0.5972426361695781,0.7095042246134756,-0.7047011815341526,-4.315050231605789e-17,4.344460388272088e-17
187.44,0.40809499725342574,0.0,0.5976598781020286,0.7089087991111387,-0.7053001591824598,-4.31871791190459e-17,4.3408144585942504e-17
187.451,0.40765203762722413,0.0,0.5978042677653794,0.7087178059301736,-0.7054920776008194,-4.3198930732882984e-17,4.339644962655611e-17
187.483,0.40636399527868866,0.0,0.5982133826694381,0.70822276920338,-0.7059890290804071,-4.3229360234823406e-17,4.33661373694097e-17
187.516,0.40503676007697076,0.0,0.5986182248958046,0.7078069174038156,-0.7064059510474895,-4.3254889342447496e-17,4.334067379064689e-17
187.548,0.4037509857600071,0.0,0.5989942328830005,0.7074956815026096,-0.7067176668622047,-4.3273976431184227e-17,4.3321616088137303e-17
187.58,0.4024666459589167,0.0,0.5993539068970694,0.7072752177720135,-0.7069383044690328,-4.3287486588132907e-17,4.330811657803718e-17
187.612,0.40118395048700495,0.0,0.5996972273259533,0.7071456474853636,-0.7070679127513183,-4.3295422806535097e-17,4.330018268619665e-17
187.643,0.39994310528286914,0.0,0.6000142079994804,0.707106871078263,-0.7071066912948206,-4.3297797307493883e-17,4.329780831605474e-17
187.675,0.3986642601338401,0.0,0.6003252853654755,0.7071564082878469,-0.707057150602009,-4.329476381494992e-17,4.3300841595312526e-17
187.702,0.3975869893744933,0.0,0.600575003952061,0.7072689585083967,-0.7069445666602495,-4.328787003675436e-17,4.3307733308679504e-17
187.722,0.3967901256840151,0.0,0.6007524518480625,0.7073940532669349,-0.7068193923503916,-4.328020532085921e-17,4.3315393153461206e-17
187.747,0.3957954663829917,0.0,0.6009652481612171,0.7076003125877269,-0.706612905080109,-4.32675616221284e-17,4.332802289431132e-17
187.761,0.3952391807982913,0.0,0.6010800386260345,0.7077400080954439,-0.7064729867030027,-4.3258994092495143e-17,4.333657677713036e-17
187.794,0.3939301105951037,0.0,0.6013381849360243,0.7081379051530771,-0.70607415140721,-4.323457247407617e-17,4.336094094503139e-17
187.808,0.3933757126242595,0.0,0.6014424273556298,0.7083357759062651,-0.7058756466767142,-4.3222417564935306e-17,4.337305703425822e-17
187.841,0.39207132421100155,0.0,0.6016757097615621,0.7088705409168046,-0.7053386110375051,-4.3189533616106025e-17,4.340580194718088e-17
187.876,0.3906917822684992,0.0,0.6019040565208633,0.7095423150847415,-0.7046628293759969,-4.3148153923671607e-17,4.3446936251406575e-17
187.893,0.3900232473715269,0.0,0.6020078849980399,0.7099073294424586,-0.7042950969614062,-4.312563680744805e-17,4.346928693464763e-17
187.903,0.3896304760711704,0.0,0.6020667978455241,0.7101338397942271,-0.7040667081882988,-4.311165202845068e-17,4.348315669351097e-17
187.941,0.38814134369827025,0.0,0.602276061560783,0.7110740215885976,-0.703117156540657,-4.30535087591552e-17,4.3540726224765597e-17
187.966,0.38716470737830516,0.0,0.602401129999085,0.7117609005318254,-0.7024218251692675,-4.301093199223926e-17,4.358278542972688e-17
187.971,0.3869696819232825,0.0,0.6024249438445513,0.7119047601617347,-0.7022760229845976,-4.3002004183301024e-17,4.359159429149163e-17
188.012,0.38537440892856745,0.0,0.6026051413053287,0.7131655813444066,-0.700995615953263,-4.292360186467454e-17,4.3668797322774445e-17
188.035,0.38448267825326393,0.0,0.60269446954875,0.7139359399729539,-0.7002110207751194,-4.287555926599754e-17,4.3715968184206744e-17
188.058,0.3835933287732994,0.0,0.6027753552783026,0.7147513541057592,-0.6993786540951787,-4.2824591506482227e-17,4.376589789959272e-17
188.076,0.38289902659288677,0.0,0.6028327731021167,0.7154207815276018,-0.6986938566771826,-4.2782659758181565e-17,4.380688850706377e-17
188.105,0.3817836873954791,0.0,0.6029144233958821,0.7165567467010977,-0.697528801381806,-4.2711320696265926e-17,4.3876446312747004e-17
188.123,0.38109348795577436,0.0,0.6029583713823852,0.7172972877989536,-0.6967672501748808,-4.266468913386855e-17,4.392179137700332e-17
188.151,0.3800231117906542,0.0,0.6030164994113247,0.7185028655684439,-0.6955239982703219,-4.258856191059594e-17,4.399561172482979e-17
188.169,0.37933716837229864,0.0,0.6030472950747476,0.7193121457889674,-0.694687006442809,-4.253731094247214e-17,4.404516584641366e-17
188.202,0.37808412466442076,0.0,0.6030904152167037,0.7208649304559268,-0.693075574550692,-4.2438639197035886e-17,4.414024648502151e-17
188.225,0.3772143483004325,0.0,0.6031102763155203,0.7219996503264381,-0.6918934202089951,-4.2366253120503026e-17,4.420972803788903e-17
188.243,0.37653574826488145,0.0,0.6031199892749194,0.7229175154237585,-0.6909343426792013,-4.2307526559153214e-17,4.426593106556316e-17
188.272,0.3754464146812583,0.0,0.6031248872952848,0.7244509328050723,-0.6893263711463973,-4.2209066699614793e-17,4.4359825799952304e-17
188.295,0.37458602685155923,0.0,0.6031193547883688,0.7257146260502328,-0.6879958441275432,-4.2127595416873855e-17,4.44372046943418e-17
188.318,0.37372887510819475,0.0,0.6031055079300693,0.72701997022933,-0.6866163141724381,-4.2043123569681484e-17,4.4517133972877647e-17
188.327,0.373394364973603,0.0,0.6030978297017063,0.7275420127857811,-0.6860631309373899,-4.20092508657743e-17,4.454909986016648e-17
188.359,0.37220916773455226,0.0,0.6030602528945267,0.7294489906513816,-0.6840352111095457,-4.188507658946946e-17,4.46658685771241e-17
188.369,0.37184015094129763,0.0,0.6030452253432222,0.7300610742857151,-0.6833819048034471,-4.1845073115638136e-17,4.470334789030395e-17
188.417,0.3700781212229891,0.0,0.6029513796129666,0.7331047245684098,-0.6801157716267694,-4.164508013861777e-17,4.4889717719125255e-17
188.432,0.3695306966381242,0.0,0.6029146996781278,0.7340913213822305,-0.6790507579491321,-4.157986685904943e-17,4.495012935062998e-17
188.455,0.3686943563849978,0.0,0.6028516759838483,0.7356364403105222,-0.6773765774569294,-4.1477352870000885e-17,4.50447405981217e-17
188.478,0.36786176572999435,0.0,0.6027804610664591,0.7372203004386929,-0.6756524466181436,-4.137178030434937e-17,4.514172405993477e-17
188.501,0.3670329975409904,0.0,0.6027010753555483,0.7388424337440462,-0.6738782220098632,-4.126314037997442e-17,4.524105107794433e-17
188.519,0.36638710967017324,0.0,0.6026332615660694,0.7401383161981921,-0.6724546623344245,-4.117597248997836e-17,4.5320400992921384e-17
188.548,0.36535161830107027,0.0,0.6025135333668215,0.7422742171234841,-0.6700962517382998,-4.1031561490597394e-17,4.545118720449411e-17
188.566,0.36471212292163313,0.0,0.6024327359243833,0.7436294184714325,-0.6685920190847623,-4.093945380538101e-17,4.5534169354142374e-17
188.595,0.3636871199783151,0.0,0.6022921495795346,0.7458595451835217,-0.6661032493980419,-4.0787060613848156e-17,4.5670725231125026e-17
188.605,0.3633352076025622,0.0,0.6022406993343719,0.7466417696458052,-0.6652263282674403,-4.073336468106336e-17,4.5718622665322537e-17
188.642,0.3620401138927595,0.0,0.6020371246713575,0.7495939499504422,-0.6618979605631777,-4.052956093829283e-17,4.589939157335151e-17
188.667,0.36117138226961126,0.0,0.6018878394674263,0.7516394734281281,-0.659574182321205,-4.0387270558994825e-17,4.6024643762327957e-17
188.691,0.3603423016745363,0.0,0.6017356581866381,0.7536409414242325,-0.6572863389795931,-4.024718055773204e-17,4.6147198331079213e-17
188.717,0.35944964347431096,0.0,0.6015610282178061,0.7558501728159391,-0.6547446191104703,-4.009154510262952e-17,4.628247473870068e-17
188.735,0.3588350592806142,0.0,0.601434200385348,0.7574041679207425,-0.6529463426777791,-3.998143242876565e-17,4.637762949525009e-17
188.758,0.3580538775824483,0.0,0.6012651060061782,0.7594185109825146,-0.6506024325016779,-3.983790932403309e-17,4.650097243439928e-17
188.792,0.35690769301096603,0.0,0.6010007362800951,0.7624539595636362,-0.6470424712070554,-3.961992456380569e-17,4.6686840053841626e-17
188.812,0.35623834108291835,0.0,0.6008372310368171,0.7642709729537959,-0.6448952472303221,-3.948844501529775e-17,4.679810003545497e-17
188.841,0.3552743048045548,0.0,0.6005896794878399,0.7669459980263063,-0.6417116456099524,-3.9293505638590444e-17,4.696189808008941e-17
188.858,0.3547128185488984,0.0,0.6004388235944357,0.7685358647967141,-0.6398067087184743,-3.917686189525413e-17,4.705924934266195e-17
188.876,0.3541212723942375,0.0,0.6002744872853704,0.7702364098021287,-0.637758475455346,-3.9051443779774267e-17,4.71633776925463e-17
188.905,0.3531747292034926,0.0,0.5999997952817377,0.7730124933649238,-0.6343907984056386,-3.884523303379996e-17,4.7333363785013426e-17
188.93,0.3523652744273157,0.0,0.5997532020232296,0.7754407322541316,-0.6314203597930432,-3.8663346126851026e-17,4.7482050534175095e-17
188.952,0.3516580281300198,0.0,0.5995287375146529,0.7776036938994157,-0.6287547178622073,-3.8500122633937463e-17,4.761449373695389e-17
188.98,0.35076486176156096,0.0,0.5992330004193572,0.7803908967092748,-0.6252919704692314,-3.8288090508384277e-17,4.77851606869373e-17
188.989,0.3504794470695648,0.0,0.599135559717515,0.781294760220646,-0.6241622366434574,-3.821891426270314e-17,4.784050636474065e-17
189.022,0.3494399832314119,0.0,0.5987684081816336,0.7846411676431778,-0.6199501899665412,-3.796100078866591e-17,4.804541472167297e-17
189.046,0.3486910552091858,0.0,0.5984916923904112,0.7871058353889249,-0.616817966580662,-3.776920742147934e-17,4.819633209496252e-17
189.069,0.3479789768181376,0.0,0.5982188873494995,0.789491360952451,-0.6137616727863079,-3.758206340085386e-17,4.834240340724534e-17
189.11,0.34672352385558225,0.0,0.5977142060415797,0.7937986057120404,-0.6081807079886871,-3.7240327867075837e-17,4.860614608264411e-17
189.132,0.34605731451157207,0.0,0.5974337568191042,0.7961374997126308,-0.6051157588026616,-3.7052653856565065e-17,4.874936203521251e-17
189.168,0.3449785536893907,0.0,0.5969604200754477,0.8000042960442412,-0.5999942718982892,-3.6739053229349335e-17,4.8986135022735577e-17
189.185,0.34447411611102474,0.0,0.5967307141622022,0.8018466056375059,-0.5975299331645321,-3.65881560022338e-17,4.909894395005708e-17
189.204,0.34391415344889237,0.0,0.5964693151057101,0.8039175117743264,-0.5947408126760563,-3.64173716283014e-17,4.922575037864667e-17
189.232,0.34309636717393094,0.0,0.5960751595737301,0.8069912519626776,-0.5905633913947852,-3.6161578348261464e-17,4.941396268280042e-17
189.26,0.34228752277923274,0.0,0.5956704236457122,0.8100897504901922,-0.5863058895753464,-3.590088154948447e-17,4.960369099799459e-17
189.281,0.3416868236622312,0.0,0.5953599738454991,0.812428980848529,-0.583060160770242,-3.5702137979880904e-17,4.974692754653487e-17
189.316,0.3406970977102983,0.0,0.5948295149402666,0.8163550760343568,-0.5775503353240647,-3.5364758475054823e-17,4.9987331541658455e-17
189.345,0.33988800046789913,0.0,0.5943777350326316,0.8196322380976272,-0.5728900368055587,-3.507939749186684e-17,5.018799984321202e-17
189.349,0.33977718772323223,0.0,0.5943145542486145,0.8200858712849756,-0.5722404771761278,-3.503962343581495e-17,5.021577686475568e-17
189.381,0.3388976133493972,0.0,0.5938015930894934,0.823728119755987,-0.5669849951482546,-3.471781797364438e-17,5.043880026134186e-17
189.417,0.3379229539949702,0.0,0.5932086516413334,0.8278515858714915,-0.5609471916054634,-3.434810913451639e-17,5.0691289740329115e-17
189.428,0.3376283124844928,0.0,0.5930241510763522,0.8291165269898173,-0.5590758308783734,-3.423352133829235e-17,5.076874504491249e-17
189.447,0.33712291193106136,0.0,0.5927018273371039,0.831306480758502,-0.5558142990684158,-3.403381011372326e-17,5.0902841038567514e-17
189.482,0.33620369692493296,0.0,0.5920960792896514,0.8353558905389148,-0.5497095015932839,-3.36599990793551e-17,5.115079587486844e-17
189.492,0.3359438925028458,0.0,0.5919201714066944,0.8365161555649357,-0.5479422610812751,-3.3551786807537345e-17,5.1221841617382395e-17
189.535,0.33484121124145294,0.0,0.591149531231117,0.8415195191136373,-0.5402267106972337,-3.3079345603463524e-17,5.1528209275126793e-17
189.56,0.33421101726127617,0.0,0.5906909534024871,0.8444374361878656,-0.5356541947604484,-3.27993597531618e-17,5.1706880165383346e-17
189.583,0.33363839240308496,0.0,0.5902622903391777,0.8471265164335636,-0.5313912543080995,-3.2538329934165563e-17,5.187153884116057e-17
189.615,0.33285320524660783,0.0,0.5896551906141014,0.8508734271428071,-0.5253707367014785,-3.2169679553357626e-17,5.210097095149887e-17
189.642,0.33220121529924834,0.0,0.5891333567371535,0.8540383073099188,-0.5202101206697238,-3.1853682958111784e-17,5.2294763969815783e-17
189.67,0.33153533624801285,0.0,0.588583015094397,0.8573220385346242,-0.5147804602379896,-3.1521212144702764e-17,5.2495834516495565e-17
189.687,0.3311361878598973,0.0,0.58824435757313,0.8593158517657237,-0.511445272638382,-3.1316990803781996e-17,5.261792036607375e-17
189.725,0.33025812586534053,0.0,0.587475129620678,0.8637707494175431,-0.5038849992316263,-3.0854057572368887e-17,5.289070417356523e-17
189.754,0.3296012960941339,0.0,0.5868768367053592,0.8671667452229496,-0.4980179072879168,-3.049480180391053e-17,5.3098648943215676e-17
189.779,0.32904436893850086,0.0,0.5863533409571783,0.870090116827328,-0.4928926745239849,-3.0180971808948814e-17,5.327765382711669e-17
189.789,0.32882402577810843,0.0,0.5861419561813869,0.8712580892220388,-0.4908251643560686,-3.005437332348165e-17,5.3349171509850445e-17
189.825,0.3280423556455171,0.0,0.585371659874011,0.8754547828194811,-0.4833000343870205,-2.9593592006993523e-17,5.360614487890594e-17
189.848,0.3275524943296837,0.0,0.5848719666901545,0.8781282504806824,-0.4784253083896544,-2.929510112752378e-17,5.3769847559601646e-17
189.877,0.32694553033635887,0.0,0.5842336189968527,0.8814888383470523,-0.472204857947866,-2.891420839138424e-17,5.397562421829181e-17
189.903,0.32641156197530224,0.0,0.5836535224421592,0.8844905854073699,-0.46655803961107345,-2.856844049130826e-17,5.415942821475521e-17
189.93,0.32586734424475367,0.0,0.5830434151413224,0.8875950887137087,-0.46062453092654926,-2.8205117870397476e-17,5.434952421660772e-17
189.957,0.32533368143466446,0.0,0.5824255544757532,0.8906851733658194,-0.45462063519631424,-2.783748528597514e-17,5.4538737330522806e-17
189.984,0.32481064628473055,0.0,0.5818000336721022,0.8937593395164172,-0.4485468125259367,-2.7465570911381816e-17,5.472697571734164e-17
190.006,0.32439237697555395,0.0,0.581284751613436,0.8962514075150051,-0.44354640628391095,-2.715938433644515e-17,5.4879570872228053e-17
190.043,0.3237050491001355,0.0,0.5804069546173781,0.9004143025209677,-0.4350334283887611,-2.6638114779919776e-17,5.513447467443998e-17
190.07,0.3232163368271922,0.0,0.57975766580211,0.9034278088300041,-0.4287402409765354,-2.6252768188878948e-17,5.531899871721857e-17
190.08,0.3230380998350845,0.0,0.57951534064355,0.9045383791817994,-0.4263922145011132,-2.6108993033506997e-17,5.538700153854627e-17
190.114,0.32244334430495547,0.0,0.5786840513787547,0.9082905780747403,-0.41833984483987896,-2.561592759694791e-17,5.56167574567465e-17
190.164,0.32160050867435447,0.0,0.5774411654419636,0.9137369572721067,-0.4063062550775121,-2.4879082737711163e-17,5.595025199929637e-17
190.185,0.3212578939909386,0.0,0.5769120418758511,0.9159970971572907,-0.40118489253636774,-2.456548972554688e-17,5.608864565309715e-17
190.212,0.3208273456888049,0.0,0.5762256661236688,0.9188776691713167,-0.3945425567645246,-2.4158763963454398e-17,5.626502981793167e-17
190.233,0.3205002549520006,0.0,0.5756871533551295,0.9210975721918229,-0.3893318154252612,-2.3839698078338713e-17,5.640095967435569e-17
190.273,0.31989616803081317,0.0,0.5746503069144728,0.9252736401138132,-0.37930026484374313,-2.3225442762831667e-17,5.665667008504007e-17
190.291,0.31963247552614527,0.0,0.5741790446119966,0.9271294966331115,-0.37474110592892423,-2.2946274794239815e-17,5.677030852234184e-17
190.303,0.3194595021502985,0.0,0.5738632773750559,0.9283583745252976,-0.3716863307262554,-2.2759223760536658e-17,5.684555559120227e-17
190.333,0.3190369810360327,0.0,0.5730683521269053,0.9314004185461884,-0.36399623670030595,-2.22883413088356e-17,5.703182706485474e-17
190.363,0.31862868205683165,0.0,0.5722656735054266,0.934397874790714,-0.356231121024816,-2.1812865105985717e-17,5.721536832462686e-17
190.387,0.3183123336019902,0.0,0.5716180444785252,0.9367624758238147,-0.3499658038843752,-2.142922507690152e-17,5.736015837894922e-17
190.418,0.3179173211844972,0.0,0.5707744352268737,0.9397712009500536,-0.3418041688816769,-2.092946906780835e-17,5.754438965871737e-17
190.433,0.31773171323288496,0.0,0.5703634118253686,0.9412080550982744,-0.33782746634654154,-2.0685966266267614e-17,5.763237160039037e-17
190.463,0.3173713559081349,0.0,0.5695359294970532,0.9440434806571742,-0.3298210221145515,-2.0195712951204694e-17,5.780599134213674e-17
190.487,0.31709353236748256,0.0,0.5688688064839137,0.9462740827346967,-0.3233656758912552,-1.9800436996717307e-17,5.79425763268572e-17
190.516,0.3167702898702441,0.0,0.5680567231515241,0.9489232479126016,-0.31550700399674037,-1.9319232127658964e-17,5.810479090963389e-17
190.539,0.3165236583499687,0.0,0.5674080897782567,0.950987426804902,-0.30922954913622197,-1.893484887757267e-17,5.823118541330005e-17
190.564,0.31626538292439366,0.0,0.5666985559028944,0.9531931163050028,-0.30236217195402837,-1.8514343303337124e-17,5.836624494261063e-17
190.583,0.3160759441574231,0.0,0.5661562285694539,0.9548423954603434,-0.2971127729188921,-1.819291031704578e-17,5.846723416453504e-17
190.606,0.31585456376309445,0.0,0.5654962263178669,0.956806976850876,-0.2907239395878626,-1.780170710258922e-17,5.858753008011405e-17
190.637,0.31556998607598574,0.0,0.5646007054343531,0.9593983530404612,-0.2820546049672839,-1.727086345789777e-17,5.874620610791216e-17
190.661,0.3153605899536488,0.0,0.5639028014722774,0.9613589773985382,-0.27529786881709967,-1.6857132692947452e-17,5.886625972513462e-17
190.679,0.31520981739818904,0.0,0.5633767922699074,0.962802790782625,-0.2702050814866162,-1.6545289407796713e-17,5.895466779710402e-17
190.713,0.31493974375149714,0.0,0.5623773096569064,0.9654663778192631,-0.26052768240736296,-1.595271961747276e-17,5.911776546403749e-17
190.746,0.314696081547611,0.0,0.5614000113737971,0.9679703179579361,-0.2510646601025563,-1.537327661868069e-17,5.92710875778416e-17
190.767,0.31455052722714716,0.0,0.5607744902413706,0.9695211255578192,-0.24500772864768852,-1.500239653273775e-17,5.936604715600612e-17
190.793,0.3143805875901038,0.0,0.55999624528923,0.9713943917284696,-0.23747196827936673,-1.4540964292027413e-17,5.948075162699803e-17
190.811,0.31426960858492536,0.0,0.5594550532343797,0.9726605032930618,-0.23223166307307844,-1.4220088142155604e-17,5.955827860074508e-17
190.845,0.3140749134012278,0.0,0.5584275610318064,0.9749822073178912,-0.2222829175027461,-1.361090317124366e-17,5.970044197087382e-17
190.866,0.3139644380472826,0.0,0.5577895914582693,0.976369883772937,-0.21610610833852323,-1.323268269264818e-17,5.978541264732003e-17
190.876,0.31391446030752956,0.0,0.5574849189603696,0.9770180890584141,-0.21315640654844198,-1.305206554986507e-17,5.982510377372252e-17
190.91,0.3137572503283726,0.0,0.5564448925744145,0.9791604582672399,-0.20308815072743372,-1.2435562686655346e-17,5.995628605343154e-17
190.929,0.3136779715166009,0.0,0.5558609765445034,0.9803157664471176,-0.19743606067585615,-1.2089471987147491e-17,6.002702827665734e-17
190.949,0.31360117459270465,0.0,0.5552442731781736,0.981499006283338,-0.1914672313081798,-1.1723986598158414e-17,6.009948082055989e-17
190.991,0.31346216363106777,0.0,0.5539425427696619,0.9838725625424538,-0.17887084915140705,-1.0952680643701985e-17,6.0244819224326e-17
191.017,0.3133912573754819,0.0,0.5531323454256164,0.9852653110681853,-0.1710329407035739,-1.0472747169069541e-17,6.033010047552872e-17
191.04,0.3133382091421255,0.0,0.5524129516534624,0.9864478600910535,-0.16407504173938625,-1.0046698734305388e-17,6.040251071931324e-17
191.071,0.31328110742755816,0.0,0.5514394846883941,0.9879673730744624,-0.15466243803957758,-9.470342984674725e-18,6.049555405488296e-17
191.087,0.31325811279649896,0.0,0.5509353731815614,0.988717919633864,-0.14978943686016072,-9.171957719844019e-18,6.054151177696209e-17
191.118,0.3132261290947118,0.0,0.5499555211062607,0.9901061249221916,-0.1403205665309311,-8.5921566328324e-18,6.062651483510757e-17
191.142,0.31321276858418373,0.0,0.5491941782386669,0.9911205798349031,-0.13296614692366465,-8.14182831125113e-18,6.068863228319415e-17
191.167,0.31320944602937023,0.0,0.548398660699719,0.9921208502845187,-0.12528454984842952,-7.671466147724812e-18,6.074988118341431e-17
191.197,0.313219746523645,0.0,0.5474408674080516,0.9932445003124354,-0.11604034901317946,-7.105422099546597e-18,6.081868490391681e-17
191.213,0.3132316196077779,0.0,0.5469286817246756,0.9938093380947389,-0.11109905272186982,-6.8028549652070454e-18,6.085327124302359e-17
191.224,0.3132423585978294,0.0,0.546576021223286,0.9941836914305385,-0.10769766800422292,-6.594580219850296e-18,6.087619377374545e-17
191.275,0.3133196013580963,0.0,0.5449355342274688,0.9957695671803608,-0.09188563041867248,-5.626372158993196e-18,6.097330065678871e-17
191.299,0.31337159270879855,0.0,0.5441606083565026,0.9964300236594267,-0.08442279283507731,-5.169405151027877e-18,6.101374195244192e-17
191.33,0.3134535785107898,0.0,0.5431570677084734,0.9972011849109632,-0.07476494373816531,-4.5780324518688045e-18,6.106096196035795e-17
191.351,0.3135186209345478,0.0,0.5424756719622662,0.9976708576768665,-0.06821187390994084,-4.176772652382595e-18,6.108972112282846e-17
191.369,0.3135804837118469,0.0,0.5418906538791235,0.9980394016475727,-0.0625887590462944,-3.8324561714324695e-18,6.111228793253197e-17
191.4,0.3137002552294242,0.0,0.5408811433645526,0.9986002113781778,-0.05289251209253246,-3.2387322816491273e-18,6.114662762460779e-17
191.427,0.3138182156040944,0.0,0.5399999724576812,0.9990122054753493,-0.04443662128558373,-2.7209583011156633e-18,6.117185498722622e-17
191.451,0.31393373508771255,0.0,0.5392153108550658,0.9993184755584152,-0.036913200993750686,-2.2602816721639838e-18,6.119060862107129e-17
191.47,0.3140323078557787,0.0,0.538593245045764,0.9995208346421472,-0.03095320849710466,-1.895337385465994e-18,6.120299954127983e-17
191.495,0.3141715949376792,0.0,0.5377736349183329,0.9997330022139406,-0.02310680168913794,-1.4148835363567716e-18,6.12159910581638e-17
191.523,0.31434052781971966,0.0,0.5368542930102356,0.9998975429691606,-0.01431445298415653,-8.765074514296287e-19,6.122606627362428e-17
191.547,0.3144962002919695,0.0,0.5360652242156522,0.9999770441643372,-0.006775776291707463,-4.1489663736890336e-19,6.123093431783435e-17
191.557,0.31456402533544475,0.0,0.5357361778568438,0.999993395915136,-0.003634298572475325,-2.225366056963851e-19,6.123193557379816e-17
191.594,0.3148301201629216,0.0,0.5345174630123122,0.9999680846301288,0.007989350483715778,4.892066248574443e-19,6.123038570458984e-17
191.604,0.31490612881745683,0.0,0.5341877719047787,0.9999380533599258,0.01113056345214706,6.815504452189206e-19,6.122854681964343e-17
191.635,0.3151528131922091,0.0,0.5331649957140553,0.999782278551892,0.020866132693602706,1.2776821306902245e-18,6.12190083636411e-17
191.669,0.3154425850523255,0.0,0.5320421343612074,0.999502559802009,0.031537801908687046,1.931133407980844e-18,6.120188053005582e-17
191.693,0.31565922236141153,0.0,0.5312489555307371,0.9992366614174819,0.03906525923688119,2.3920572341154065e-18,6.118559894978034e-17
191.721,0.31592460237406045,0.0,0.5303231108271989,0.9988550180829923,0.04783986674756928,2.929346984202331e-18,6.116223003538041e-17
191.745,0.316162892037111,0.0,0.5295292239778836,0.9984668297749396,0.05535331823099511,3.3894131996886497e-18,6.113846035693425e-17
191.774,0.31646413750383906,0.0,0.5285696944093448,0.9979228104806074,0.0644209928710028,3.944648135868401e-18,6.110514878256033e-17
191.804,0.3167910816709139,0.0,0.527576939730743,0.9972740516057377,0.07378662476273405,4.518127691778454e-18,6.106542375858395e-17
191.837,0.3171686766513198,0.0,0.5264849422367561,0.9964599368328713,0.0840689852860739,5.147740686907817e-18,6.101557360604748e-17
191.868,0.3175404937101254,0.0,0.5254593471463436,0.9955998391858738,0.09370677783950433,5.737885276978055e-18,6.096290781453e-17
191.885,0.3177514180129042,0.0,0.5248970819426138,0.9950891891384868,0.09898235024340866,6.060920919883633e-18,6.093163951722914e-17
191.903,0.3179801655839119,0.0,0.5243019064167482,0.9945185548003214,0.10456024176464139,6.402468269757074e-18,6.089669824144326e-17
191.926,0.3182805505390258,0.0,0.5235417054247613,0.9937448003586778,0.1116748483772934,6.838112280525918e-18,6.084931944642902e-17
191.955,0.3186722231816267,0.0,0.5225837794706698,0.9926982961558036,0.12062376552472696,7.386075417547887e-18,6.078523954531181e-17
191.97,0.31888046073325305,0.0,0.5220886027525475,0.9921261643315238,0.12524246104583828,7.668888951856146e-18,6.075020657494708e-17
191.999,0.31929395297607494,0.0,0.5211319394905912,0.9909608599885343,0.1341513099853461,8.214398618748924e-18,6.067885226326335e-17
192.028,0.31972178480708235,0.0,0.5201762943223854,0.9897181496693075,0.14303140989014396,8.758147914974893e-18,6.060275820252793e-17
192.048,0.3200251777856583,0.0,0.5195178988602677,0.9888164062608131,0.14913790500557017,9.132062899830677e-18,6.054754234358468e-17
192.077,0.32047715783144504,0.0,0.5185643086237843,0.9874446701782237,0.15796525990425594,9.672582495911339e-18,6.046354773344378e-17
192.095,0.3207648625130684,0.0,0.5179731267984938,0.9865553474921528,0.16342749565063308,1.0007047972060789e-17,6.040909242439849e-17
192.119,0.32115698683153726,0.0,0.5171857922248455,0.9853248555619829,0.17068956913577774,1.0451721724498553e-17,6.033374652421552e-17
192.143,0.3215588247652343,0.0,0.5163995712444757,0.9840437207597511,0.1779268266262985,1.0894875935517126e-17,6.025529964247405e-17
192.172,0.32205730446032954,0.0,0.515451158110302,0.9824288839995233,0.18663731642801534,1.1428239608251036e-17,6.015641940899613e-17
192.197,0.3224983495300221,0.0,0.514635074194963,0.980978823194018,0.19411478162386198,1.1886102299142501e-17,6.006762879279457e-17
192.222,0.32294984634800866,0.0,0.5138204898868068,0.9794757885084279,0.2015618508691399,1.2342103774855418e-17,5.997559446195881e-17
192.246,0.3233930881763043,0.0,0.513039986029888,0.9779836701977228,0.20868143383298804,1.2778052499252449e-17,5.988422856630109e-17
192.269,0.3238268484722786,0.0,0.5122934562589285,0.9765090776813655,0.2154762659920784,1.3194115971971125e-17,5.979393581604092e-17
192.294,0.3243082735577065,0.0,0.5114837091132869,0.9748573678097346,0.2228297835278665,1.3644389057604966e-17,5.969279775567028e-17
192.314,0.3247008518920853,0.0,0.5108372452921147,0.9734998177866108,0.2286877888507292,1.4003088431006563e-17,5.960967179114523e-17
192.337,0.3251604664184887,0.0,0.5100953436861,0.9718994241562814,0.23539649386660097,1.4413878137212122e-17,5.951167594430729e-17
192.384,0.3261266776792747,0.0,0.5085846690587731,0.968501109027786,0.249009240414786,1.524741846160407e-17,5.9303589157077e-17
192.401,0.3264850503801534,0.0,0.5080401279606078,0.9672304391946649,0.25390013291704994,1.5546899253997638e-17,5.922578306988174e-17
192.435,0.3272158998072965,0.0,0.5069541960473535,0.9646244867189201,0.2636277671685209,1.614254506146464e-17,5.90662145019742e-17
192.449,0.3275222858347592,0.0,0.5065083107343006,0.9635268068427912,0.26761183175512704,1.6386498658643817e-17,5.899900099463472e-17
192.472,0.328032508229267,0.0,0.505777442708659,0.961692835074786,0.27412933255275784,1.6785580483156762e-17,5.888670261186401e-17
192.505,0.3287794380744451,0.0,0.504732530381824,0.9589961795816214,0.28341899644846397,1.7354408340908323e-17,5.872158008595865e-17
192.524,0.3292174069641661,0.0,0.5041329763436241,0.9574093648232331,0.28873397470469814,1.7679856896360072e-17,5.862441570522365e-17
192.542,0.32963764167735843,0.0,0.5035664123443729,0.9558834767199873,0.2937461130529382,1.7986761855612866e-17,5.85309820061488e-17
192.566,0.33020597359364195,0.0,0.5028132233754701,0.9538153870267406,0.30039342115137785,1.8393792084897885e-17,5.840434803498959e-17
192.594,0.3308805629405773,0.0,0.5019378201518712,0.9513551627607967,0.3080963392972692,1.8865459787470882e-17,5.825370274636594e-17
192.599,0.3310023281143567,0.0,0.5017818829549546,0.9509105566403394,0.30946585154094136,1.894931822675119e-17,5.822647847325098e-17
192.643,0.332090804473331,0.0,0.5004148199196632,0.9469307699491485,0.32143757858021643,1.9682375086696893e-17,5.798278682161816e-17
192.661,0.3325448234208516,0.0,0.4998583204252025,0.9452686605271404,0.3262930575804913,1.9979687427497585e-17,5.788101197244343e-17
192.676,0.33292702702014565,0.0,0.4993958277608504,0.9438688932018517,0.33032031794291955,2.0226286003106623e-17,5.779530094372014e-17
192.707,0.3337279717497147,0.0,0.4984437152829166,0.9409347608047057,0.33858791459440973,2.0732530291901064e-17,5.761563715129816e-17
192.731,0.33435824525848423,0.0,0.49771011165174417,0.938625986412056,0.34493659943820826,2.1121275120538723e-17,5.747426549280257e-17
192.767,0.3353202212528794,0.0,0.4966156400776402,0.9351041776504899,0.35437293483080934,2.1699084017250213e-17,5.725861690144952e-17
192.786,0.3358359005404228,0.0,0.49604094865571535,0.9332180105002846,0.3593106523301121,2.2001432013780963e-17,5.714312247329173e-17
192.819,0.33674455777934675,0.0,0.49504777606509537,0.9298987232331255,0.36781566650892267,2.2522213933320125e-17,5.693987474693288e-17
192.852,0.33766961536642903,0.0,0.49406108619155054,0.926526619382164,0.37622921680307964,2.3037395305180355e-17,5.673339293755926e-17
192.884,0.33858218609267865,0.0,0.4931106702500488,0.9232086622142718,0.38429905804273656,2.353153056736901e-17,5.65302266562909e-17
192.916,0.3395099461667643,0.0,0.49216670775917615,0.9198457733293972,0.3922801974202156,2.402023440697794e-17,5.63243091008534e-17
192.948,0.34045277772728894,0.0,0.49122937288307517,0.9164403201341278,0.4001713878233391,2.450343046041032e-17,5.611578523309176e-17
192.975,0.3412599263778585,0.0,0.4904437792433291,0.9135356223684044,0.40675873274457447,2.490678900404384e-17,5.593792379202758e-17
193.013,0.34241380385059306,0.0,0.4893465289557454,0.909401860945949,0.4159185681212669,2.5467667157782992e-17,5.568480390730514e-17
193.039,0.3432152554731422,0.0,0.4886015688509817,0.906544600825487,0.4221100410013464,2.5846785530012845e-17,5.5509847184262383e-17
193.058,0.3438070294640251,0.0,0.4880602110301631,0.904442636119473,0.4265952624786857,2.612142613629737e-17,5.538113896680534e-17
193.076,0.34437237991295483,0.0,0.48754974653320926,0.9024409450529192,0.430813579976298,2.637972358735928e-17,5.5258570738928496e-17
193.11,0.3454527174854168,0.0,0.4865920156713327,0.8986340535971205,0.43869902862396176,2.6862568059669394e-17,5.502546586712623e-17
193.132,0.34616037626058965,0.0,0.485976899728776,0.8961538553599389,0.44374347040099404,2.717145103345578e-17,5.487359752550546e-17
193.151,0.3467769449242101,0.0,0.48544861589991195,0.894001906867085,0.44806315460882956,2.7435955405378437e-17,5.474182868382029e-17
193.166,0.3472672311231229,0.0,0.48503350656616523,0.8922968411295819,0.45144916359449583,2.7643288658687455e-17,5.463742351893184e-17
193.202,0.348456506009056,0.0,0.48404439510689096,0.888184139188019,0.45948768742463353,2.813550628260985e-17,5.4385593155502736e-17
193.226,0.34925915298755217,0.0,0.4833906847519607,0.8854275957303649,0.4647773367098977,2.845940388590039e-17,5.42168035493964e-17
193.236,0.34959588552274434,0.0,0.48311967005235334,0.88427585768678,0.46696488895023963,2.859335282835551e-17,5.414627993396977e-17
193.268,0.35068244299103923,0.0,0.48225788908102224,0.8805788612845725,0.4738996402813211,2.90179838793801e-17,5.3919904193448644e-17
193.3,0.35178262489952483,0.0,0.48140455912834645,0.8768663705790364,0.4807341969816044,2.943647977870975e-17,5.3692579700478686e-17
193.329,0.35279131207795417,0.0,0.4806386596943535,0.8734906379077358,0.48684094475253076,2.981041023425301e-17,5.348587568994442e-17
193.34,0.3531767909901704,0.0,0.48035001940537075,0.8722077833991273,0.4891355462220886,2.995091405150365e-17,5.340732350655746e-17
193.376,0.3544493110981646,0.0,0.4794126828013144,0.8680017417366879,0.49656115065727413,3.040560118666787e-17,5.314977773360812e-17
193.395,0.35512763098734534,0.0,0.4789225421920889,0.8657780639588774,0.5004281606460793,3.0642387256920923e-17,5.301361673996158e-17
193.425,0.35620800813221803,0.0,0.4781551535342828,0.8622632028307955,0.5064604318641076,3.1011757338858275e-17,5.2798393568463935e-17
193.443,0.3568616824239608,0.0,0.47769859525385927,0.8601527913629818,0.5100364452766788,3.123072500782894e-17,5.266916813601684e-17
193.474,0.3579969387332369,0.0,0.4769192037063169,0.8565170825419535,0.5161186756103875,3.160315420332161e-17,5.244654517750163e-17
193.497,0.35884690919095585,0.0,0.4763466568806286,0.85381983954314,0.5205686137316835,3.1875634327154055e-17,5.228138667725066e-17
193.52,0.35970335963139644,0.0,0.4757790358376433,0.851123806182218,0.5249650145961103,3.21448362394735e-17,5.211630224595827e-17
193.544,0.3606038919119513,0.0,0.47519204537442605,0.8483128321658313,0.5294953623808107,3.2422240035151385e-17,5.194417972937556e-17
193.568,0.3615113479592754,0.0,0.4746105372398822,0.845505204919703,0.5339671791914659,3.269605984232849e-17,5.1772262143367066e-17
193.597,0.3626169975866166,0.0,0.4739152814847034,0.8421185901370408,0.5392923883623824,3.302213486062614e-17,5.1564891795690446e-17
193.614,0.36326974195543726,0.0,0.47351152182733774,0.8401370293698537,0.542374199129713,3.321084134521561e-17,5.144355619314786e-17
193.648,0.36458532532724175,0.0,0.472712535649627,0.8361838091345591,0.5484493024348005,3.3582834136068857e-17,5.1201491267773956e-17
193.671,0.3654828288118029,0.0,0.4721785643431797,0.8335182436367901,0.5524919343525665,3.383037394798001e-17,5.1038272455035935e-17
193.689,0.366189425773396,0.0,0.4717643819915336,0.8314377032534355,0.5556179853178371,3.4021789363409514e-17,5.0910876098987334e-17
193.718,0.3673355122326314,0.0,0.4711040021596533,0.8280971317689174,0.5605846415627993,3.4325909347052425e-17,5.070632509019543e-17
193.741,0.3682511440062259,0.0,0.47058637614961374,0.8254587296627517,0.5644624749472336,3.4563358159146134e-17,5.054476955548646e-17
193.759,0.3689717939889523,0.0,0.4701850907095644,0.823401307014932,0.5674595030538319,3.4746873203031144e-17,5.041878875247918e-17
193.782,0.3698977701913547,0.0,0.4696772494915643,0.8207825656992996,0.571240737206368,3.497840701811765e-17,5.025843709397997e-17
193.815,0.37123630750767467,0.0,0.46895832419574324,0.8170468123292701,0.5765713368374971,3.530481210690756e-17,5.0029688173629445e-17
193.851,0.37270971725523544,0.0,0.4681872502211287,0.8130030997333187,0.5822593578672783,3.565310294428778e-17,4.9782082189264256e-17
193.878,0.3738236576591831,0.0,0.46761809347018374,0.8099938724798013,0.5864383399345369,3.59089917949059e-17,4.95978201630679e-17
193.911,0.3751953074110761,0.0,0.4669332258334715,0.8063455118633791,0.5914447696089511,3.621554719870229e-17,4.937442250551607e-17
193.933,0.3761158626599597,0.0,0.4664832892908627,0.8039324662791563,0.594720597980525,3.641613383519249e-17,4.922666607797031e-17
193.956,0.3770834233100125,0.0,0.46601863145906897,0.8014270535926662,0.5980925327821588,3.662260529328021e-17,4.907325379661765e-17
193.991,0.37856577129333036,0.0,0.4653228799617535,0.7976502180169511,0.6031203277104084,3.6930468941562716e-17,4.884198931668238e-17
194.023,0.3799314128050328,0.0,0.46469885115303877,0.7942369614364154,0.6076081377732279,3.7205268052993374e-17,4.86329876293813e-17
194.033,0.38036017310247516,0.0,0.4645062286927891,0.7931784720368114,0.6089892540081059,3.7289837031808066e-17,4.856817384662347e-17
194.067,0.38182496415400746,0.0,0.46385987792461136,0.7896098520686075,0.6136092254164631,3.757272869167791e-17,4.834965889555176e-17
194.086,0.3826481790668904,0.0,0.4635044833820058,0.7876366444362559,0.6161400135855445,3.7727694773207187e-17,4.822883477500114e-17
194.122,0.38421693814279323,0.0,0.4628426090548094,0.783941085841805,0.620835222848359,3.801519342295883e-17,4.8002547074813347e-17
194.136,0.38483014025999984,0.0,0.4625893071941418,0.7825196707963198,0.6226258626308574,3.8124838486861956e-17,4.791551050552768e-17
194.166,0.38614994249872103,0.0,0.4620542937676664,0.7795045344732547,0.6263965842304973,3.8355728593735697e-17,4.773088665317595e-17
194.176,0.38659161228700756,0.0,0.46187832383341904,0.7785090220272778,0.6276334142014202,3.843146258698471e-17,4.76699290966521e-17
194.214,0.3882777321492794,0.0,0.46122050970097417,0.7747709346942703,0.6322420412729344,3.871365960656439e-17,4.7441037262287057e-17
194.237,0.3893041598834759,0.0,0.4608307723579069,0.772543871731054,0.6349613895748251,3.888017166624825e-17,4.7304668985816936e-17
194.256,0.3901553601835377,0.0,0.46051363292269826,0.77072490018478,0.637168053369879,3.9015290853918616e-17,4.719328910172271e-17
194.291,0.39173098752480495,0.0,0.45994091038275214,0.767424723260982,0.6411390598987127,3.925844487566508e-17,4.6991211546405245e-17
194.31,0.3925903929594494,0.0,0.4596362730817415,0.7656613308970882,0.6432439089248335,3.938732970679145e-17,4.688323490570108e-17
194.325,0.39327085591531297,0.0,0.4593989030049195,0.7642834799677096,0.6448804247676058,3.94875374012217e-17,4.679886586918279e-17
194.373,0.39545985504856634,0.0,0.4586580114906929,0.7599613405939756,0.6499682767663415,3.9799078484461056e-17,4.653421116170718e-17
194.393,0.39637700261091396,0.0,0.45835776501864145,0.7582005457455514,0.6520214202241734,3.9924797262652266e-17,4.6426393572953296e-17
194.411,0.39720492223237186,0.0,0.4580918235428531,0.7566364958724058,0.6538357692218489,4.0035894097279243e-17,4.6330623139410564e-17
194.422,0.397712016784917,0.0,0.45793130684658023,0.7556904556073136,0.6549289543942997,4.0102832383395095e-17,4.627269488028508e-17
194.454,0.39919204730789914,0.0,0.45747302563857944,0.752981159831269,0.6580420753562471,4.029345606446547e-17,4.6106798360281255e-17
194.488,0.40077230376936207,0.0,0.45700032440565036,0.7501737536508845,0.6612407574653443,4.0489318854785256e-17,4.5934894310645536e-17
194.501,0.40137857225343415,0.0,0.4568234781847784,0.7491201056624703,0.6624341984621939,4.056239603962341e-17,4.587037697882357e-17
194.531,0.4027818833442446,0.0,0.4564236297204385,0.7467311179462752,0.6651260312833245,4.072722326203528e-17,4.572409367083153e-17
194.541,0.40325094304453757,0.0,0.4562929159472505,0.7459481290130037,0.6660040456498738,4.0780986136215284e-17,4.567614942628659e-17
194.564,0.4043321764626192,0.0,0.45599716756151104,0.744172921359239,0.667987023164115,4.090240848949511e-17,4.556744930773635e-17
194.597,0.4058892163180659,0.0,0.4555847931514661,0.7416892588899122,0.6707436494275087,4.107120316599065e-17,4.541536884307518e-17
194.626,0.40726291239488444,0.0,0.4552340965511538,0.7395693846337414,0.6730803260476932,4.121428334316822e-17,4.5285563981954457e-17
194.645,0.40816557456167163,0.0,0.4550102873937394,0.7382128315825253,0.6745678730023468,4.130536932399811e-17,4.5202499064352184e-17
194.669,0.40930870357881555,0.0,0.45473434848228744,0.7365363710920427,0.6763979406078678,4.141742864576434e-17,4.509984546567386e-17
194.693,0.4104550139633742,0.0,0.45446599007316674,0.7349018043146264,0.678173530901278,4.152615219423543e-17,4.4999757117076087e-17
194.722,0.41184425619464726,0.0,0.4541518766485447,0.7329833460628664,0.6802465835228312,4.165309005710789e-17,4.4882285429210304e-17
194.742,0.412804902175766,0.0,0.45394174324009534,0.7316968271790997,0.6816302172703604,4.173781318911309e-17,4.4803508867557925e-17
194.779,0.41458738389827204,0.0,0.4535670334442445,0.7293965144124803,0.6840911669967128,4.188850289937509e-17,4.466265533422401e-17
194.808,0.4159890830742379,0.0,0.4532861302467704,0.7276668828463332,0.6859306871752429,4.200114102430528e-17,4.45567459461647e-17
194.821,0.41661870157722586,0.0,0.45316386863801855,0.726912684418226,0.6867298953969374,4.2050078413832803e-17,4.451056461161953e-17
194.855,0.4182689820242149,0.0,0.452854854576524,0.7250027236348152,0.6887459986977055,4.2173529136534604e-17,4.439361324362448e-17
194.874,0.4191933844113481,0.0,0.4526889604613956,0.723975156495954,0.689826045301755,4.2239662917363566e-17,4.433069290324871e-17
194.899,0.42041199787556194,0.0,0.45247811825860607,0.722666957397506,0.6911964038432429,4.2323573177439437e-17,4.425058881132062e-17
194.933,0.42207332419860805,0.0,0.4522049786122401,0.720968541291386,0.6929677932401845,4.2432039495189846e-17,4.414659081892161e-17
194.942,0.42251383199981457,0.0,0.4521353080677286,0.7205346568352305,0.6934189269837798,4.245966346994391e-17,4.4120023058400084e-17
194.957,0.4232486815531234,0.0,0.45202164286847635,0.7198262098120535,0.6941543255412398,4.2504693644418455e-17,4.407664318943512e-17
194.989,0.4248190658988538,0.0,0.45178942124737215,0.7183766020162147,0.6956544096572932,4.2596547304977287e-17,4.398788031207547e-17
195.019,0.4262944878868697,0.0,0.45158443764455775,0.7170945420302755,0.6969759090459222,4.267746580479527e-17,4.3909376779170696e-17
195.054,0.42801946570544286,0.0,0.45136089774210125,0.7156937761550566,0.6984142171898534,4.2765536778027916e-17,4.382360460689862e-17
195.076,0.4291056289450224,0.0,0.45122901068148497,0.7148660409563001,0.699261427141141,4.2817413425780426e-17,4.377292044381368e-17
195.1,0.4302920996187453,0.0,0.45109274200972715,0.7140098003909895,0.7001357046641882,4.2870947484288735e-17,4.372049083043329e-17
195.13,0.43177734711691984,0.0,0.4509335908074564,0.7130084855479183,0.7011554032713889,4.29333860160589e-17,4.3659177979558e-17
195.144,0.432471236687575,0.0,0.45086357977580915,0.7125675640050262,0.701603496804244,4.296082383159539e-17,4.3632179321749105e-17
195.167,0.4336122035215616,0.0,0.4507544546258722,0.7118797700533825,0.7023013548247954,4.300355531115176e-17,4.359006408868144e-17
195.183,0.4344066196405959,0.0,0.45068286715738454,0.7114282140851057,0.7027587752591049,4.303156423468885e-17,4.356241426012213e-17
195.213,0.43589759099742326,0.0,0.45055821957273556,0.7106412985011252,0.7035545073870499,4.308028877486218e-17,4.351422957756609e-17
195.236,0.43704184735139473,0.0,0.45047112806213596,0.7100909747274842,0.7041099400026756,4.3114299213605575e-17,4.3480531965171876e-17
195.252,0.4378384064291697,0.0,0.4504148841284479,0.709735353867369,0.7044684006190487,4.313624859592866e-17,4.345875646776937e-17
195.294,0.4399313167253645,0.0,0.4502842123092512,0.7089084713549257,0.7053004886154712,4.3187199291000055e-17,4.340812451666265e-17
195.317,0.44107848980788805,0.0,0.45022307872851136,0.7085213023317376,0.7056894247061795,4.321101475792799e-17,4.3384417251413826e-17
195.328,0.44162736974812256,0.0,0.4501964511928772,0.708352602077196,0.7058587614604396,4.322138364363212e-17,4.337408734007684e-17
195.369,0.4436743363617594,0.0,0.4501120941369616,0.7078178981680389,0.706394948334839,4.3254215620606026e-17,4.33413461685348e-17
195.398,0.4451230915097324,0.0,0.45006661524322156,0.7075294658267496,0.7066838437285194,4.327190536156399e-17,4.332368478135827e-17
195.406,0.4455228533008358,0.0,0.45005613932386174,0.7074630103981653,0.7067503724218088,4.32759790691284e-17,4.331961555996319e-17
195.435,0.4469722909323522,0.0,0.4500256705401772,0.7072696935603089,0.7069438312702833,4.328782500710595e-17,4.330777831762808e-17
195.459,0.44817209460945645,0.0,0.45000935584901125,0.7071661601521259,0.7070473972342293,4.32941665934183e-17,4.330143872478127e-17
195.494,0.4499220392349161,0.0,0.4500000170180678,0.707106889199801,0.7071066731732776,4.32977961978694e-17,4.329780942567892e-17
195.516,0.4510220295512093,0.0,0.45000292476168935,0.7071253443451103,0.7070882175406468,4.329666611629802e-17,4.329893947741047e-17
195.549,0.4526718662622657,0.0,0.45001999057941905,0.7072336500404286,0.7069798895658154,4.3290032940916254e-17,4.3305571288565515e-17
195.57,0.453721571740879,0.0,0.4500387868398888,0.7073529194035851,0.7068605572609248,4.3282725944655295e-17,4.3312874430756814e-17
195.594,0.45492095816842937,0.0,0.4500678244132647,0.7075371359780281,0.7066761643157418,4.3271435133150106e-17,4.332415444266889e-17
195.618,0.45611995912117764,0.0,0.4501049189976384,0.7077724000944353,0.706440535122782,4.3257007006302917e-17,4.33385602150245e-17
195.655,0.45796744649438215,0.0,0.45017788277713083,0.7082349379668491,0.7059768216047134,4.3228612742521713e-17,4.33668824912713e-17
195.676,0.45901538261235586,0.0,0.45022780261509365,0.7085512267460295,0.7056593789334176,4.320917498495595e-17,4.3386249593322776e-17
195.707,0.4605613295758588,0.0,0.4503127439523448,0.7090890971901478,0.7051188922770835,4.317607972227288e-17,4.3419184659210046e-17
195.731,0.46175725432161985,0.0,0.45038770912036163,0.7095634689929078,0.7046415283466841,4.314684961180328e-17,4.344823155470284e-17
195.755,0.46295225820211866,0.0,0.45047069865807327,0.7100882603330406,0.7041126774438846,4.31144668335363e-17,4.3480365756448535e-17
195.77,0.46369862642377957,0.0,0.45052663826545425,0.710441786851948,0.7037559715516531,4.3092624897078387e-17,4.3502013012438213e-17
195.793,0.4648422358591416,0.0,0.45061848873067034,0.7110218912974795,0.7031698728584405,4.305673670264702e-17,4.353753416505778e-17
195.793,0.4648422358591416,0.0,0.45061848873067034,0.7110218912974795,0.7031698728584405,4.305673670264702e-17,4.353753416505778e-17
195.841,0.4672253644600213,0.0,0.45083383489448126,0.7123801527134452,0.7017937859656271,4.29724756822154e-17,4.3620703689831166e-17
195.88,0.4691577178755006,0.0,0.4510323077007867,0.7136297361172736,0.7005230900756879,4.289466799950021e-17,4.3697218605619474e-17
195.903,0.4702954795998194,0.0,0.4511592108042843,0.7144275829283551,0.6997093887830492,4.284484316532561e-17,4.374607263278951e-17
195.908,0.47054262880378667,0.0,0.45118776447482495,0.7146069793525109,0.6995261718196683,4.283362436193791e-17,4.375705749562056e-17
195.956,0.47291158689022833,0.0,0.4514794009244197,0.7164366949913199,0.6976521067623278,4.2718870973244613e-17,4.386909526564142e-17
195.975,0.473847358544216,0.0,0.45160359126715266,0.7172144358437016,0.6968525331929281,4.26699112126222e-17,4.3916718157913193e-17
196.01,0.47556805193055857,0.0,0.4518453183100942,0.7187258039662259,0.6952936205036706,4.2574455340869737e-17,4.4009262764592326e-17
196.029,0.47650037838188386,0.0,0.4519835591906735,0.719588683280379,0.6944005521993847,4.251977067885655e-17,4.406209888409873e-17
196.048,0.47743140482574764,0.0,0.45212672715915614,0.7204811991978822,0.6934744707647006,4.246306454561977e-17,4.411674972217665e-17
196.077,0.4788498354989077,0.0,0.4523547251506733,0.7219001981685595,0.6919971848816976,4.237260687421751e-17,4.420363834954832e-17
196.102,0.4800699806734176,0.0,0.4525604446652366,0.7231780579731683,0.6906616367412894,4.2290828136454603e-17,4.428188469552198e-17
196.115,0.48070345364354905,0.0,0.4526707661844893,0.7238623654630093,0.6899444005615937,4.224691008686975e-17,4.43237864443753e-17
196.153,0.4825510487964471,0.0,0.45300633934330764,0.7259396925864954,0.6877583607106674,4.211305375155748e-17,4.445098604500326e-17
196.17,0.4833755590167151,0.0,0.45316276526172683,0.7269058741704016,0.6867371040628024,4.205051981731169e-17,4.4510147604209554e-17
196.195,0.48458568493399734,0.0,0.45339985672761113,0.7283676764007979,0.685186491383552,4.1955572174593623e-17,4.459965717533162e-17
196.219,0.48574464521512767,0.0,0.45363534247874415,0.729816448464897,0.6836431463490907,4.1861069546771975e-17,4.468836887888127e-17
196.242,0.486852693070768,0.0,0.45386823531228276,0.7312461931349858,0.6821136305818781,4.176741371734386e-17,4.477591549057238e-17
196.258,0.4876219524637,0.0,0.45403440309560184,0.7322644351072206,0.6810204087082142,4.170047318392684e-17,4.4838264829175126e-17
196.291,0.489204390305913,0.0,0.4543878563122278,0.7344251230453268,0.6786897219200072,4.15577597781772e-17,4.4970568807543024e-17
196.315,0.49035162713430597,0.0,0.45465396102659134,0.7360471623982614,0.6769302583911192,4.145002370923374e-17,4.5069890072626146e-17
196.339,0.4914957090452552,0.0,0.45492765445795197,0.7377112528382662,0.675116365847989,4.133895482438666e-17,4.5171786224168326e-17
196.35,0.49201900113796315,0.0,0.4550556258095737,0.7384878683138932,0.6742667634943916,4.1286931684242604e-17,4.521934020698807e-17
196.394,0.49410518388473196,0.0,0.45558333868403167,0.7416804815660627,0.6707533550150407,4.10717974618259e-17,4.541483138699731e-17
196.42,0.495332517308198,0.0,0.4559070198168234,0.743630812648817,0.6685904684328516,4.0939358855336064e-17,4.553425472288594e-17
196.438,0.49617978093898835,0.0,0.45613623831586864,0.7450083122484682,0.6670551811362302,4.084534962165711e-17,4.5618602246662924e-17
196.467,0.4975405317014489,0.0,0.45651432848563467,0.7472738316687988,0.6645162304285966,4.068988372879229e-17,4.5757325301988623e-17
196.492,0.4987092459769085,0.0,0.4568489405576484,0.7492719222765406,0.662262475524635,4.055188104233233e-17,4.5879673065347494e-17
196.516,0.49982732882202363,0.0,0.4571776863755439,0.7512286463236402,0.6600420599800828,4.041591980286169e-17,4.599948785740225e-17
196.534,0.5006633418166012,0.0,0.45742905838862175,0.7527205852664842,0.6583401252514399,4.0311706356972173e-17,4.6090842769946115e-17
196.567,0.5021902258650532,0.0,0.457900568679736,0.7555091208947405,0.6551381291337395,4.011564064215097e-17,4.626159133151874e-17
196.585,0.5030198387931667,0.0,0.4581635447422539,0.7570587110325994,0.653346851258701,4.00059565063485e-17,4.635647636163469e-17
196.619,0.5045805037406285,0.0,0.45867136077357734,0.760039503874514,0.6498768749156894,3.979348173526919e-17,4.6538997282273295e-17
196.632,0.5051749822619552,0.0,0.45886933850035305,0.76119747456617,0.6485201652331907,3.971040722676698e-17,4.6609902537325447e-17
196.656,0.5062691517584119,0.0,0.45924034878529774,0.7633612605139326,0.6459718151332765,3.9554365787118644e-17,4.674239621407382e-17
196.681,0.5074042413489888,0.0,0.4596343881106215,0.765650402512281,0.6432569168946277,3.9388126215220043e-17,4.688256573512738e-17
196.696,0.5080829685683356,0.0,0.4598745017041872,0.7670407889750376,0.6415983385643638,3.9286567583055394e-17,4.696770235168701e-17
196.734,0.5097944425354363,0.0,0.46049510090035006,0.7706184217248808,0.6372968288782346,3.902317607962442e-17,4.718676917646802e-17
196.752,0.5106010805584418,0.0,0.46079519612218584,0.7723401235200422,0.6352092045940817,3.889534595975392e-17,4.729219300609456e-17
196.781,0.5118950578983816,0.0,0.461286910802905,0.7751494539384993,0.6317779072259857,3.868523959281584e-17,4.746421488133009e-17
196.8,0.5127390250522754,0.0,0.4616145438605735,0.7770132189832578,0.6294842790136032,3.8544795370379427e-17,4.7578337576151404e-17
196.829,0.514021262259709,0.0,0.46212291742150724,0.779892247522012,0.6259137977829413,3.832616644985214e-17,4.7754627230383365e-17
196.848,0.514857407750847,0.0,0.46246139727933006,0.7818004071688684,0.6235287670593808,3.818012543777831e-17,4.787146831057261e-17
196.863,0.5155152872538,0.0,0.46273162523547967,0.7833187784619184,0.621620214688139,3.8063260310156e-17,4.7964441737770153e-17
196.897,0.516999068046318,0.0,0.4633539041941575,0.7867982559448647,0.617210259508151,3.7793228435378215e-17,4.817749828587993e-17
196.925,0.518213151217379,0.0,0.4638764689559947,0.7897017776163539,0.6134909147082546,3.756548425017229e-17,4.8355287711942134e-17
196.955,0.5195059281768043,0.0,0.4644463942258819,0.7928492031937621,0.6094178705904648,3.7316082228090436e-17,4.8548011944888505e-17
196.968,0.5200635148831605,0.0,0.4646965632388663,0.7942244025464029,0.6076245538157665,3.7206273245690854e-17,4.8632218619158565e-17
196.997,0.5213015772546311,0.0,0.4652615580044992,0.7973158818645839,0.6035622457762753,3.695752861880518e-17,4.8821517131740595e-17
197.021,0.5223200597616088,0.0,0.46573632373281193,0.7998982282977447,0.600135671632781,3.6747711465961617e-17,4.897964024642359e-17
197.044,0.5232908264330162,0.0,0.46619736450701676,0.8023923836887514,0.5967968352783747,3.6543266703246586e-17,4.9132363217232214e-17
197.064,0.5241307176708306,0.0,0.4666030539267434,0.8045760238269909,0.5938496626948183,3.636280442969723e-17,4.926607261252145e-17
197.079,0.5247580110491888,0.0,0.46691022338187343,0.8062224586343888,0.5916124974960564,3.6225817569705845e-17,4.936688766836568e-17
197.123,0.5265849019846247,0.0,0.46782548029905685,0.8110927563253367,0.5849175502894131,3.5815870286352034e-17,4.966510739227139e-17
197.149,0.5276550536782842,0.0,0.4683761921209897,0.8139974884887701,0.580868391921935,3.5567930844653396e-17,4.984297093958784e-17
197.165,0.5283100945174491,0.0,0.46871870280001,0.8157942640815574,0.5783422158995746,3.541324717566007e-17,4.9952991713512494e-17
197.194,0.529490448262244,0.0,0.4693464570666955,0.8190678129699345,0.5736967123460343,3.5128792122796537e-17,5.015343877191266e-17
197.215,0.5303395670880858,0.0,0.4698065880313904,0.8214511018887382,0.5702789556048671,3.49195148801298e-17,5.0299373129205474e-17
197.25,0.5317441261183238,0.0,0.4705837249223602,0.8254451710205024,0.5644823023257093,3.456457223592542e-17,5.0543939328094895e-17
197.27,0.5325406866559919,0.0,0.4710335016058743,0.8277388119007313,0.5611135885657786,3.4358298009758284e-17,5.0684384326213185e-17
197.295,0.533530126568918,0.0,0.47160149030762166,0.8306163650793218,0.5568450898251819,3.409692784376647e-17,5.086058364069004e-17
197.321,0.5345516830484598,0.0,0.4721989332578211,0.8336202700607221,0.5523379810803242,3.382094702887652e-17,5.104451977171078e-17
197.34,0.535293342704934,0.0,0.47263982780284935,0.8358219631056623,0.5490005883331975,3.3616590661613206e-17,5.117933458872032e-17
197.364,0.5362242461308193,0.0,0.4732018901966143,0.8386100686121143,0.5447321844928799,3.335522630658754e-17,5.13500568129284e-17
197.394,0.5373784667837664,0.0,0.4739124589195093,0.8421047753943843,0.5393139598211542,3.3023455731523036e-17,5.156404588667168e-17
197.413,0.5381040090257422,0.0,0.4743670300804282,0.8443227579685341,0.5358349376220333,3.2810427061507235e-17,5.1699858149671534e-17
197.447,0.5393916470841172,0.0,0.4751891623459788,0.8482989685386987,0.5295175728681533,3.242360003526296e-17,5.194333082704593e-17
197.469,0.5402174325715832,0.0,0.475727004339378,0.8508755791005926,0.5253672514443882,3.216946614291064e-17,5.2101102720909567e-17
197.497,0.541259936158873,0.0,0.4764181199664908,0.8541577178382794,0.5200140315965545,3.184167596532155e-17,5.230207575588285e-17
197.542,0.5429152010663797,0.0,0.477544073112056,0.8594352811476843,0.5112445574464347,3.130470054291407e-17,5.2625233306590856e-17
197.553,0.543315994564861,0.0,0.477822123779823,0.8607252072047413,0.5090698554052824,3.1171538448224247e-17,5.270421849743644e-17
197.582,0.5443653477918943,0.0,0.4785603982447548,0.8641244039402067,0.5032782674773295,3.081690596732685e-17,5.291235926752443e-17
197.603,0.5451185808035163,0.0,0.47909969778165173,0.8665837071132186,0.4990317410404987,3.055688121690888e-17,5.306294815547253e-17
197.634,0.546220195886999,0.0,0.4799029022030869,0.8702090981586822,0.4926825808589674,3.0168107282229574e-17,5.328493933244675e-17
197.66,0.5471345730465638,0.0,0.48058299145058986,0.8732436752171355,0.4872837814798169,2.98375261632838e-17,5.3470753586516795e-17
197.692,0.5482478652842353,0.0,0.4814279529629076,0.8769688316188423,0.48054725924625,2.942503314374767e-17,5.369885362970047e-17
197.718,0.5491424934559231,0.0,0.48212082627858355,0.8799860207340368,0.47499958243421164,2.908533591121933e-17,5.3883603179317725e-17
197.744,0.5500281425156044,0.0,0.48281929522902817,0.8829932455994625,0.4693856923956326,2.874158428789378e-17,5.4067742594605724e-17
197.761,0.5506023291578201,0.0,0.4832789714507692,0.884953478156736,0.465679440708193,2.851464182460091e-17,5.4187772220948195e-17
197.786,0.5514396435914716,0.0,0.4839591957846203,0.8878266030590025,0.46017814257167017,2.817778446689851e-17,5.4363700381703756e-17
197.812,0.5523014482265344,0.0,0.4846718974306288,0.8908014207749494,0.4543928132632948,2.782353521592275e-17,5.454585543139782e-17
197.837,0.5531213821087397,0.0,0.485362173738708,0.8936478686548619,0.44876885681676126,2.7479167202883177e-17,5.4720150095651544e-17
197.868,0.5541261222249421,0.0,0.4862247878594172,0.8971566610336126,0.44171249197076096,2.704708947176967e-17,5.493500166342703e-17
197.903,0.5552444238556176,0.0,0.4872074092270716,0.9010878631654653,0.4336365561802829,2.6552581025973242e-17,5.517571836880576e-17
197.925,0.5559385513641155,0.0,0.4878296882851892,0.9035410457801416,0.42850155027785847,2.62381525988729e-17,5.532593248064513e-17
197.942,0.5564702347036352,0.0,0.48831294739416714,0.9054266292441403,0.4245027903978891,2.5993299174494733e-17,5.544139116833069e-17
197.967,0.5572446535111109,0.0,0.48902737746998387,0.9081827778699996,0.4185738190335499,2.5630254384316016e-17,5.561015659796233e-17
197.991,0.5579796805134527,0.0,0.4897173693400491,0.9108089339636017,0.4128281553044649,2.527843394957597e-17,5.577096228066689e-17
198.016,0.5587365098670045,0.0,0.49044034419078025,0.9135228205428594,0.4067874830269716,2.490854945110945e-17,5.593713990629374e-17
198.041,0.5594842769258813,0.0,0.49116755852217364,0.9162134316505554,0.40069058843840233,2.4535222328977943e-17,5.610189232033325e-17
198.07,0.560340256476359,0.0,0.4920163303730671,0.919303865610323,0.39354847563409157,2.4097894049730517e-17,5.629112682317353e-17
198.095,0.5610682508790155,0.0,0.49275242209744363,0.9219402913872854,0.38733202697004965,2.371724635180638e-17,5.645256134262085e-17
198.11,0.5615006140689592,0.0,0.49319599249569435,0.9235093169841884,0.3835759917453098,2.3487255526033263e-17,5.654863645137223e-17
198.149,0.5626090981380225,0.0,0.4943558505698163,0.9275417565437274,0.37371953369843636,2.2883721536131576e-17,5.679555216133947e-17
198.169,0.5631687259764181,0.0,0.4949542555498686,0.9295822867680765,0.36861466618548083,2.257113855314096e-17,5.69204986017301e-17
198.2,0.5640242426464491,0.0,0.4958864867301164,0.9327067380978137,0.36063574518749014,2.2082570550099015e-17,5.711181606773281e-17
198.224,0.5646765814256094,0.0,0.49661205153331234,0.9350924785780967,0.35440380430614987,2.170097422745857e-17,5.725790053987156e-17
198.235,0.5649726402102422,0.0,0.4969456982325331,0.9361759691774599,0.3515317264979701,2.1525110182724096e-17,5.732424520459237e-17
198.282,0.5662167522414867,0.0,0.49837883671675015,0.9407322588523506,0.3391501395467118,2.0766956641312938e-17,5.760323748290952e-17
198.296,0.5665807688662792,0.0,0.4988080400654576,0.9420658348913727,0.33542802913653597,2.0539043111318193e-17,5.768489546428993e-17
198.32,0.5671977404498498,0.0,0.49954621371070984,0.9443258799413743,0.32901159929848844,2.0146150098162272e-17,5.782328331111059e-17
198.344,0.5678057612254401,0.0,0.5002873482536999,0.9465521894312515,0.3225506978490423,1.9750533984178734e-17,5.795960545064507e-17
198.366,0.5683552146439133,0.0,0.500969256709015,0.948562566899875,0.3165897292653701,1.9385529929388133e-17,5.808270556724645e-17
198.409,0.5694072071561869,0.0,0.5023088467052957,0.9524053010954653,0.30483461490660174,1.8665736770734295e-17,5.831800517387663e-17
198.425,0.5697911992392372,0.0,0.502809513109806,0.9538050878876482,0.30042612123388285,1.8395794387466464e-17,5.840371739460341e-17
198.44,0.5701475071650243,0.0,0.5032799461294429,0.9551022200530476,0.2962764743440489,1.814170179840512e-17,5.848314383232479e-17
198.468,0.5708030417325137,0.0,0.5041607605620475,0.9574835352382071,0.28848791958719006,1.7664790365756567e-17,5.862895733328811e-17
198.492,0.5713549668327982,0.0,0.5049184353359347,0.9594823619775006,0.28176869424064216,1.7253356475086585e-17,5.875135017170441e-17
198.517,0.5719200684588708,0.0,0.5057102312724916,0.9615220196617849,0.2747278757343749,1.6822230682732703e-17,5.887624318442516e-17
198.532,0.5722543026147805,0.0,0.506186521722908,0.9627246476864061,0.27048336868851136,1.6562329584348943e-17,5.894988291247102e-17
198.565,0.572976825351548,0.0,0.5072374516299315,0.9653134478194573,0.26109375224028597,1.5987381397921914e-17,5.910840120229969e-17
198.596,0.5736394704480106,0.0,0.5082284091036415,0.967672519053834,0.2522100233297784,1.544340988918462e-17,5.92528526541067e-17
198.62,0.574141734670296,0.0,0.508997964753078,0.9694493815140296,0.24529145252549167,1.5019769609677417e-17,5.936165410032688e-17
198.638,0.5745122533482222,0.0,0.5095764311093414,0.9707531788826143,0.24007970695021075,1.4700642232840507e-17,5.944148866403557e-17
198.668,0.5751179739717955,0.0,0.5105429161367708,0.9728703240398343,0.23135110244523957,1.41661693544387e-17,5.957112641604157e-17
198.692,0.5755918858956338,0.0,0.5113181499516156,0.9745129852134605,0.2243310982684962,1.3736318072186212e-17,5.967171040345982e-17
198.712,0.5759795472336884,0.0,0.5119655034306633,0.9758466649819384,0.218456600824119,1.3376608847593419e-17,5.975337473643752e-17
198.742,0.5765486157513997,0.0,0.5129386835770041,0.9777862868913852,0.20960433480049395,1.2834563885041755e-17,5.987214232458553e-17
198.766,0.5769931035115985,0.0,0.513718990709274,0.979284621727529,0.20248859140201106,1.2398850266216456e-17,5.996388887264224e-17
198.793,0.5774816748625833,0.0,0.5145985992129146,0.9809127085340357,0.19444860050003446,1.1906542810052481e-17,6.006358043745837e-17
198.811,0.5778006195451972,0.0,0.5151859865581433,0.9819638442121513,0.18906879345913719,1.157712463641922e-17,6.012794393464207e-17
198.856,0.5785742080192042,0.0,0.5166576373121069,0.9844699958763853,0.17555291857200772,1.074951599050926e-17,6.028140146533117e-17
198.889,0.5791198475732633,0.0,0.5177394911011487,0.9861956958228422,0.16558396522761556,1.0139093650306302e-17,6.038707011111702e-17
198.901,0.5793137041689589,0.0,0.5181333984738081,0.9867993831932483,0.161947452370899,9.916421458804494e-18,6.04240353014097e-17
198.926,0.5797097468770057,0.0,0.5189548407741406,0.98801583070644,0.1543525777998651,9.451369517137381e-18,6.049852122907775e-17
198.949,0.5800647490531265,0.0,0.5197114583969551,0.9890853579520111,0.1473436618417705,9.022197192458712e-18,6.056401088497223e-17
198.973,0.5804256046830072,0.0,0.5205018009450382,0.9901502430208039,0.1400089148798853,8.573073472987288e-18,6.062921628952007e-17
199.003,0.5808628829363494,0.0,0.5214907935122824,0.9914072259317465,0.13081174400763487,8.00990917949165e-18,6.070618429444351e-17
199.027,0.5812016487028248,0.0,0.5222827372045912,0.9923529962591756,0.12343229243369251,7.55804809201708e-18,6.076409602465424e-17
199.049,0.5815035328115881,0.0,0.5230091933318898,0.9931728720022266,0.11665181661186798,7.142863691422409e-18,6.081429893487554e-17
199.08,0.5819148426405161,0.0,0.5240335325116563,0.9942511413291425,0.10707318976147785,6.5563419557945504e-18,6.088032388886685e-17
199.104,0.5822219496588288,0.0,0.5248270259628957,0.995023627617968,0.09963925171326435,6.1011445340043305e-18,6.092762503191663e-17
199.122,0.582445782379879,0.0,0.5254223516765965,0.9955670900551709,0.09405407593017588,5.7591511517326005e-18,6.096090250862549e-17
199.137,0.5826280501498047,0.0,0.525918562456185,0.9959963627913488,0.08939376547838146,5.4737894378414506e-18,6.098718788274156e-17
199.176,0.5830837979997403,0.0,0.5272090075987452,0.997011487909378,0.07725343343003092,4.730408498661525e-18,6.104934636906799e-17
199.21,0.5834596929987341,0.0,0.5283341392612932,0.9977767697573477,0.06664471271295766,4.080811705200926e-18,6.109620636734608e-17
199.232,0.5836922676120885,0.0,0.5290621102275598,0.998212207201543,0.05976946874302797,3.659824429144349e-18,6.112286922095921e-17
199.243,0.5838054131702755,0.0,0.5294260546314132,0.998412261683925,0.05632899536818948,3.4491561938419666e-18,6.113511902503442e-17
199.275,0.5841226433402089,0.0,0.530484555183504,0.9989270824098296,0.046310733401505585,2.8357145713160115e-18,6.11666427027401e-17
199.29,0.5842652326127006,0.0,0.5309805592062636,0.9991339165551707,0.04161029667192004,2.547895831541932e-18,6.117930764144242e-17
199.329,0.584617686190037,0.0,0.532269482884996,0.9995683580252561,0.0293785233579447,1.7989157296991362e-18,6.120590950923028e-17
199.339,0.5847038030220042,0.0,0.5325997843725391,0.9996556687999234,0.02624011882933787,1.6067438766797407e-18,6.121125575226664e-17
199.376,0.5850073184129914,0.0,0.5338210668146625,0.999893081761748,0.014622757776647718,8.953856752939348e-19,6.122579310345537e-17
199.386,0.585085261931861,0.0,0.5341508906788283,0.9999340811583293,0.01148186997173461,7.030617654555451e-19,6.122830359244489e-17
199.43,0.5854075350044512,0.0,0.5356006188706532,0.9999972610945711,-0.002340470755264367,-1.4331250094662476e-19,6.123217224777933e-17
199.456,0.5855821220361828,0.0,0.5364559814382509,0.9999447882846428,-0.010508110314458514,-6.434361830844453e-19,6.122895921484328e-17
199.481,0.5857388876547253,0.0,0.5372774147666715,0.9998314429331296,-0.018359894396646148,-1.1242192952768065e-18,6.122201881374683e-17
199.505,0.5858791361008034,0.0,0.5380649502443727,0.9996646726383885,-0.025894831120970224,-1.5856011023378727e-18,6.121180707836447e-17
199.531,0.5860197433613258,0.0,0.5389168641501096,0.9994200184486594,-0.034053292411768854,-2.0851627776250788e-18,6.119682632984697e-17
199.556,0.5861438314339384,0.0,0.5397346893065962,0.9991221291927934,-0.04189237349756032,-2.565168055623633e-18,6.117858587366213e-17
199.579,0.5862483718852359,0.0,0.5404858599375888,0.9987939470406936,-0.04909838444258931,-3.0064089675461598e-18,6.115849051255682e-17
199.609,0.5863708753342365,0.0,0.5414637523460445,0.9982881525069094,-0.058487302590746665,-3.58131439542603e-18,6.112751952971556e-17
199.633,0.5864575888172996,0.0,0.5422444200371145,0.9978203660647635,-0.06598876469810076,-4.040646473360848e-18,6.109887587126264e-17
199.643,0.5864907585513318,0.0,0.542569244282603,0.9976089385336936,-0.06911154576246482,-4.231861665106418e-18,6.108592966880383e-17
199.68,0.5865983484629229,0.0,0.5437686469975258,0.9967425050569276,-0.08064972791547736,-4.9383715571897146e-18,6.103287591960405e-17
199.704,0.5866553983804926,0.0,0.544544472694729,0.9961099532386298,-0.0881190164433005,-5.395733571565047e-18,6.099414329162538e-17
199.714,0.5866762124939541,0.0,0.5448672061317487,0.9958300837023872,-0.09122743224105605,-5.586069144422067e-18,6.097700622503847e-17
199.749,0.586735374041521,0.0,0.5459942209263404,0.9947753804963064,-0.1020879148500386,-6.251081907636366e-18,6.091242427976961e-17
199.782,0.5867716687264113,0.0,0.5470530220813136,0.9936745195269041,-0.11229848281689363,-6.876298876540641e-18,6.084501598664536e-17
199.813,0.5867885552525257,0.0,0.5480440847637966,0.9925470822778248,-0.12186176373980852,-7.461880945120374e-18,6.077598036572914e-17
199.82,0.5867900632895003,0.0,0.5482673756728909,0.9922800740191239,-0.12401715488029058,-7.593860588175471e-18,6.075963082526094e-17
199.845,0.5867885228782265,0.0,0.549063296605861,0.9912893369735878,-0.13170212755481522,-8.064429447545044e-18,6.069896567768031e-17
199.87,0.5867761696618494,0.0,0.5498567296449699,0.9902409234549976,-0.13936611322338552,-8.533713223431334e-18,6.06347688646941e-17
199.895,0.5867530169317806,0.0,0.550647581087739,0.9891353135946218,-0.14700792971832888,-9.001639528941525e-18,6.056706978586335e-17
199.919,0.5867206433925969,0.0,0.551404282909009,0.9880205871288935,-0.15432212870964615,-9.449505048093701e-18,6.04988124759544e-17
199.935,0.5866935456433036,0.0,0.5519073403662415,0.9872486415421299,-0.15918580267479598,-9.747319185769555e-18,6.04515444413571e-17
199.969,0.5866213343962013,0.0,0.5529724660894407,0.9855325140102499,-0.16948647093097646,-1.0378053206220063e-17,6.034646193691483e-17
199.993,0.58655840243491,0.0,0.553721047512583,0.9842597442732303,-0.17672791461225196,-1.0821463747494055e-17,6.02685272676902e-17
200.009,0.5865109583879126,0.0,0.5542185505978168,0.9833833107866976,-0.18154135635219137,-1.111620204847901e-17,6.021486119449281e-17
200.047,0.5863807111332602,0.0,0.5553949891509753,0.9812133315686672,-0.192925887200025,-1.1813303511608696e-17,6.008198828931394e-17
200.071,0.5862857356175502,0.0,0.5561341679808711,0.9797794851484083,-0.2000803850514085,-1.2251390156268868e-17,5.999419051786199e-17
200.091,0.5861990865720514,0.0,0.5567478116122171,0.9785476765190348,-0.20602049601726113,-1.2615117050314445e-17,5.991876399310578e-17
200.114,0.5860910237731386,0.0,0.557450808640469,0.9770900780403782,-0.21282617178121604,-1.3031844502332549e-17,5.982951182753933e-17
200.144,0.5859365700880363,0.0,0.5583633184969528,0.9751238085772506,-0.22166090757234946,-1.3572816047728754e-17,5.970911254732532e-17
200.164,0.5858251277760047,0.0,0.5589687933014337,0.973772624031788,-0.22752335415566935,-1.3931787369900506e-17,5.96263763558924e-17
200.193,0.5856515260829692,0.0,0.5598425518114885,0.9717569984259219,-0.23598376217494904,-1.444983794991508e-17,5.950295488356724e-17
200.212,0.5855300960301628,0.0,0.5604122717609088,0.9704007313006358,-0.24150035339765324,-1.4787631739069535e-17,5.941990747387871e-17
200.241,0.585333047395309,0.0,0.561277555326648,0.9682770912000742,-0.2498789199935102,-1.530067097722249e-17,5.928987202129403e-17
200.266,0.5851518525579121,0.0,0.5620192354761426,0.9663953004323327,-0.25706054404031237,-1.5740418622302287e-17,5.917464556927505e-17
200.286,0.5849993670122197,0.0,0.5626096800657503,0.9648564217666703,-0.26277763484668387,-1.609048947012517e-17,5.908041642766607e-17
200.322,0.5847080787765696,0.0,0.5636658302124365,0.962013025037711,-0.2730035524636856,-1.6716646334025452e-17,5.890630859252477e-17
200.337,0.5845803461763139,0.0,0.5641033178804661,0.9608009287184094,-0.27723920244770944,-1.6976005093787622e-17,5.883208909864021e-17
200.367,0.5843136902154448,0.0,0.5649736462147421,0.9583295252967107,-0.2856650502679337,-1.749193947194464e-17,5.868075928415095e-17
200.398,0.5840225208855386,0.0,0.565866341430404,0.9557110219938186,-0.29430671490730687,-1.8021088818940298e-17,5.852042219972878e-17
200.414,0.5838660472586759,0.0,0.5663243910830088,0.9543343771219907,-0.298740517243949,-1.8292580910921342e-17,5.843612701293645e-17
200.438,0.5836234565628851,0.0,0.5670079601299015,0.9522379842710219,-0.3053568753302617,-1.8697715998542117e-17,5.830775997320173e-17
200.469,0.5832961607614819,0.0,0.5678845656361361,0.9494755820415749,-0.31384091369165473,-1.9217213519698287e-17,5.813861162078924e-17
200.494,0.5830208022158953,0.0,0.5685861982677821,0.947204213043583,-0.32063090741924194,-1.9632980723934298e-17,5.799953038213558e-17
200.519,0.5827352965522783,0.0,0.5692829994332139,0.9448949731326038,-0.32737362408834314,-2.0045853043252913e-17,5.785813021886338e-17
200.539,0.5824996120353989,0.0,0.5698369042531947,0.9430209961708117,-0.33273322764793106,-2.0374034110450318e-17,5.774338222446665e-17
200.579,0.5820089159283687,0.0,0.5709350992673512,0.9392043906645681,-0.34335857722852553,-2.1024649128135152e-17,5.750968253862517e-17
200.593,0.5818311084559935,0.0,0.5713163884498085,0.9378475761905396,-0.34704743743979727,-2.125052667064695e-17,5.742660161349239e-17
200.613,0.5815716657650083,0.0,0.5718582725852471,0.9358909452067885,-0.35228985037883787,-2.1571531881927188e-17,5.730679251992422e-17
200.628,0.5813729014983144,0.0,0.5722624896020903,0.9344096169798609,-0.35620031961741655,-2.181097906373667e-17,5.721608732634455e-17
200.662,0.5809091502031447,0.0,0.5731716437570549,0.9310092930116289,-0.36499547439110386,-2.2349526970816754e-17,5.700787753315658e-17
200.692,0.5804847945618752,0.0,0.5739655554087538,0.9279616181423138,-0.3726757776602856,-2.281980991157097e-17,5.682126126947916e-17
200.717,0.5801203642324892,0.0,0.5746211090010434,0.9253893858189216,-0.37901778931031604,-2.320814612493922e-17,5.666375746540387e-17
200.737,0.5798217834539321,0.0,0.5751415398893973,0.9233111241282299,-0.3840528193635146,-2.351645279685224e-17,5.653650063903907e-17
200.762,0.5794398010749735,0.0,0.5757869952405978,0.9206886424349628,-0.39029786534295197,-2.389885157531454e-17,5.637591994846496e-17
200.792,0.5789686423282225,0.0,0.5765539796065078,0.9175069936143494,-0.3977196458169475,-2.4353304560387188e-17,5.61811001462562e-17
200.811,0.5786630664261054,0.0,0.577035410551709,0.9154732215224679,-0.4023789018764209,-2.4638601711369288e-17,5.60565675221303e-17
200.836,0.5782525578128463,0.0,0.5776636920208498,0.9127760713768143,-0.40846033286221173,-2.5010981960918503e-17,5.589141470749558e-17
200.866,0.5777473602984973,0.0,0.5784097562151356,0.9095092894249868,-0.4156835965607202,-2.5453279299307284e-17,5.569138200445468e-17
200.893,0.5772810109187481,0.0,0.579073764269916,0.9065425745791009,-0.4221143926419652,-2.5847051991150587e-17,5.550972311245483e-17
200.903,0.5771054966077406,0.0,0.5793178814958063,0.9054377012989249,-0.42447917389021456,-2.59918530804682e-17,5.5442069136153285e-17
200.942,0.5764066506598664,0.0,0.5802604615144242,0.9010990533909766,-0.4336133023534748,-2.655115713974482e-17,5.5176403572498473e-17
200.974,0.5758162950013991,0.0,0.5810224421341993,0.8975062018017461,-0.4410018341542396,-2.7003574230755072e-17,5.495640486257034e-17
201.004,0.5752490750511721,0.0,0.5817272984326376,0.8941133043500553,-0.4478408188008607,-2.742234126360019e-17,5.474864981236792e-17
201.038,0.5745902506347037,0.0,0.582514852908122,0.8902418817370188,-0.4554880810749408,-2.789060102690982e-17,5.4511593546807833e-17
201.059,0.5741749096880463,0.0,0.582995216641652,0.8878380787630961,-0.46015600169752685,-2.8176428729366016e-17,5.4364403065918065e-17
201.086,0.5736315174451575,0.0,0.5836059356253618,0.8847346524699646,-0.46609504901774157,-2.8540090493900297e-17,5.4174373012104405e-17
201.122,0.5728906944106381,0.0,0.5844080184857555,0.8805767347482691,-0.47390359169358115,-2.901822583359892e-17,5.391977398065478e-17
201.132,0.5726816255226163,0.0,0.5846283169645475,0.8794181254290816,-0.4760501661241177,-2.9149665608873324e-17,5.384882962094452e-17
201.164,0.572003075434703,0.0,0.5853258804412095,0.8757012986086951,-0.4828532236767661,-2.956623274168663e-17,5.362123961751595e-17
201.183,0.5715933541228085,0.0,0.585734684486456,0.8734884970317521,-0.486844785895064,-2.981064543639843e-17,5.3485744599098377e-17
201.214,0.5709140165546394,0.0,0.5863929879653079,0.8698702602594939,-0.49328057970700645,-3.0204724150986814e-17,5.3264191495013213e-17
201.228,0.5706028379237471,0.0,0.5866867230154689,0.8682335294854576,-0.4961557600967916,-3.0380778174052895e-17,5.316397063983874e-17
201.268,0.5696988596065656,0.0,0.5875136129585565,0.8635502713940691,-0.5042627576722571,-3.087718860562736e-17,5.287720378827875e-17
201.293,0.5691227542476034,0.0,0.5880210316796137,0.8606196838477751,-0.509248230015339,-3.1182460742987e-17,5.2697757055369245e-17
201.313,0.5686557648312035,0.0,0.5884217119037312,0.8582742150654553,-0.5131913597809074,-3.1423907805288295e-17,5.2554138513530845e-17
201.333,0.5681833851288336,0.0,0.5888176838960985,0.8559285147958268,-0.5170941670135238,-3.166288582454394e-17,5.241050579718286e-17
201.368,0.5673438527655393,0.0,0.5894992031031135,0.8518247989418054,-0.5238267957137672,-3.2075140433923974e-17,5.2159225672920986e-17
201.395,0.5666851220324162,0.0,0.5900149088053324,0.8486618918017258,-0.5289357176477268,-3.238797167859984e-17,5.1965553467666044e-17
201.421,0.5660417465788445,0.0,0.590503167248758,0.8456199619938549,-0.5337854249391898,-3.268493060416443e-17,5.1779288987544044e-17
201.435,0.5656916665979252,0.0,0.5907626577454779,0.8439840237570249,-0.5363683134217585,-3.284308690980104e-17,5.167911666127721e-17
201.461,0.5650347958964322,0.0,0.5912381744942232,0.8409504611440752,-0.5411121158332782,-3.31335610317538e-17,5.1493364524079117e-17
201.485,0.5644207548670758,0.0,0.5916696834807557,0.8381565131505473,-0.5454297933403678,-3.3397942528694185e-17,5.132228455071621e-17
201.521,0.5634859759005384,0.0,0.5923034502885641,0.8339791419786863,-0.5517959684018127,-3.37877583242847e-17,5.106649433899271e-17
201.549,0.5627476658371154,0.0,0.592785079396398,0.830743237059656,-0.5566557949753547,-3.408533687716967e-17,5.086835230892093e-17
201.568,0.5622411159801173,0.0,0.5931062197931622,0.8285548992073779,-0.5599078308074034,-3.428446664079122e-17,5.073435526160866e-17
201.6,0.5613779303880108,0.0,0.5936366263216023,0.8248844479952756,-0.5653013775461099,-3.4614726128271647e-17,5.050960494519228e-17
201.627,0.5606399067386272,0.0,0.594073867165034,0.8218037916839783,-0.5697705924087662,-3.488838661208433e-17,5.0320969150647116e-17
201.651,0.5599765052132121,0.0,0.5944545564648116,0.819079144551601,-0.573680533886777,-3.512780147787931e-17,5.0154132631173524e-17
201.675,0.5593062267959645,0.0,0.5948276924689757,0.8163684163255314,-0.5775314786452284,-3.536360383648584e-17,4.998814839890279e-17
201.689,0.5589120819907067,0.0,0.5950418470563981,0.8147939692916546,-0.5797506253605512,-3.549948738257377e-17,4.989174132287958e-17
201.724,0.5579166706778381,0.0,0.5955658499671427,0.8108812507725253,-0.5852107288367029,-3.5833822294827894e-17,4.9652156412358763e-17
201.743,0.5573703499751311,0.0,0.5958434574372097,0.8087719989644974,-0.5881223118459044,-3.601210533546141e-17,4.952300198859391e-17
201.779,0.5563238727203234,0.0,0.5963561256135556,0.8048060892696071,-0.5935378325553993,-3.634371034059137e-17,4.9280160057916163e-17
201.793,0.5559129395308944,0.0,0.5965507581994731,0.8032751381269977,-0.5956081366696167,-3.6470479905928267e-17,4.918641633709379e-17
201.818,0.555173662565108,0.0,0.5968916754187824,0.8005579117408469,-0.5992553962620065,-3.669381014520225e-17,4.902003420727587e-17
201.842,0.554457424765993,0.0,0.5972109049250514,0.7979702264826409,-0.6026968704475266,-3.6904539662484526e-17,4.886158418384274e-17
201.88,0.5533104710995331,0.0,0.5977001106287321,0.7939170536619343,-0.6080260783097657,-3.7230859530008625e-17,4.8613398927779266e-17
201.913,0.5523017854786954,0.0,0.5981086769692152,0.7904433228585199,-0.6125351853962201,-3.7506962708030574e-17,4.840069426230422e-17
201.934,0.5516538644947946,0.0,0.5983607444478706,0.7882561917200976,-0.6153471997294931,-3.767914892565054e-17,4.8266771104905e-17
201.963,0.550751511740759,0.0,0.5986986371153398,0.7852670673812485,-0.6191571956187327,-3.7912443889176634e-17,4.808374002721375e-17
201.99,0.5499035633980831,0.0,0.5990025316768756,0.7825178120216438,-0.6226281987421219,-3.8124981532421085e-17,4.791539668840482e-17
202.006,0.5493975582179641,0.0,0.5991777262978972,0.7809044675766357,-0.624650472279379,-3.8248810073141196e-17,4.781660783287975e-17
202.04,0.5483137237093638,0.0,0.5995378660708213,0.7775165592453424,-0.6288624651696777,-3.850672025369798e-17,4.76091582781936e-17
202.072,0.5472831493146902,0.0,0.5998616459732109,0.774379882467072,-0.6327209476777924,-3.874298416635442e-17,4.741709221937017e-17
202.11,0.5460463760604546,0.0,0.600226893907647,0.7707231511381961,-0.6371701690283447,-3.9015420400637015e-17,4.719318200350768e-17
202.135,0.5452251693692796,0.0,0.6004557286509841,0.7683591176515456,-0.6400189577830787,-3.918985840213362e-17,4.7048426701382495e-17
202.162,0.544331661452517,0.0,0.6006925989575367,0.7658443060438661,-0.643026048383881,-3.9373989596084545e-17,4.689443890209233e-17
202.183,0.5436320374430691,0.0,0.60086942567491,0.763916534823003,-0.6453150608997248,-3.951415118862136e-17,4.677639695933641e-17
202.198,0.5431298341860025,0.0,0.6009917488162966,0.7625549611146436,-0.646923435407502,-3.961263572326034e-17,4.6693024615149133e-17
202.235,0.5418823911053532,0.0,0.6012792350708601,0.7592525272649727,-0.6507961277095553,-3.984976973484995e-17,4.6490808862979365e-17
202.26,0.5410326481504942,0.0,0.6014619593816342,0.7570673810540066,-0.6533368048288934,-4.000534133994317e-17,4.6357007247332936e-17
202.285,0.54017746328784,0.0,0.6016353482765848,0.754920427627778,-0.6558163980492503,-4.015717263496804e-17,4.622554426526547e-17
202.31,0.5393169260428604,0.0,0.6017993661005036,0.7528124356150646,-0.6582350923365559,-4.030527494582128e-17,4.609646698171559e-17
202.336,0.5384163862173128,0.0,0.6019599664738059,0.7506622630750549,-0.660686133345507,-4.045535792213082e-17,4.596480688577872e-17
202.361,0.5375452095554564,0.0,0.6021047605877854,0.748636068823612,-0.6629811735308387,-4.059588860297488e-17,4.58407382705547e-17
202.386,0.5366689553547457,0.0,0.6022400808881141,0.7466510738532414,-0.6652158851935223,-4.073272522721101e-17,4.5719192383715306e-17
202.396,0.5363170523924204,0.0,0.602291549157793,0.745868769722154,-0.6660929202094558,-4.078642813346117e-17,4.567129007121051e-17
202.431,0.5350791939623998,0.0,0.6024596821070975,0.7431841389312895,-0.6690869417653865,-4.0969759079213605e-17,4.550690384596428e-17
202.456,0.5341892094566044,0.0,0.6025683088642154,0.7413181896433095,-0.6711537392460585,-4.109631392517314e-17,4.5392647404819477e-17
202.471,0.5336529430917082,0.0,0.6026288834789741,0.7402195944113885,-0.6723651924731378,-4.117049404101611e-17,4.5325377848102946e-17
202.506,0.5323951473688469,0.0,0.6027567635410868,0.7377182783225087,-0.6751086889004418,-4.133848474692462e-17,4.517221641100783e-17
202.535,0.5313462176782585,0.0,0.6028484022977527,0.7357125669473851,-0.6772938939896693,-4.1472289967824767e-17,4.50494020102299e-17
202.555,0.5306193326286054,0.0,0.6029040174567906,0.734365125840398,-0.6787546404625285,-4.156173489244241e-17,4.496689503829433e-17
202.595,0.5291572411363075,0.0,0.6029966169867673,0.7317592699311918,-0.681563181861938,-4.1733708454195384e-17,4.4807332383381904e-17
202.61,0.5286061585571257,0.0,0.6030249213990714,0.7308130509546333,-0.6825776765719639,-4.1795828339164644e-17,4.474939318133516e-17
202.636,0.5276474201705907,0.0,0.603065664885459,0.7292134700173738,-0.6842862815702363,-4.190045022127172e-17,4.465144709759556e-17
202.655,0.5269440254457419,0.0,0.6030887555356866,0.7280773456735058,-0.6854949881049622,-4.197446215071475e-17,4.458187954553799e-17
202.68,0.5260150099377051,0.0,0.603110521646856,0.7266250687155646,-0.6870342127682587,-4.206871247856848e-17,4.449295322913709e-17
202.705,0.5250821093821462,0.0,0.603122477442827,0.725221687470403,-0.68851543484702,-4.215941117244756e-17,4.4407020911643565e-17
202.73,0.5241454195251345,0.0,0.6031246031398989,0.7238676851313522,-0.6899388193329735,-4.22465683351815e-17,4.432411218011573e-17
202.764,0.5228656128991732,0.0,0.6031116850890138,0.7221063187000534,-0.6917820932153831,-4.235943630818374e-17,4.4216259592004944e-17
202.794,0.5217308922957958,0.0,0.6030851234561264,0.7206296235554377,-0.6933202331205603,-4.245362021375955e-17,4.412583809289644e-17
202.818,0.5208195347735325,0.0,0.6030536187996087,0.7195010618296048,-0.6944913404975408,-4.25253298587934e-17,4.405673361763737e-17
202.853,0.5194849559338336,0.0,0.6029913039909969,0.7179401488277353,-0.6961048359990105,-4.2624127963859074e-17,4.396115526206302e-17
202.882,0.5183743739547089,0.0,0.6029249334212616,0.7167237944416199,-0.6973571556105282,-4.2700810424046804e-17,4.388667503678377e-17
202.909,0.5173366263325515,0.0,0.6028511143915507,0.7156545593677153,-0.6984544019878473,-4.276799738723979e-17,4.3821203271244096e-17
202.93,0.5165270652350339,0.0,0.6027856725646048,0.7148653670366345,-0.6992621160992335,-4.281745561229656e-17,4.3772879178135613e-17
202.958,0.5154444600117175,0.0,0.602687479019919,0.7138712237233259,-0.7002769994364809,-4.287959929381996e-17,4.3712005456808755e-17
202.989,0.5142417615077024,0.0,0.6025641683655023,0.7128485018519097,-0.7013180543858027,-4.2943345524391136e-17,4.3649381803496364e-17
202.999,0.5138529048807191,0.0,0.6025211160264853,0.7125361476178512,-0.7016354027113453,-4.296277750494566e-17,4.363025562284937e-17
203.039,0.5122933103068108,0.0,0.6023329189173932,0.7113728234314306,-0.7028148448084991,-4.303499750439861e-17,4.355902256078584e-17
203.054,0.5117067994829735,0.0,0.6022557461082798,0.7109722301077972,-0.7032200850484474,-4.3059811312535525e-17,4.3534493294208464e-17
203.069,0.5111194148583561,0.0,0.602174971852624,0.7105911612746103,-0.7036051460289363,-4.3083389497397145e-17,4.351115955786761e-17
203.114,0.5093522320614718,0.0,0.6019110296975244,0.7095655524766048,-0.704639430303592,-4.314672114371542e-17,4.344835913128487e-17
203.137,0.508446229543538,0.0,0.601763597185195,0.7091097358043129,-0.7050981368487209,-4.317480881882742e-17,4.342044840984885e-17
203.171,0.5071036913361745,0.0,0.6015301227865892,0.7085210117760325,-0.7056897164277423,-4.3211032620721895e-17,4.338439946000812e-17
203.196,0.5061142007561226,0.0,0.601346628127475,0.7081530768034092,-0.7060589350853544,-4.3233640743083405e-17,4.3361869940682245e-17
203.21,0.5055592658113096,0.0,0.6012394946101343,0.7079711300241709,-0.7062413744976278,-4.324481193519735e-17,4.335072891364178e-17
203.257,0.5036922251324378,0.0,0.6008568530130945,0.7074871153845079,-0.7067262423066714,-4.327450152571509e-17,4.332109156468159e-17
203.272,0.5030951242333801,0.0,0.600727280602048,0.707373841353243,-0.7068396201184233,-4.328144391442791e-17,4.3314155530690833e-17
203.287,0.5024974617481859,0.0,0.6005941029548901,0.7072805278210298,-0.7069329918494436,-4.328716128400415e-17,4.330844172476373e-17
203.322,0.5011008531958163,0.0,0.6002693391752754,0.7071404792379967,-0.7070730815290993,-4.329573930289335e-17,4.32998662223169e-17
203.359,0.49962154540176384,0.0,0.5999046927466523,0.7071107564637219,-0.7071028058870245,-4.3297559394882836e-17,4.3298046227298034e-17
203.382,0.4987006168601845,0.0,0.5996669821202641,0.7071535890369403,-0.7070599702374433,-4.3294936467825384e-17,4.3300668965982584e-17
203.41,0.4975782144332266,0.0,0.5993661821806465,0.7072691557180316,-0.706944369360067,-4.328785795560251e-17,4.3307745384286916e-17
203.444,0.49621361064690384,0.0,0.5989840929226475,0.7075030405278075,-0.7067102996588542,-4.327352532008413e-17,4.332206669846998e-17
203.454,0.49581193836803256,0.0,0.5988682034668873,0.7075913391664199,-0.706621890926592,-4.326811184653505e-17,4.3327473430727264e-17
203.48,0.4947669834129175,0.0,0.598559430687734,0.707862365798762,-0.7063503883242223,-4.3251487106887436e-17,4.334406902561634e-17
203.521,0.49311761398765946,0.0,0.5980506507638955,0.7084111925968339,-0.7057999590560567,-4.321778303481664e-17,4.337767497469359e-17
203.555,0.49174867467938277,0.0,0.5976084689883333,0.7089787339060806,-0.7052298595982243,-4.318287451100513e-17,4.3412426857081234e-17
203.584,0.4905804146161899,0.0,0.5972168211174395,0.7095430765193611,-0.7046620626679431,-4.3148106976343405e-17,4.344698287583005e-17
203.602,0.48985506649274024,0.0,0.5969670292416025,0.7099304068490294,-0.7042718348984088,-4.312421241689848e-17,4.34707000182521e-17
203.635,0.48852496494416453,0.0,0.5964957715450104,0.7107139544309513,-0.7034811120258451,-4.307579460515359e-17,4.3518678470161116e-17
203.661,0.48747686143435115,0.0,0.5961123711747554,0.7113979809483961,-0.7027893800439399,-4.303343823727819e-17,4.3560563014417154e-17
203.68,0.4867109298826398,0.0,0.5958254590772215,0.7119348589716203,-0.7022455101893206,-4.300013581344757e-17,4.359343731205086e-17
203.715,0.4853001423569459,0.0,0.5952820799614804,0.7130052744300207,-0.7011586686585076,-4.2933585963353046e-17,4.365898135529525e-17
203.725,0.48489712386508543,0.0,0.5951232975947955,0.7133304165201622,-0.7008278796303498,-4.2913330977126716e-17,4.367889056629324e-17
203.761,0.4834466337258484,0.0,0.5945387163487797,0.7145715916829873,-0.6995623205688267,-4.283583783443541e-17,4.3754890625809997e-17
203.787,0.48239954679695113,0.0,0.5941039258421615,0.7155364169142945,-0.6985754333423506,-4.277540842028424e-17,4.381396913237284e-17
203.812,0.48139323669865874,0.0,0.5936759249829471,0.716517880496487,-0.6975687255954226,-4.271376534928663e-17,4.3874066444093426e-17
203.852,0.4797844184862211,0.0,0.5929709291809104,0.7181969759876451,-0.6958398549107416,-4.260790255177992e-17,4.39768813900289e-17
203.868,0.47914140805406036,0.0,0.5926819911443757,0.7189058171578708,-0.6951074924474444,-4.256305828445529e-17,4.402028539353994e-17
203.889,0.47829796798845836,0.0,0.5922967587261381,0.7198681943890344,-0.6941107856149993,-4.250202759285318e-17,4.407921400332578e-17
203.915,0.47725459353002503,0.0,0.5918103884807522,0.7211097498434235,-0.692820848907389,-4.24230417498493e-17,4.4155237348984856e-17
203.94,0.47625236810350785,0.0,0.5913329281654126,0.7223553640264045,-0.6915220372933032,-4.2343512475555016e-17,4.4231509220092875e-17
203.95,0.4758517800642809,0.0,0.5911392613681239,0.7228677358238396,-0.6909864228079419,-4.2310715547301285e-17,4.4262882944177983e-17
203.986,0.474411215411487,0.0,0.5904294055370374,0.7247785578907444,-0.6889818880216031,-4.218797319180782e-17,4.4379887050576736e-17
204.021,0.47301320551788395,0.0,0.5897203436479767,0.7267347791759434,-0.686918161600123,-4.206160639398875e-17,4.4499671057343884e-17
204.042,0.4721757136285514,0.0,0.5892859876300055,0.7279545634369465,-0.6856253740719669,-4.198244598857205e-17,4.4574361301888275e-17
204.056,0.4716179687844686,0.0,0.5889927127980266,0.7287867591581457,-0.6847407244174739,-4.1928276820184965e-17,4.462531859319981e-17
204.093,0.47014631479135977,0.0,0.5882034137536564,0.7310585788536517,-0.6823147032597782,-4.177972586791317e-17,4.476442742911687e-17
204.124,0.46891615104300693,0.0,0.5875262931253309,0.73304194003924,-0.6801834415387568,-4.1649223725673465e-17,4.488587327549106e-17
204.141,0.4682427172230654,0.0,0.5871488731249029,0.7341601278771108,-0.6789763667724116,-4.1575311713226657e-17,4.495434253331576e-17
204.175,0.4668984860630422,0.0,0.5863811357137306,0.736460528865384,-0.6764805166620239,-4.1422484970784764e-17,4.5095201468667975e-17
204.199,0.4659518401753748,0.0,0.5858288921228909,0.7381350808129975,-0.6746529496512926,-4.13105787662888e-17,4.5197738202800513e-17
204.222,0.465046453543347,0.0,0.5852916874909214,0.7397786954023484,-0.6728502670199361,-4.120019629057033e-17,4.529838057009454e-17
204.255,0.4637506745803466,0.0,0.5845073517352345,0.7422023264078785,-0.6701758774193032,-4.103643715736593e-17,4.544678516775638e-17
204.289,0.46241984812442216,0.0,0.5836826180451498,0.7447786057650323,-0.6673116426338556,-4.086105335926568e-17,4.5604536781178764e-17
204.318,0.4612882914479819,0.0,0.5829659098912665,0.7470382970237416,-0.6647810036244026,-4.0706096411129487e-17,4.574290296453074e-17
204.344,0.4602767064242322,0.0,0.5823130250058363,0.7491120383269386,-0.6624433213744849,-4.0562954656890216e-17,4.586988299699174e-17
204.355,0.4598495843729159,0.0,0.5820338802150529,0.750002796579248,-0.6614346567298294,-4.050119176046569e-17,4.5924426209116976e-17
204.4,0.4581077739521307,0.0,0.5808739179688772,0.7537282224820512,-0.6571862495777339,-4.024105184945127e-17,4.6152542754483403e-17
204.415,0.4575292006238082,0.0,0.5804808645090318,0.7549986049999606,-0.655726396028186,-4.015166160061739e-17,4.623033124869593e-17
204.445,0.45637521912544726,0.0,0.5796852194872776,0.7575812536289316,-0.6527408705987517,-3.99688508925709e-17,4.6388472867535514e-17
204.474,0.4552638395938795,0.0,0.5789040722876592,0.7601298535443709,-0.649771194922192,-3.978701070198067e-17,4.654452960397301e-17
204.499,0.4543091279994994,0.0,0.5782212419760073,0.7623670283813601,-0.6471448941597041,-3.9626196160861716e-17,4.66815170541356e-17
204.529,0.4531677330070061,0.0,0.5773903969924715,0.7650994644041497,-0.6439121132332294,-3.942824542016412e-17,4.684883050559481e-17
204.55,0.4523715997780735,0.0,0.5768014185581429,0.7670424990378075,-0.641596294152199,-3.928644239891471e-17,4.696780706283189e-17
204.574,0.4514646784797969,0.0,0.5761208961176478,0.7692929705409696,-0.6388961773842844,-3.912110793105717e-17,4.7105608698977874e-17
204.603,0.4503731158773951,0.0,0.5752881248567279,0.772053750943232,-0.635557240265962,-3.891665699833179e-17,4.7274657743116844e-17
204.638,0.44906216849438074,0.0,0.5742679053793782,0.7754443234387419,-0.6314159494712117,-3.866307607252532e-17,4.748227043081201e-17
204.669,0.44790712465603366,0.0,0.5733505573552145,0.7784990849415564,-0.627645739844667,-3.843221731496219e-17,4.766932062564102e-17
204.697,0.4468689155556497,0.0,0.572510995366461,0.7812984570244513,-0.6241576091430847,-3.8218630910027175e-17,4.784073272868801e-17
204.723,0.4459092732316131,0.0,0.5717221346218067,0.7839308945078751,-0.6208480914330676,-3.8015981396512476e-17,4.8001923035589534e-17
204.738,0.445357604228916,0.0,0.5712629892941703,0.7854636495014566,-0.6189077922532992,-3.7897172337517895e-17,4.809577721042787e-17
204.771,0.4441491169555393,0.0,0.5702425544100158,0.7888706890138829,-0.6145592209175301,-3.763089913915722e-17,4.830439821210094e-17
204.796,0.4432384396763446,0.0,0.569460122175127,0.7914827135180204,-0.6111915527902454,-3.742468893952373e-17,4.846433858451526e-17
204.826,0.44215127122965847,0.0,0.5685106281052894,0.7946508339927117,-0.6070667607723945,-3.717211827243325e-17,4.865833001444746e-17
204.849,0.44132203176731144,0.0,0.5677749317050046,0.7971036141297795,-0.6038425526089095,-3.6974692462073416e-17,4.880851948164107e-17
204.876,0.4403533880209858,0.0,0.5669027756438182,0.8000082656948602,-0.5999889789153647,-3.6738729127619513e-17,4.898637809373179e-17
204.905,0.43931889571855787,0.0,0.5659558613401626,0.8031571241249478,-0.5957672649343393,-3.648022370193059e-17,4.917919006360054e-17
204.932,0.438361355217885,0.0,0.5650648830187478,0.8061144892462204,-0.5917596050993217,-3.6234825312479304e-17,4.9360276450084365e-17
204.96,0.43737417596080547,0.0,0.5641314527713495,0.8092060965674275,-0.5875248873691287,-3.597552363680063e-17,4.95495828005912e-17
204.977,0.43677775942448877,0.0,0.5635600700492427,0.8110948013902831,-0.584914714430794,-3.5815696640093e-17,4.966523261638342e-17
205.011,0.4355917149509968,0.0,0.562406845124805,0.8148970829665881,-0.5796056799001762,-3.549061203286881e-17,4.9898055214477364e-17
205.034,0.43479460724697483,0.0,0.5616188838692296,0.8174869093567151,-0.5759471790280823,-3.5266593463734433e-17,5.005663634442818e-17
205.065,0.4337270320677087,0.0,0.5605469469465422,0.8209984375702425,-0.5709304384136658,-3.4959406696954544e-17,5.0271655433768776e-17
205.1,0.43253124627855216,0.0,0.5593231822838038,0.8249894962521906,-0.5651480611959636,-3.4605338209398464e-17,5.051603729577163e-17
205.124,0.4317172349115358,0.0,0.5584758406743647,0.827740921695951,-0.5611104762432594,-3.435810743496773e-17,5.0684513513911316e-17
205.163,0.4304050022519801,0.0,0.5570848833561957,0.8322346282084077,-0.5544235958279675,-3.394865410012431e-17,5.0959673678750696e-17
205.181,0.4298038247425977,0.0,0.5564371089802377,0.8343171032156235,-0.5512848367966334,-3.3756460540073406e-17,5.108718849634526e-17
205.195,0.4293382194357154,0.0,0.5559307790177894,0.8359401142827745,-0.5488206677348275,-3.360557370236848e-17,5.118656926176362e-17
205.225,0.42834638608772163,0.0,0.554838467849798,0.8394267476184882,-0.5434728469598521,-3.3278114122644113e-17,5.140006397948273e-17
205.25,0.4275260727935995,0.0,0.5539206597408008,0.8423402328684402,-0.5389461309733488,-3.300093271046809e-17,5.157846349876857e-17
205.269,0.42690646272019317,0.0,0.5532185849170991,0.8445585598340917,-0.5354632004264765,-3.278766472317411e-17,5.171429684966594e-17
205.301,0.4258704803655644,0.0,0.5520273783071197,0.8483011184790011,-0.5295141286002439,-3.2423389134679434e-17,5.194346247292142e-17
205.331,0.4249079947112079,0.0,0.5509007545910222,0.8518152237029954,-0.5238423662398984,-3.207609385367336e-17,5.2158639358643e-17
205.341,0.42458906988565676,0.0,0.5505231147793868,0.8529874065010232,-0.5219314939248811,-3.19590866704651e-17,5.2230414854224014e-17
205.382,0.4232915606278852,0.0,0.5489639607242011,0.8577954920563627,-0.5139911417600332,-3.147288032732591e-17,5.252482518349267e-17
205.41,0.4224148892405656,0.0,0.5478892922284908,0.8610791174782928,-0.5084709956750771,-3.113486886563755e-17,5.272588925162095e-17
205.428,0.4218554118099767,0.0,0.5471942598614449,0.863189134629062,-0.5048806966584592,-3.0915026455703395e-17,5.2855090539112726e-17
205.454,0.42105300003589935,0.0,0.5461846268951001,0.8662346726905004,-0.4996373603212451,-3.059396470259228e-17,5.304157596104382e-17
205.489,0.41998363450512394,0.0,0.5448150169425939,0.8703280708582772,-0.4924723840745891,-3.0155236441270575e-17,5.3292224309234e-17
205.509,0.41937820033396367,0.0,0.5440270553951753,0.8726627446557599,-0.48832339088955795,-2.9901183880083945e-17,5.343518184889102e-17
205.533,0.4186571463617519,0.0,0.5430764597574843,0.8754590576758621,-0.4832922907861158,-2.959311784819043e-17,5.3606406638365127e-17
205.553,0.418060864294773,0.0,0.5422801445096586,0.8777841885647581,-0.4790562788501045,-2.933373692526112e-17,5.374877984339939e-17
205.584,0.4171449687924469,0.0,0.5410385005237865,0.8813774147338349,-0.472412799146151,-2.892694111752876e-17,5.3968801489728005e-17
205.628,0.4158626190722877,0.0,0.539261093106446,0.8864510950537899,-0.4628222726683933,-2.833969073987257e-17,5.42794748079145e-17
205.642,0.4154589869600805,0.0,0.5386919100225617,0.8880580362017833,-0.459731361054945,-2.815042698917973e-17,5.437787157457991e-17
205.687,0.4141761324012877,0.0,0.5368507244003415,0.8931954939012451,-0.4496685553543975,-2.7534257849598863e-17,5.469245013094995e-17
205.709,0.4135571082596852,0.0,0.5359442200272285,0.8956902410653372,-0.4446785266462932,-2.72287067153472e-17,5.4845209337409323e-17
205.729,0.4129990514579136,0.0,0.5351165626410214,0.8979476376758928,-0.4401023062792145,-2.6948494034110405e-17,5.498343501408547e-17
205.754,0.41230781412985285,0.0,0.534077289479928,0.9007542954696444,-0.4343290218175439,-2.6594982317282805e-17,5.515529323825646e-17
205.784,0.41148769846964794,0.0,0.5328233815441666,0.9040985987248864,-0.42732390967941036,-2.6166042909401128e-17,5.5360072752101975e-17
205.804,0.4109466806863653,0.0,0.5319834040365146,0.9063128385914273,-0.42260742847748134,-2.5877241729042076e-17,5.549565584035716e-17
205.834,0.410143818287237,0.0,0.5307174926560656,0.9096097567702502,-0.41546370525999765,-2.5439814840427774e-17,5.569753385509448e-17
205.853,0.40964075615423706,0.0,0.5299121198134519,0.9116818365166655,-0.41089685927930875,-2.5160176174805292e-17,5.582441214654575e-17
205.879,0.4089592170324834,0.0,0.528805553843744,0.9144961611240772,-0.40459457644576236,-2.47742726498341e-17,5.599673982765717e-17
205.915,0.4080287461433554,0.0,0.5272650188709901,0.9183503432170964,-0.3957684261194181,-2.4233826812536554e-17,5.623274041583452e-17
205.938,0.40744237136595074,0.0,0.5262758129117541,0.9207854445003801,-0.39006943637798314,-2.388486433527546e-17,5.638184736544317e-17
205.952,0.4070885588367566,0.0,0.5256718251027407,0.9222568031380152,-0.3865777917388017,-2.367106276371878e-17,5.647194209774204e-17
205.984,0.4062887440054851,0.0,0.5242860882971936,0.9255877773801144,-0.3785330452741739,-2.3178464113325862e-17,5.66759054449235e-17
206.002,0.40584432205568255,0.0,0.523503492679138,0.9274411165530033,-0.3739692170846667,-2.2899010234118937e-17,5.678938973921414e-17
206.012,0.40559913336089715,0.0,0.5230677636422676,0.9284642238030867,-0.371421842542589,-2.274302853015969e-17,5.68520369901641e-17
206.049,0.4047026325996592,0.0,0.5214497550465985,0.9322078608211027,-0.36192334025777284,-2.2161413009169995e-17,5.708126864472824e-17
206.076,0.4040591284433337,0.0,0.5202633989072653,0.9348966163927753,-0.3549201553269973,-2.1732591608704433e-17,5.724590743995517e-17
206.111,0.403238506571322,0.0,0.5187186531018012,0.9383254512062436,-0.34575330456641984,-2.11712838865943e-17,5.745586301891111e-17
206.134,0.4027076298042084,0.0,0.5176994210642014,0.940542605670993,-0.3396757378995723,-2.0799140258336324e-17,5.759162457483464e-17
206.146,0.4024333069087207,0.0,0.5171663824772168,0.9416876911980285,-0.3364881754922846,-2.060395835337796e-17,5.766174084110634e-17
206.182,0.40162132859548516,0.0,0.5155621852887883,0.9450734843386781,-0.3268579342771877,-2.0014276149423693e-17,5.786906087771992e-17
206.208,0.40104521126723547,0.0,0.5143989797628903,0.947471326303143,-0.31984071947355763,-1.9584595667013944e-17,5.801588635205208e-17
206.239,0.40036968455170296,0.0,0.5130071864246891,0.9502764968248862,-0.3114074173526088,-1.9068204844580816e-17,5.818765350707785e-17
206.259,0.39994046849759474,0.0,0.5121065107515033,0.9520543946998258,-0.3059287981422285,-1.8732736170593845e-17,5.829651835416563e-17
206.278,0.3995375375567165,0.0,0.5112489286595192,0.9537196864648139,-0.3006971227821396,-1.8412388446398297e-17,5.839848806564758e-17
206.309,0.3988902645377114,0.0,0.5098457698534248,0.956386022698427,-0.29210576096182006,-1.7886319258719742e-17,5.856175407234483e-17
206.339,0.398275908868141,0.0,0.5084833679236703,0.9589049808763492,-0.2837274002463074,-1.7373292627102016e-17,5.871599577583376e-17
206.35,0.39805362591545634,0.0,0.507982743898541,0.9598131506382016,-0.28063983299234085,-1.71842336593659e-17,5.877160513543049e-17
206.386,0.3973373928026749,0.0,0.5063404353909199,0.9627261103497726,-0.27047816261354163,-1.6562010804196552e-17,5.894997247477153e-17
206.411,0.3968501834789748,0.0,0.5051965415017053,0.9646945592083591,-0.2633712350158796,-1.6126836997484115e-17,5.90705052044692e-17
206.446,0.3961821832984002,0.0,0.5035906184342381,0.9673735287357238,-0.25335440770074186,-1.5513483222029352e-17,5.923454477730421e-17
206.482,0.39551234671096164,0.0,0.5019336295058858,0.970033254008478,-0.2429721920667541,-1.4877755864818317e-17,5.93974059793987e-17
206.515,0.3949137862177378,0.0,0.5004103584942177,0.9723839088309402,-0.23338709014566736,-1.4290837645460315e-17,5.954134207461013e-17
206.544,0.3944000480089567,0.0,0.49906846840751884,0.9743790915444573,-0.22491195157438382,-1.3771885079277682e-17,5.966351178080128e-17
206.569,0.3939664242258374,0.0,0.4979093463992854,0.9760451357976007,-0.2175681338933696,-1.3322205938448892e-17,5.976552756889376e-17
206.589,0.3936257174160478,0.0,0.4969805736401116,0.9773414746537664,-0.21166870794144646,-1.2960970283007418e-17,5.984490543043445e-17
206.6,0.3934406812354736,0.0,0.4964692102941348,0.9780404829735362,-0.20841500345438663,-1.2761738343734957e-17,5.988770734550363e-17
206.64,0.3927819435648732,0.0,0.4946066432699554,0.9804976048683945,-0.19653103278449874,-1.2034055011632996e-17,6.003816266868628e-17
206.665,0.39238152003399773,0.0,0.49344023202822274,0.9819649026209321,-0.18906329633396143,-1.157678803458167e-17,6.012800874348834e-17
206.696,0.39189710427366453,0.0,0.49199159865136544,0.9837100877434034,-0.17976224095139012,-1.1007262649433759e-17,6.023487051219605e-17
206.728,0.3914111766211237,0.0,0.49049377663840826,0.9854241189556795,-0.1701155659556846,-1.0416574166638481e-17,6.033982465408367e-17
206.739,0.3912474604427424,0.0,0.4899783616915819,0.9859925698385951,-0.16678924492629413,-1.0212895746559501e-17,6.037463223179543e-17
206.781,0.3906380446984723,0.0,0.4880080858017126,0.9880641951168512,-0.15404267697001708,-9.432393564171057e-18,6.050148269509789e-17
206.811,0.3902180115706919,0.0,0.48659868349719154,0.9894469666333758,-0.14489548032982713,-8.872289309842054e-18,6.058615303068108e-17
206.833,0.38991809814575323,0.0,0.48556414759120714,0.9904090357312052,-0.1381663560422154,-8.460249283847632e-18,6.064506277274185e-17
206.865,0.38949414597689747,0.0,0.48405805626348203,0.9917291450722064,-0.12834836506302139,-7.859070722511256e-18,6.072589615669093e-17
206.886,0.3892238591941836,0.0,0.48306893088020797,0.9925439922815339,-0.121886928691449,-7.463421853994236e-18,6.077579115802579e-17
206.925,0.3887386199321503,0.0,0.48123063835040863,0.9939480414411738,-0.10985122172854819,-6.726447353614636e-18,6.086176437348571e-17
206.957,0.3883567526937362,0.0,0.4797212205607008,0.9949931032548945,-0.09994360647482563,-6.119780888231895e-18,6.092575595373992e-17
206.974,0.3881598676163132,0.0,0.4789190292972455,0.9955087720978945,-0.09466934390890423,-5.796825449770977e-18,6.095733156363992e-17
207.003,0.38783360287885565,0.0,0.47755019935253373,0.9963247652899622,-0.08565606849430872,-5.244921505455081e-18,6.100729673617951e-17
207.034,0.38749824340756667,0.0,0.47608658800938375,0.9971077600746348,-0.07600075525246232,-4.653704082635468e-18,6.105524133901942e-17
207.062,0.38720726764578844,0.0,0.47476444099640497,0.9977352394992206,-0.06726359982511211,-4.1187076112476005e-18,6.109366337246192e-17
207.08,0.3870262001839857,0.0,0.47391447224907984,0.9980984738002499,-0.06163957006349075,-3.7743351089536486e-18,6.111590505866672e-17
207.111,0.3867253632070367,0.0,0.47245073589616154,0.998650106729847,-0.05194193227504388,-3.1805260551080542e-18,6.11496828337435e-17
207.121,0.3866312914505597,0.0,0.471978616437468,0.9988080426067657,-0.04881079823196168,-2.988799390929958e-18,6.115935361705043e-17
207.168,0.38620860298005133,0.0,0.46976026736777604,0.9994191449171553,-0.03407891977545873,-2.0867320010707485e-18,6.119677284146895e-17
207.194,0.385988570095854,0.0,0.46853370482799095,0.9996640080438689,-0.0259204749506581,-1.5871713340351294e-18,6.12117663836869e-17
207.207,0.38588224250779635,0.0,0.4679206348780382,0.9997614904487998,-0.021839464636166653,-1.3372815230886654e-18,6.12177354594455e-17
207.249,0.385555544254834,0.0,0.4659411186110816,0.9999625963072437,-0.008649045408385106,-5.296012887529466e-19,6.123004964173715e-17
207.286,0.3852890416722731,0.0,0.46419904070240653,0.9999955760067067,0.002974553246258958,1.8213885559622008e-19,6.123206906590636e-17
207.306,0.38515330062365216,0.0,0.46325819754850667,0.9999571493226742,0.009257403441080928,5.668524746267726e-19,6.122971611012625e-17
207.336,0.38496063423961147,0.0,0.46184815785311434,0.9998255195615415,0.018679679694616907,1.1438004973555202e-18,6.122165611184406e-17
207.362,0.3848042839307238,0.0,0.4606274357312381,0.999639682847331,0.02684221445573282,1.6436116007620006e-18,6.121027689498296e-17
207.377,0.38471857147013544,0.0,0.4599237758508076,0.9995021960920839,0.03154932657128344,1.9318390900388402e-18,6.120185825924603e-17
207.414,0.3845211941220642,0.0,0.458190134464224,0.9990685278026243,0.04315178738241043,2.6422849147678037e-18,6.117530373511711e-17
207.437,0.38440857484192265,0.0,0.45711405303831243,0.9987312967069195,0.050356697450438644,3.0834584174155682e-18,6.115465428602072e-17
207.462,0.3842949218282741,0.0,0.45594589306645733,0.9983060922873631,0.058180289634332014,3.562515273707532e-18,6.112861802445107e-17
207.488,0.38418639917891717,0.0,0.4547327661655065,0.9977992787541842,0.06630685724440538,4.060124024294077e-18,6.109758464589247e-17
207.513,0.3840913513387695,0.0,0.4535680972055449,0.9972500739074788,0.07410998644938603,4.537927884504716e-18,6.106395554801276e-17
207.543,0.383989324105346,0.0,0.45217297083990404,0.9965113049910903,0.08345788773359965,5.110321753827598e-18,6.101871899857453e-17
207.564,0.3839257090595215,0.0,0.45119807980975596,0.9959426643502594,0.08999005126627425,5.510301411917449e-18,6.09838998015416e-17
207.59,0.38385584549505986,0.0,0.44999311255201935,0.9951801809124547,0.0980632832361528,6.0046442964517416e-18,6.093721115646608e-17
207.615,0.3837979456291872,0.0,0.448836720647385,0.9943863676552299,0.10580997978186123,6.478992652885125e-18,6.088860411323703e-17
207.64,0.3837491321022576,0.0,0.44768262011735266,0.9935334570324231,0.11353972766041905,6.952303202769719e-18,6.083637840002806e-17
207.67,0.38370253671130805,0.0,0.44630086926785684,0.9924325091435643,0.12279134658032406,7.518801477629358e-18,6.076896478462212e-17
207.693,0.38367565441154183,0.0,0.4452439731431629,0.9915316525957419,0.1298652451611168,7.9519528403524e-18,6.071380323023304e-17
207.723,0.38365210606529454,0.0,0.4438687482878665,0.9902831718338531,0.13906559453252046,8.515311760788742e-18,6.063735583179082e-17
207.749,0.38364222729497166,0.0,0.44268006676050753,0.9891344804658884,0.1470135352730392,9.001982770173199e-18,6.056701877144152e-17
207.777,0.3836425051869635,0.0,0.4414033891243705,0.9878288730280015,0.15554458400159293,9.52435884611287e-18,6.048707337295397e-17
207.801,0.3836517388361249,0.0,0.4403120401403397,0.9866537483814926,0.1628323702608003,9.970607051873288e-18,6.041511774110664e-17
207.836,0.3836800590381252,0.0,0.43872555949375847,0.9848483850554942,0.17341758403802388,1.0618764460401653e-17,6.030457112018255e-17
207.846,0.38369138210863957,0.0,0.438273417794084,0.9843127906132932,0.1764322256138914,1.080335801822479e-17,6.027177541921843e-17
207.885,0.3837492355183287,0.0,0.4365150734585843,0.9821410346016065,0.18814618824649618,1.1520631360392345e-17,6.013879371680637e-17
207.912,0.38380203009064695,0.0,0.4353025743577201,0.9805610929032196,0.19621402366916466,1.2014643801713275e-17,6.004205018961792e-17
207.932,0.38384784184028653,0.0,0.43440705433785387,0.9793510243625235,0.20216718596269714,1.2379169859092239e-17,5.99679548613623e-17
207.969,0.38394759719419946,0.0,0.43275642717396884,0.9770245340053715,0.21312686351463708,1.3050256560775756e-17,5.982549841290562e-17
207.999,0.38404273865810307,0.0,0.4314240668575725,0.975055783495144,0.22195994925362292,1.3591127069617912e-17,5.970494721237214e-17
208.015,0.38409868707631023,0.0,0.4307157316434798,0.9739760885620057,0.22665078625377857,1.3878357995496042e-17,5.963883496517596e-17
208.042,0.3842012912135142,0.0,0.42952406614319333,0.9721079495151316,0.2345338664020325,1.4361057439045104e-17,5.952444443997013e-17
208.071,0.3843229226061033,0.0,0.4282493586595461,0.9700378460673446,0.24295385816452225,1.4876633237084112e-17,5.939768716190833e-17
208.102,0.38446598556105943,0.0,0.4268929004074028,0.9677535407098307,0.25189895681321534,1.5424362558493075e-17,5.92578137996906e-17
208.123,0.3845705316131155,0.0,0.4259777188110624,0.9661649472249542,0.25792497892565897,1.579334999307284e-17,5.916054050337058e-17
208.147,0.38469753716257743,0.0,0.4249355515955393,0.9643094444620035,0.26477782256333726,1.621296564436984e-17,5.904692372739775e-17
208.178,0.38487342511190675,0.0,0.4235954814296782,0.9618508552950985,0.2735743631411532,1.6751598407479445e-17,5.889637855971432e-17
208.188,0.3849330017328787,0.0,0.42316468626250087,0.9610431285074377,0.2763984535930631,1.6924524074101147e-17,5.88469195584596e-17
208.225,0.3851654309775783,0.0,0.42157718535090505,0.9579937767963811,0.28678898796746993,1.7560760807253543e-17,5.86602006178386e-17
208.251,0.385340018715242,0.0,0.42046783451390796,0.9557949294176679,0.29403410159278337,1.8004396067788492e-17,5.852556004763086e-17
208.286,0.3855896438425626,0.0,0.41898276091513537,0.9527639686868008,0.3037117382851324,1.8596980407718304e-17,5.833996722976099e-17
208.314,0.3858013534848118,0.0,0.4178017061728217,0.9502821666681681,0.3113901149883407,1.9067145380329885e-17,5.818800068484918e-17
208.344,0.38603997178203725,0.0,0.41654336351633126,0.9475685249733472,0.31955264117174037,1.9566955958502728e-17,5.802183805406943e-17
208.373,0.38628216965909024,0.0,0.41533407117198284,0.9448932629973679,0.32737855999162024,2.0046155280160375e-17,5.785802550328124e-17
208.402,0.38653564768701393,0.0,0.41413191259951154,0.9421684100944271,0.3351398022022145,2.0521394301690953e-17,5.769117638399455e-17
208.431,0.3868003470120682,0.0,0.41293703393429987,0.9393955750313793,0.34283516974118095,2.099259966293384e-17,5.75213892047683e-17
208.449,0.3869702606547072,0.0,0.4121991105787818,0.9376510877612176,0.34757795905408795,2.128301175048793e-17,5.741457016719046e-17
208.486,0.3873329679005383,0.0,0.41069139836839835,0.9340107996735769,0.3572447705609213,2.1874933238978143e-17,5.719166680946529e-17
208.496,0.3874340878558461,0.0,0.41028604731686835,0.933014723305884,0.3598381943241223,2.203373464449998e-17,5.713067472269521e-17
208.528,0.38776646380444985,0.0,0.4089951436569892,0.9297935751751056,0.3680813871456898,2.2538484629684335e-17,5.693343628529835e-17
208.558,0.38809017354735353,0.0,0.40779365929236194,0.9267286676527294,0.3757312557541586,2.3006903984947294e-17,5.674576482595032e-17
208.564,0.3881563147811695,0.0,0.40755439135054283,0.9261106235636801,0.37725205489498875,2.310002607494548e-17,5.670792054018102e-17
208.569,0.38821178772829856,0.0,0.40735526556906104,0.9255943244219331,0.37851703607355014,2.3177483832510822e-17,5.667630633561386e-17
208.634,0.38896216117135785,0.0,0.4047888157665599,0.9187821294347142,0.3947649916487178,2.4172384171901695e-17,5.62591796963006e-17
208.66,0.38927739784949167,0.0,0.4037739885242022,0.916007826137268,0.4011603949236222,2.4563989679395103e-17,5.608930261364652e-17
208.684,0.38957596942703787,0.0,0.40284331615835184,0.9134235386534982,0.4070103672312552,2.4922197172477274e-17,5.593106064389276e-17
208.711,0.38992051121898064,0.0,0.4018033987991253,0.9104906724163501,0.4135296064888496,2.5321385446961712e-17,5.575147438141022e-17
208.734,0.39022118891343244,0.0,0.4009235429161566,0.9079720221548843,0.4190307947919465,2.5658236079306435e-17,5.559725153236643e-17
208.755,0.39050145462318336,0.0,0.4001250775260273,0.9056569013449988,0.4240112935361216,2.5963203671567005e-17,5.545549126789315e-17
208.77,0.39070497846419794,0.0,0.39955762711421783,0.9039945913313867,0.4275438911311903,2.617951288844083e-17,5.535370413602512e-17
208.81,0.39126120156250727,0.0,0.39805632032287974,0.8995286049551712,0.43686186474376953,2.6750074216400066e-17,5.5080241339991717e-17
208.84,0.39169115038892943,0.0,0.39694185579859076,0.8961497037826988,0.44375185454280774,2.717196441407757e-17,5.487334331471654e-17
208.849,0.3918222559198905,0.0,0.39660946617142356,0.895131466800705,0.4458022623801032,2.7297515683822093e-17,5.481099428167793e-17
208.886,0.3923714561246788,0.0,0.39525254530361625,0.8909248727771886,0.4541507140443032,2.780871091424204e-17,5.4553414686367345e-17
208.905,0.3926598213184193,0.0,0.39456179200535435,0.8887527851767174,0.45838683100698646,2.8068098268200234e-17,5.442041267999811e-17
208.948,0.3933281775104343,0.0,0.39301388432466383,0.8838104296473795,0.46784519282185033,2.864725589428776e-17,5.4117780686035516e-17
208.97,0.3936784986048561,0.0,0.39223028376985003,0.8812690541504399,0.47261491110288617,2.893931690557302e-17,5.396216631764758e-17
208.989,0.39398556956567954,0.0,0.3915581443285402,0.8790681289925736,0.4766961554171546,2.918922104487338e-17,5.3827398520160393e-17
209.022,0.39452878437624145,0.0,0.3904010003028399,0.8752336478303362,0.4837003842313991,2.961810636476639e-17,5.359260426607415e-17
209.034,0.3947294050460145,0.0,0.3899834774788726,0.8738360111423016,0.48622075812424065,2.977243475579254e-17,5.3507023701255526e-17
209.069,0.39532387310576456,0.0,0.38877573480765426,0.8697512547893955,0.49349037963497533,3.021757069149924e-17,5.325690451161136e-17
209.095,0.39577439434576067,0.0,0.38788832370856463,0.8667103193511011,0.49881181053611034,3.0543414357497174e-17,5.3070700919065315e-17
209.116,0.3961437736807008,0.0,0.3871777152255047,0.8642511343537111,0.5030606094381903,3.080357825627983e-17,5.292011926728707e-17
209.143,0.39662584513670207,0.0,0.3862722254272016,0.8610865431551612,0.5084584203227386,3.1134098847388067e-17,5.272634394319137e-17
209.167,0.39706105264611447,0.0,0.3854751142165984,0.8582720610194922,0.5131949622447138,3.142412839257678e-17,5.255400661625614e-17
209.186,0.3974100256525428,0.0,0.38484929939202617,0.8560436419754027,0.5169035529317714,3.165121407828941e-17,5.241755530378099e-17
209.216,0.3979689407876737,0.0,0.38387066941034925,0.8525259192965465,0.5226849499723311,3.2005222547305485e-17,5.2202156912833525e-17
209.246,0.39853743871462083,0.0,0.3829037829647238,0.8490110011179288,0.5283751697238737,3.2353648017564066e-17,5.198693024799807e-17
209.277,0.39913483508591396,0.0,0.3819171388608031,0.8453840146048247,0.5341590286147277,3.270780723143429e-17,5.1764841376806894e-17
209.298,0.3995452054099914,0.0,0.38125603849783335,0.8429310793824624,0.5380215566416617,3.294431886067437e-17,5.16146424133778e-17
209.333,0.4002392346994471,0.0,0.3801673862217063,0.8388522412274246,0.5443591804936577,3.333238639890171e-17,5.136488560883745e-17
209.349,0.400560659314143,0.0,0.37967524890845816,0.8369922600219613,0.5472147262851482,3.350723814957009e-17,5.12509946073502e-17
209.384,0.40127275188269157,0.0,0.37861091517696766,0.8329355564867044,0.5533700016627067,3.388414006401996e-17,5.1002593157373093e-17
209.405,0.40170585939915066,0.0,0.37798042609322535,0.8305104718742902,0.5570030126553571,3.4106597828190786e-17,5.085409955196037e-17
209.425,0.4021223773409081,0.0,0.37738566159669884,0.8282078516182924,0.5604210511015915,3.431589232031796e-17,5.0713104725652387e-17
209.45,0.4026485048672131,0.0,0.3766500815352487,0.8253400481965152,0.5646359932230446,3.457398308919941e-17,5.053750241159923e-17
209.482,0.4033307278792173,0.0,0.3757214083020417,0.8216879097519887,0.5699376974436835,3.489861884439098e-17,5.0313873428792606e-17
209.507,0.40387048540548487,0.0,0.3750060189067653,0.8188506266308299,0.5740066648274194,3.5147771238507334e-17,5.014013994416251e-17
209.512,0.4039791425362422,0.0,0.3748640145295963,0.8182849580065079,0.5748127760412842,3.519713131439816e-17,5.010550273065481e-17
209.537,0.40452592463217213,0.0,0.37415938865200826,0.8154660350361304,0.5788049288857626,3.544158017453303e-17,4.9932893481019023e-17
209.563,0.4051007022899035,0.0,0.3734361686634914,0.8125518681847526,0.5828888929371261,3.5691650849699786e-17,4.9754452225682964e-17
209.603,0.4059969814431997,0.0,0.3723427798627237,0.8081061543434932,0.5890368777183398,3.606810634387579e-17,4.9482230764401796e-17
209.635,0.40672430477851107,0.0,0.37148502530722094,0.8045849713315197,0.5938375399951216,3.6362062128428196e-17,4.9266620489160527e-17
209.665,0.4074143345959765,0.0,0.37069469319427373,0.8013145509376527,0.5982432535813405,3.6631834280494346e-17,4.9066364995799756e-17
209.676,0.4076692987053318,0.0,0.37040827515923086,0.800123201512644,0.5998356961711738,3.672934326651761e-17,4.899341588279961e-17
209.711,0.40848742168380087,0.0,0.36950905439325027,0.7963617408785372,0.6048206161043996,3.7034581578529156e-17,4.8763092846515726e-17
209.738,0.40912559227536444,0.0,0.36882803678849924,0.7934917173715756,0.6085810500358252,3.7264841747405426e-17,4.8587354591451815e-17
209.762,0.40969792136241817,0.0,0.3682320144588183,0.7909648670491938,0.6118615685707439,3.7465715573572016e-17,4.843262963349035e-17
209.794,0.41046832107220677,0.0,0.36745106262988264,0.7876328446828358,0.6161448709328221,3.772799219994698e-17,4.8228602107207964e-17
209.816,0.4110027293127518,0.0,0.3669233252974748,0.7853676419708102,0.6190296171793472,3.790463196280495e-17,4.808989844467286e-17
209.842,0.41163921762249206,0.0,0.36630932416379935,0.782718457664627,0.6223759442901914,3.810953540206472e-17,4.7927682690626926e-17
209.869,0.4123057311356275,0.0,0.3656828784132705,0.7800004222410375,0.6257789875857156,3.8317911706025895e-17,4.7761251021553525e-17
209.888,0.4127780922347096,0.0,0.3652489045458589,0.7781085352321332,0.6281298491545393,3.846186046080082e-17,4.7645406353063373e-17
209.92,0.4135797625415374,0.0,0.3645308783912319,0.7749622912944543,0.6320074739048972,3.869929649774184e-17,4.7452754474682605e-17
209.946,0.4142366697775478,0.0,0.3639594443590303,0.7724441307739713,0.6350827228265967,3.888760118516887e-17,4.7298561613625175e-17
209.967,0.414770813714891,0.0,0.36350577273092044,0.770435948045844,0.6375174114945422,3.903668286937486e-17,4.717559588611997e-17
209.993,0.41543647081451046,0.0,0.36295387638496734,0.767982295840775,0.6404710713803804,3.921754237562294e-17,4.702535302016204e-17
210.024,0.4162362878498634,0.0,0.3623100769516878,0.7651052870944482,0.6439051946211661,3.942782177735823e-17,4.684918704254664e-17
210.056,0.41706876251983027,0.0,0.3616618367470135,0.7621924147846174,0.647350540931877,3.9638788393926545e-17,4.6670825055018674e-17
210.084,0.41780275630783664,0.0,0.3611083079404881,0.7596924462762394,0.6502825440305338,3.981832180441955e-17,4.651774613343096e-17
210.112,0.41854183333056744,0.0,0.3605676150071729,0.7572392039518377,0.6531376485844214,3.999314653707702e-17,4.6367528365425394e-17
210.129,0.41899298851041605,0.0,0.36024562592339787,0.755773001899672,0.6548336961393774,4.009699949754595e-17,4.627774938292099e-17
210.16,0.4198203074014768,0.0,0.35967075385359504,0.7531455261454051,0.6578539476564391,4.028193656519543e-17,4.6116862894305975e-17
210.193,0.4207074097030651,0.0,0.3590763064490959,0.7504154682005625,0.6609664326464171,4.0472521304213964e-17,4.5949695058124066e-17
210.218,0.42138373858871175,0.0,0.35863804804118177,0.7483942102598795,0.663254179066737,4.0612605370759246e-17,4.582592870475863e-17
210.256,0.4224186168139818,0.0,0.3579919388457822,0.7454012007334002,0.6666161188759279,4.0818464812071826e-17,4.5642659727937616e-17
210.286,0.4232412950676883,0.0,0.3574990110193531,0.7431072830666352,0.6691722990779906,4.097498570719683e-17,4.550219778153205e-17
210.322,0.4242348825992346,0.0,0.3569275812500814,0.7404367065020077,0.6721260920872362,4.115585336490265e-17,4.5338672129444595e-17
210.363,0.42537462184324304,0.0,0.35630360192838473,0.7375066783181554,0.6753398399592022,4.1352638667136136e-17,4.515925964760629e-17
210.373,0.4256538825865929,0.0,0.35615576041774344,0.736810341763145,0.6760994899205867,4.1399153811820234e-17,4.5116621330945145e-17
210.41,0.42669135263400304,0.0,0.3556236298961095,0.7342973052791889,0.6788280102203514,4.156622749439601e-17,4.496274222663428e-17
210.43,0.4272548318215512,0.0,0.35534577510221976,0.7329809557571187,0.6802491591302269,4.1653247767575546e-17,4.488213906519616e-17
210.46,0.42810345913407705,0.0,0.3549419100772194,0.7310625569566943,0.6823104409401487,4.1779464876108614e-17,4.4764671017674765e-17
210.492,0.42901301500662115,0.0,0.35452825910257785,0.7290914595060493,0.6844162795224401,4.190841030007482e-17,4.4643976108487766e-17
210.515,0.4296694312711293,0.0,0.354241908938751,0.727723290240466,0.6858708426821996,4.1997476605962676e-17,4.456019990289835e-17
210.541,0.43041406009196154,0.0,0.3539292796600428,0.7262261332517199,0.6874558919539894,4.209453288182209e-17,4.44685254771939e-17
210.572,0.43130534723271763,0.0,0.353571925781266,0.7245104199465084,0.6892638474408287,4.220523822682002e-17,4.4363468336819814e-17
210.599,0.4320845694694624,0.0,0.35327436414803126,0.7230782255186659,0.6907661541945851,4.229722798468628e-17,4.427577172072911e-17
210.615,0.43254757312678704,0.0,0.3531040561400943,0.7222570652210637,0.6916247044013509,4.2349799022817436e-17,4.422549015422684e-17
210.658,0.43379626477996136,0.0,0.3526686262244858,0.7201527953052109,0.6938155024313675,4.248394671256934e-17,4.409664078337728e-17
210.673,0.43423329059443877,0.0,0.35252438591515783,0.719454218750745,0.6945398671939251,4.252830126196341e-17,4.4053865306307975e-17
210.705,0.43516796223704346,0.0,0.35222993669590863,0.7180258191752947,0.6960164674759117,4.261871695241116e-17,4.3966401057909045e-17
210.729,0.4358709725573915,0.0,0.3520209735793147,0.7170102174384735,0.6970626572187273,4.2682777598403153e-17,4.390421338709872e-17
210.759,0.4367520175627162,0.0,0.3517741115208247,0.7158083869388313,0.698296751523325,4.275834408040173e-17,4.383062249337349e-17
210.78,0.4373701788927638,0.0,0.3516108058053865,0.7150121362442401,0.6991120403937042,4.280826612567625e-17,4.3781866200150995e-17
210.79,0.4376649366883749,0.0,0.3515357939217016,0.7146460689746175,0.6994862372478291,4.2831179074659e-17,4.3759451044650196e-17
210.836,0.43902391148650516,0.0,0.3512136494821537,0.7130716611113967,0.7010911539306663,4.2929451878585745e-17,4.366304636713791e-17
210.863,0.43982377253299465,0.0,0.3510421219223597,0.7122318364915049,0.7019443076825527,4.298169247915715e-17,4.3611621940508124e-17
210.894,0.44074395518877485,0.0,0.35086122838499073,0.7113450099283749,0.7028429958746122,4.303672126004901e-17,4.3557319474911324e-17
210.92,0.44151710106985786,0.0,0.3507227544924739,0.710665351440191,0.7035302113359381,4.3078801070800873e-17,4.351570239530794e-17
210.941,0.44214240756745465,0.0,0.35061974020915054,0.7101592901888788,0.7040410375528033,4.311008015537111e-17,4.348471508072834e-17
210.962,0.44276840735556827,0.0,0.3505246238007085,0.709691689996849,0.7045123882157194,4.313894205940191e-17,4.3456082826805836e-17
210.992,0.44366378583208255,0.0,0.3504024556991868,0.7090906263102125,0.7051173545439019,4.3175985563271944e-17,4.341927829080968e-17
211.008,0.4441417977371008,0.0,0.350343900644882,0.7088023477621199,0.7054071390388013,4.3193729745977993e-17,4.3401626320750466e-17
211.054,0.44551766774229745,0.0,0.35020115778184796,0.7080990817022748,0.7061130861925696,4.3236956542089476e-17,4.335856369429355e-17
211.07,0.44599670561612287,0.0,0.3501604193221272,0.7078982377561936,0.7063144377553637,4.324928576943343e-17,4.334626554950873e-17
211.1,0.4468954348406066,0.0,0.3500964395079864,0.7075826923803878,0.7066305494696089,4.32686420293846e-17,4.332694396778541e-17
211.131,0.447824706915821,0.0,0.3500473325525174,0.7073404000894699,0.7068730850734584,4.3283493051931275e-17,4.331210784385887e-17
211.145,0.4482445259266827,0.0,0.35003082263924673,0.7072589213223721,0.7069546083094124,4.328848491042963e-17,4.3307118708292637e-17
211.177,0.4492043441568249,0.0,0.3500063309246698,0.7071380333127832,0.707075527678995,4.3295889086375347e-17,4.329971645259272e-17
211.209,0.4501643253355612,0.0,0.3500002700286001,0.7071081141913139,0.7071054481792682,4.3297721188619774e-17,4.3297884434775683e-17
211.248,0.451334237513741,0.0,0.35001780381491954,0.707194664715039,0.7070188867339992,4.3292420828775854e-17,4.330318412586791e-17
211.272,0.4520540044098141,0.0,0.3500422001139396,0.707315071818148,0.7068984291812284,4.328504493095416e-17,4.331055693453876e-17
211.292,0.45265363291947375,0.0,0.35007044769786855,0.707454460268603,0.7067589310691869,4.3276503135134224e-17,4.3319092015523156e-17
211.313,0.45328301350819894,0.0,0.35010785213959417,0.707638989643872,0.7065741718572792,4.326518989626044e-17,4.333039118096174e-17
211.333,0.45388215518913516,0.0,0.35015084893353066,0.7078510463566157,0.7063617318144042,4.3252181695334564e-17,4.334337590968671e-17
211.37,0.4549897126889083,0.0,0.3502493483923009,0.7083365888061346,0.7058748309427735,4.322236761563733e-17,4.337310681001938e-17
211.385,0.45543835035645747,0.0,0.35029628751000336,0.7085678481464175,0.7056426890240948,4.320815302275444e-17,4.33872673605619e-17
211.416,0.45636473647945774,0.0,0.3504060961038895,0.7091085447203932,0.705099334707193,4.3174882166504606e-17,4.342037547699337e-17
211.436,0.45696176677039285,0.0,0.3504860909479972,0.7095021670906371,0.7047032530744339,4.3150629161316637e-17,4.3444477895782965e-17
211.468,0.4579158365991042,0.0,0.3506289972025751,0.7102047810389518,0.7039951484132647,4.3107270255978527e-17,4.348750059192496e-17
211.488,0.4585113191030554,0.0,0.35072762700331683,0.7106892784003073,0.7035060408886696,4.3077321057756813e-17,4.3517167499063925e-17
211.518,0.4594032507235718,0.0,0.35088898968235066,0.7114811853576909,0.7027051464746897,4.302828041873004e-17,4.3565657815093045e-17
211.538,0.45999694090787635,0.0,0.3510055009180611,0.7120523976575406,0.7021263297941102,4.2992838118971794e-17,4.360063448082527e-17
211.569,0.46091556202047057,0.0,0.35120020308648764,0.7130058637388575,0.7011580693923487,4.2933549268883883e-17,4.365901744005429e-17
211.604,0.46195018249534475,0.0,0.3514406130653761,0.7141812828800974,0.6999607811754444,4.286023650975944e-17,4.3730991104503084e-17
211.626,0.4625990316280865,0.0,0.35160288418029956,0.7149734873088495,0.6991515661467279,4.2810686380022463e-17,4.3779499635400166e-17
211.648,0.46324666001702175,0.0,0.3517737534774268,0.715806642232509,0.6982985399782967,4.275845359168456e-17,4.383051566092284e-17
211.682,0.4642449929826043,0.0,0.3520547079563459,0.7171742799585326,0.6968938600432353,4.2672441752369584e-17,4.3914259319101235e-17
211.696,0.4646551260178492,0.0,0.35217634460651853,0.7177655016279664,0.696284916304205,4.263515470232637e-17,4.3950461205354166e-17
211.732,0.46570707370962955,0.0,0.3525050286243739,0.7193604112170788,0.6946370266359225,4.2534250561945864e-17,4.404812125151597e-17
211.759,0.46649337368981486,0.0,0.35276654157228193,0.7206265834809789,0.6933233929275225,4.245381369613366e-17,4.412565194202368e-17
211.785,0.4672482762591654,0.0,0.35303049158712346,0.7219020387513401,0.691995264757396,4.2372489300513517e-17,4.420375105273886e-17
211.813,0.46805863266561837,0.0,0.3533280166349105,0.7233366987260859,0.6904954889614036,4.228065451911347e-17,4.429159864003572e-17
211.823,0.46834736470189336,0.0,0.35343760465976337,0.7238643181291272,0.6899423518957607,4.224678464226701e-17,4.432390601069085e-17
211.861,0.4694411435903237,0.0,0.35386998147478643,0.7259417557869273,0.6877561829638417,4.211292040302351e-17,4.4451112379593507e-17
211.886,0.4701576856365472,0.0,0.35416817374864673,0.7273705003853175,0.6862449673179489,4.2020385132845306e-17,4.453859775455439e-17
211.912,0.4709002084926901,0.0,0.354489822068312,0.7289079835322443,0.6846116793796009,4.192037509055611e-17,4.463274144528573e-17
211.943,0.47178181271361563,0.0,0.35488864440611956,0.7308090919789457,0.6825819152899592,4.1796087885785916e-17,4.4749150763989975e-17
211.964,0.47237665332276096,0.0,0.3551682544839724,0.7321384545695472,0.6811558436514474,4.1708766182413e-17,4.4830550746064294e-17
211.984,0.47294132835743224,0.0,0.355441619391544,0.7334353439233298,0.679759219344664,4.162324760806732e-17,4.4909962315862195e-17
212.015,0.47381291921344854,0.0,0.355878927407922,0.7355042776364917,0.6775200790961272,4.1486139811156685e-17,4.503664796833579e-17
212.04,0.474512477342842,0.0,0.3562435947449989,0.7372241408263566,0.6756482562567896,4.13715237187184e-17,4.5141959215857756e-17
212.07,0.47534787947031065,0.0,0.35669528738898904,0.739347609339172,0.6733239284062694,4.122919968560297e-17,4.5271984161723233e-17
212.086,0.47579156374269316,0.0,0.3569424567860422,0.7405063813400725,0.6720493279474589,4.1151152916999267e-17,4.5342938482815457e-17
212.116,0.4766198794257224,0.0,0.3574176098261233,0.7427275974469608,0.6695936947064729,4.10007887475766e-17,4.547894874259122e-17
212.136,0.47716942517267624,0.0,0.35774283878541835,0.7442431080891917,0.6679088231650633,4.0897620120568514e-17,4.557174700544531e-17
212.162,0.47788056316689553,0.0,0.3581757188672037,0.7462541265199534,0.665661159038096,4.075999038663607e-17,4.569488636965824e-17
212.203,0.47899423801872665,0.0,0.3588813973888326,0.7495174340107177,0.6619846041366744,4.05348663270403e-17,4.5894706323318146e-17
212.223,0.4795339610128959,0.0,0.3592358276895491,0.7511493915609906,0.6601322530808154,4.042144253746755e-17,4.599463490283245e-17
212.244,0.4800981120652781,0.0,0.35961514543523126,0.752890703643823,0.6581455677634767,4.0299793146727956e-17,4.610125951626032e-17
212.301,0.48161577308459813,0.0,0.36068153166947203,0.7577569913641564,0.6525368510963513,3.995635830104198e-17,4.6399233700282136e-17
212.332,0.482432550048817,0.0,0.36128394584980833,0.7604869640027092,0.649353199408413,3.976141585858029e-17,4.6566396312960314e-17
212.358,0.4831127553321215,0.0,0.36180131282055117,0.7628205060851619,0.6466102964660998,3.959346149314651e-17,4.670928455505788e-17
212.392,0.4839954355542067,0.0,0.3624944578716722,0.7659308703082923,0.6429229362130284,3.936767579658516e-17,4.6899739434559836e-17
212.411,0.4844852614122509,0.0,0.36288995254815753,0.7676973436331015,0.6408126002028047,3.9238454984582865e-17,4.700790472971017e-17
212.449,0.4854573473957876,0.0,0.3636983696205891,0.771289448951363,0.6364845527868708,3.8973438513858795e-17,4.7227857743720625e-17
212.47,0.48599014037548494,0.0,0.3641550453147329,0.7733075125780834,0.6340311435491931,3.8823210525362766e-17,4.735142850176757e-17
212.501,0.4867707771958671,0.0,0.3648420137694768,0.7763280753824905,0.6303290564244346,3.8596523067987764e-17,4.7536384630269604e-17
212.511,0.48702108126999727,0.0,0.3650668655327517,0.77731276825671,0.6291143459698645,3.8522143504483755e-17,4.7596679679097417e-17
212.542,0.4877922509429209,0.0,0.3657739278537238,0.7803964184993663,0.6252850789786703,3.8287668526291425e-17,4.778549879906536e-17
212.56,0.4882366701841211,0.0,0.3661914057842243,0.7822079993177699,0.6230173719915776,3.814881152113407e-17,4.7896426131598094e-17
212.609,0.4894337102070247,0.0,0.3673534697611809,0.7872147700526941,0.616678932517468,3.776069404045619e-17,4.820300241932758e-17
212.625,0.4898204629036695,0.0,0.36774097783359777,0.7888725982823828,0.6145567701028134,3.7630749070037315e-17,4.8304515121078795e-17
212.65,0.4904206285606607,0.0,0.3683543473519878,0.7914846419448915,0.6111890555019509,3.7424536024717906e-17,4.846445666660502e-17
212.67,0.4908970843111643,0.0,0.36885193631865715,0.7935927478273724,0.608449299938623,3.725677438066412e-17,4.8593540922667216e-17
212.706,0.4917463337701881,0.0,0.36976293844292885,0.7974269926554657,0.6034154384704288,3.694853926394536e-17,4.88283207054608e-17
212.729,0.4922831873182843,0.0,0.37035522839995605,0.799902196655658,0.6001303823215861,3.674738758906039e-17,4.897988323826441e-17
212.762,0.49304552409170666,0.0,0.37121890263495855,0.8034865285843503,0.5953229362148498,3.645301641472598e-17,4.919936026944215e-17
212.788,0.4936394679125381,0.0,0.37191080378932284,0.806336521760647,0.5914570260593256,3.6216297689838287e-17,4.937387202048932e-17
212.814,0.4942274278220819,0.0,0.3726127049484326,0.809208132383875,0.5875220834009569,3.5975351943268306e-17,4.954970745839601e-17
212.84,0.494809320203557,0.0,0.37332453681974587,0.8121001768128313,0.5835180398415872,3.573017498683688e-17,4.972679410604167e-17
212.868,0.49542909285669057,0.0,0.3741021503194838,0.8152361660772941,0.5791286502320486,3.546140239006027e-17,4.9918818066785914e-17
212.897,0.49606337100215747,0.0,0.37491949646805783,0.8185060653012773,0.5744978860405155,3.517784986282191e-17,5.0119041647695186e-17
212.931,0.4967969708601581,0.0,0.3758931296455784,0.8223658741358856,0.5689590223001308,3.483869227529314e-17,5.035538677442637e-17
212.948,0.4971596553298225,0.0,0.376386117273686,0.8243055455214492,0.5661451824599287,3.46663942776123e-17,5.047415739211278e-17
212.968,0.4975827905022406,0.0,0.3769713328194382,0.8265952287251456,0.5627968797433265,3.446136986738913e-17,5.061436005243619e-17
212.999,0.49823097953904916,0.0,0.37788951433240975,0.8301594471293816,0.5575260463349129,3.41386244042665e-17,5.0832605485446676e-17
213.014,0.49854123780291637,0.0,0.3783386062092163,0.8318901623387913,0.5549403191370577,3.398029427745042e-17,5.093858122751864e-17
213.049,0.4992564925776597,0.0,0.37939858458311754,0.8359422452455828,0.5488174219298927,3.360537495413727e-17,5.118669974560274e-17
213.082,0.49991960785383255,0.0,0.3804133676194416,0.8397781490892583,0.5429297010776067,3.324485602933602e-17,5.142158111380245e-17
213.107,0.5004145895511779,0.0,0.38119197672316635,0.8426924206676429,0.5383952861507132,3.296720319302471e-17,5.160002878181819e-17
213.129,0.5008448527963971,0.0,0.3818841029306068,0.8452618700414006,0.5343522911470618,3.271964114851519e-17,5.1757362179375364e-17
213.155,0.5013468594876909,0.0,0.38271038926786527,0.8483032684212664,0.5295106842980574,3.242317823199703e-17,5.1943594118917094e-17
213.187,0.5019549638504509,0.0,0.3837396141928757,0.8520517867450623,0.5234574984700734,3.2052527499552795e-17,5.217312466725619e-17
213.202,0.5022362736031197,0.0,0.38422667908522845,0.8538102602305473,0.5205843250858069,3.187659637013093e-17,5.228080011352542e-17
213.227,0.5026997700891023,0.0,0.3850449442894838,0.856742070384674,0.515745116150393,3.158028028347293e-17,5.246032170957337e-17
213.253,0.5031746489205913,0.0,0.3859044767429753,0.8597914069210427,0.510645411792502,3.1268013452548484e-17,5.264703972101272e-17
213.283,0.5037134264752332,0.0,0.386906951378292,0.8633084785175819,0.5046766003290204,3.090252915987514e-17,5.2862398244666406e-17
213.318,0.5043294597930796,0.0,0.38809083539457956,0.8674072235122315,0.49759894352661316,3.0469147672448567e-17,5.3113373991577354e-17
213.354,0.5049488364082116,0.0,0.38932443302281533,0.8716147401147347,0.4901915389056847,3.0015574954498097e-17,5.33710100785581e-17
213.389,0.5055369776970989,0.0,0.3905389921607832,0.8756939295340331,0.48286658796943477,2.9567051068598606e-17,5.3620788391831076e-17
213.408,0.5058504032933215,0.0,0.39120453402847266,0.8779024432307808,0.4788395348855664,2.9320465185140814e-17,5.3756020853310834e-17
213.434,0.5062725709802763,0.0,0.3921222774279186,0.8809166957802993,0.4732713546111994,2.8979512477636866e-17,5.394059059014031e-17
213.459,0.5066711122083681,0.0,0.3930122768893172,0.8838052434758019,0.4678549899324346,2.864785579429366e-17,5.41174631246144e-17
213.47,0.5068441604457401,0.0,0.393406201647507,0.8850728567166001,0.46545250918167436,2.850074627622208e-17,5.4195082049509414e-17
213.505,0.5073853087779884,0.0,0.39466895198628915,0.8890911061380299,0.4577302753655853,2.802789582996503e-17,5.44411288641159e-17
213.535,0.5078376053402038,0.0,0.3957625083485503,0.8925151893127443,0.4510173354163188,2.7616846808878147e-17,5.465079348911232e-17
213.561,0.5082208984544633,0.0,0.3967185021939409,0.8954660159888659,0.4451298846505683,2.725634442210745e-17,5.483147951129986e-17
213.586,0.5085817743995698,0.0,0.39764485518861226,0.8982874075833291,0.43940839019893774,2.6906003928781015e-17,5.5004239920564894e-17
213.614,0.5089769562433637,0.0,0.3986905619884087,0.9014273316277188,0.432930439902914,2.6509343874027962e-17,5.5196504817091274e-17
213.641,0.5093489533973219,0.0,0.39970701171083906,0.9044335732220454,0.42661447658137797,2.61226026607654e-17,5.538058402438906e-17
213.673,0.509778216797824,0.0,0.40092182818818245,0.9079670803758779,0.41904150266256934,2.565889174728063e-17,5.559694893567433e-17
213.693,0.5100400604774409,0.0,0.4016865961097767,0.9101582777696327,0.4142606780849664,2.536615067146831e-17,5.573112107940241e-17
213.723,0.5104234643599362,0.0,0.40284157797912895,0.9134186762884702,0.4070212793054177,2.4922865344312032e-17,5.593076290990437e-17
213.743,0.510672789720836,0.0,0.4036167207411021,0.9155738134278111,0.4021499622842899,2.4624583204434223e-17,5.606272699987523e-17
213.779,0.5111088326057605,0.0,0.40502220744365824,0.9194137158526531,0.39329177349903593,2.408217557732901e-17,5.629785321055628e-17
213.789,0.5112270329260025,0.0,0.4054149259635349,0.9204710081473066,0.39081085343204186,2.3930263036379773e-17,5.636259369177682e-17
213.819,0.5115739647839557,0.0,0.4065990095180119,0.9236173972121592,0.38331567091241714,2.3471315472295593e-17,5.655525445663402e-17
213.85,0.5119203113592335,0.0,0.40783177592921266,0.9268268897023515,0.3754889033309309,2.299206417897872e-17,5.675177919188408e-17
213.873,0.5121692491296459,0.0,0.4087523602817882,0.9291794448607861,0.3696289480657614,2.26332454060469e-17,5.689583164911382e-17
213.908,0.5125348610953894,0.0,0.41016280197225036,0.9327104119272984,0.3606262434743335,2.208198873796883e-17,5.711204102490877e-17
213.934,0.5127960807015205,0.0,0.4112178922623433,0.9352935733348061,0.3538727619902522,2.1668457263839774e-17,5.727021404237803e-17
213.974,0.5131805654510326,0.0,0.4128530543254457,0.9391982768802271,0.34337530008026557,2.1025673107477956e-17,5.750930817730398e-17
213.992,0.5133466685184632,0.0,0.4135935150529825,0.9409269558501465,0.3386096037542,2.0733858369906732e-17,5.761515923566724e-17
214.017,0.5135702095813717,0.0,0.41462661984883464,0.9432976156586128,0.331948201219371,2.0325965105301213e-17,5.776032028298252e-17
214.036,0.5137345133382909,0.0,0.4154153729341442,0.9450751923741765,0.3268529956401092,2.001397374511918e-17,5.786916546473022e-17
214.061,0.5139433202565205,0.0,0.41645785825230586,0.9473815346588673,0.3201065881662066,1.9600875429186244e-17,5.801038819956446e-17
214.097,0.5142291961479689,0.0,0.41796814825266815,0.950635740571023,0.31030902137866173,1.9000947488896283e-17,5.820965084226885e-17
214.133,0.5144975008496829,0.0,0.4194889383374333,0.9538082823284492,0.300415979204924,1.83951733673014e-17,5.840391299768851e-17
214.151,0.5146250318546015,0.0,0.42025318205783774,0.9553630171643254,0.2954344350861575,1.8090141764308465e-17,5.849911304970245e-17
214.184,0.5148473218825191,0.0,0.4216608099379379,0.9581572645155422,0.28624230374997583,1.7527286053398615e-17,5.867021135343713e-17
214.215,0.5150425072182598,0.0,0.4229906395468094,0.9607144024865495,0.2775388925086214,1.6994355817479227e-17,5.882679089499574e-17
214.232,0.5151439152773469,0.0,0.4237229226577676,0.9620881851167544,0.2727385635709581,1.670042044406104e-17,5.891091082003597e-17
214.268,0.5153454478888005,0.0,0.4252805393820677,0.9649291490150007,0.26251045194655875,1.6074129235953914e-17,5.908486968726e-17
214.283,0.5154241054900045,0.0,0.42593225861700423,0.9660850409770293,0.25822411506366255,1.5811666798768608e-17,5.915564765683292e-17
214.308,0.5155482315383004,0.0,0.4270219235290739,0.9679744305425704,0.2510488036533665,1.5372305691193382e-17,5.927133940102204e-17
214.349,0.5157328733876643,0.0,0.4288181239275251,0.9709706761304624,0.23919854952476746,1.4646686901809805e-17,5.945480652945561e-17
214.359,0.5157743302145736,0.0,0.42925790535117264,0.9716818365243283,0.2362930565393502,1.4468776767582988e-17,5.949835254445701e-17
214.411,0.5159671985868199,0.0,0.4315550623668385,0.975252944146279,0.22109205081597738,1.3537983617435533e-17,5.971701982038865e-17
214.429,0.5160250602381125,0.0,0.4323541482476951,0.9764386608164388,0.2157951381820259,1.321364126230894e-17,5.978962402662899e-17
214.467,0.5161321238956957,0.0,0.4340474768715342,0.9788548278205697,0.2045561684534665,1.2525452847119226e-17,5.99375715860197e-17
214.496,0.5162000148653374,0.0,0.4353453934295126,0.9806180333459125,0.19592925426488747,1.1997206704741117e-17,6.004553678616221e-17
214.521,0.5162489149176199,0.0,0.4364680722769916,0.9820810425261594,0.18845908285548874,1.1539790629461005e-17,6.013512026164784e-17
214.555,0.5163010775190555,0.0,0.4380003503845103,0.9839847948764209,0.17825241499628514,1.0914812473274313e-17,6.025169147275368e-17
214.572,0.5163209472838863,0.0,0.4387687673880231,0.98489907858789,0.17312944578183465,1.0601121080743952e-17,6.030767520379185e-17
214.609,0.5163498458238079,0.0,0.4404462638761075,0.9868012114399599,0.1619363118655833,9.915739299595707e-18,6.042414724923387e-17
214.637,0.5163586195705787,0.0,0.44172016764879546,0.9881597760747668,0.15342834466899102,9.394776559867836e-18,6.050733534080642e-17
214.664,0.5163563725107868,0.0,0.4429520548388023,0.9894030110741144,0.14519532250549874,8.890649347876335e-18,6.058346152893337e-17
214.685,0.5163473449971248,0.0,0.44391246803985557,0.9903241906889527,0.13877318666179983,8.497406942642566e-18,6.063986751227095e-17
214.715,0.5163233819127456,0.0,0.4452878153894692,0.9915700348273484,0.12957185663750845,7.933987974535223e-18,6.071615346408708e-17
214.734,0.5163014626805702,0.0,0.4461608228072227,0.9923160666264549,0.12372883218959599,7.576205915161436e-18,6.076183473682898e-17
214.77,0.5162455713130262,0.0,0.4478189135515004,0.9936373394976739,0.11262698413783662,6.8964137811010665e-18,6.084273936645591e-17
214.793,0.516200009499663,0.0,0.44888085492094937,0.99441778046076,0.10551434927769582,6.460890505352301e-18,6.089052759282426e-17
214.803,0.5161778015264336,0.0,0.4493431771656985,0.9947415141542546,0.10241738142571694,6.271255917002892e-18,6.091035056439998e-17
214.837,0.516091412231144,0.0,0.450917721423384,0.9957711465828903,0.09186851273965357,5.62532400345223e-18,6.097339736730133e-17
214.868,0.5159979759417321,0.0,0.4523567361320366,0.9966136618058961,0.08222657175051744,5.0349253949565676e-18,6.102498654585567e-17
214.893,0.5159124230600667,0.0,0.45351945557055223,0.9972258006174154,0.07443589579601258,4.557884076412637e-18,6.106246923766372e-17
214.919,0.5158137799651072,0.0,0.45473066969807635,0.997798345308207,0.06632090243810165,4.060984044369254e-18,6.109752748881105e-17
214.94,0.5157269069756497,0.0,0.45571035754485995,0.998212894855937,0.05975798309289008,3.659121135910474e-18,6.112291132764684e-17
214.976,0.5155630073659583,0.0,0.45739254325187434,0.998823577669181,0.04849186212281101,2.969270186669764e-18,6.116030486527351e-17
214.992,0.515484090030583,0.0,0.45814121713543277,0.9990543295791668,0.04347926573806722,2.6623371807700604e-18,6.117443434467158e-17
215.029,0.5152872772341679,0.0,0.45987477299608653,0.9994917935697604,0.031877179716901155,1.9519143053073966e-18,6.12012212884627e-17
215.045,0.5151959779256877,0.0,0.46062532563627184,0.9996393037775612,0.026856327803942252,1.6444757940974972e-18,6.121025368365394e-17
215.077,0.5150021662838364,0.0,0.46212792833693456,0.999858708295616,0.01680962359549614,1.0292925865548086e-18,6.122368833569166e-17
215.087,0.5149385345108182,0.0,0.4625978740265501,0.9999065749843236,0.013668990566944676,8.369842772692081e-19,6.122661932504724e-17
215.139,0.5145841256772568,0.0,0.4650441892045183,0.9999964457702982,-0.0026661670561114814,-1.6325564756295238e-19,6.123212232356628e-17
215.16,0.5144298188563965,0.0,0.46603321762859606,0.9999570958958498,-0.009263172649702455,-5.672057367703709e-19,6.122971283867677e-17
215.182,0.5142612695762256,0.0,0.4670699172964471,0.9998692056484147,-0.016173175198709214,-9.903213619574299e-19,6.122433111316688e-17
215.209,0.5140447775109274,0.0,0.4683429310165759,0.9996961234411342,-0.024650776392812677,-1.5094247202977592e-18,6.121373288461011e-17
215.237,0.513809059439566,0.0,0.4696637766771739,0.9994408126463613,-0.033437434363013545,-2.0474523482182127e-18,6.119809960722979e-17
215.268,0.513534788348152,0.0,0.471126777814125,0.9990682791827618,-0.04315754315059273,-2.6426373539218582e-18,6.117528851154117e-17
215.29,0.5133316762896921,0.0,0.47216533714800757,0.9987467470966548,-0.05004932730667556,-3.0646374242799223e-18,6.115560034953747e-17
215.327,0.5129742462758666,0.0,0.47391234892571465,0.9980993417761627,-0.06162551375843398,-3.773474408503868e-18,6.111595820686289e-17
215.359,0.5126491284219421,0.0,0.47542340220695073,0.9974319937446267,-0.07161995430478188,-4.385457389721541e-18,6.107509492532599e-17
215.392,0.5122983472419989,0.0,0.476981553259526,0.9966399844353838,-0.08190690706306675,-5.015351578142222e-18,6.102659834205303e-17
215.404,0.5121668936119388,0.0,0.47754807656789733,0.9963259679947104,-0.08564207785547502,-5.2440648259017954e-18,6.100737038060551e-17
215.441,0.5117485186012908,0.0,0.47929443296311086,0.9952708934126225,-0.097138296905186,-5.948005218978064e-18,6.094276569511474e-17
215.468,0.5114307928965455,0.0,0.4805682515591881,0.9944186541702885,-0.10550611469555789,-6.460386282619425e-18,6.089058109210313e-17
215.497,0.5110778820732946,0.0,0.4819357432543599,0.9934265013504289,-0.11447177125670024,-7.009374413112298e-18,6.082982925334783e-17
215.52,0.5107894259235713,0.0,0.48301969747625434,0.992583467931544,-0.1215650409821412,-7.443711916349802e-18,6.077820834444724e-17
215.552,0.5103755271934183,0.0,0.48452674938710005,0.9913285821216025,-0.13140640117122646,-8.046321429090773e-18,6.070136874992522e-17
215.563,0.5102298784243862,0.0,0.4850444796069728,0.9908753343718044,-0.13478157045221256,-8.252990941917779e-18,6.067361532962468e-17
215.61,0.5095881880924484,0.0,0.48725449156099343,0.9888138719348104,-0.1491547071643682,-9.133091735330216e-18,6.054738716087331e-17
215.639,0.5091766339673973,0.0,0.4886162006566044,0.9874419920830028,-0.15798199983273759,-9.673607520902989e-18,6.046338374740678e-17
215.665,0.5087975578251798,0.0,0.4898356404765122,0.9861480372568475,-0.1658675634790219,-1.015645903484773e-17,6.038415186560215e-17
215.693,0.5083786794086663,0.0,0.49114726263982333,0.9846876440337233,-0.17432797735107028,-1.0674509973241026e-17,6.029472857129238e-17
215.71,0.5081189905599858,0.0,0.4919427252783485,0.9837674698482964,-0.1794479458458108,-1.0988017624681989e-17,6.023838415275032e-17
215.753,0.5074440851727413,0.0,0.4939515643911929,0.9813284677164928,-0.192339383510503,-1.1777390518305635e-17,6.008903834505898e-17
215.775,0.5070888175202743,0.0,0.49497743383190984,0.9800196121416213,-0.19890087937911757,-1.2179166263961506e-17,6.000889405554335e-17
215.784,0.5069415423921675,0.0,0.49539671287081716,0.9794724179302217,-0.20157822926577437,-1.2343106662406096e-17,5.997538807356822e-17
215.807,0.5065600717385947,0.0,0.49646711913505176,0.9780433199576395,-0.20840168973940323,-1.2760923113812999e-17,5.988788106067869e-17
215.852,0.5057925850934372,0.0,0.4985566281189377,0.9751213563913741,-0.22167169487656016,-1.3573476579607406e-17,5.970896239424609e-17
215.877,0.5053541733584139,0.0,0.49971456634000033,0.9734273155639658,-0.22899620371074125,-1.4021973394562726e-17,5.960523231040056e-17
215.909,0.504780531945872,0.0,0.5011935045429502,0.9711867364232715,-0.23831979144736415,-1.4592878488473963e-17,5.946803640675618e-17
215.93,0.504396499123533,0.0,0.5021619982396784,0.9696730254027016,-0.24440585878078191,-1.496554263243723e-17,5.937534833894744e-17
215.954,0.5039502793086794,0.0,0.5032667609129383,0.9679017412038546,-0.25132890676272474,-1.538945706000872e-17,5.926688846272253e-17
215.98,0.5034580922211781,0.0,0.5044609763994714,0.9659339191960703,-0.2587888400733686,-1.5846246232545358e-17,5.914639411656628e-17
216.006,0.5029568115351615,0.0,0.5056523676149145,0.9639161393411234,-0.2662060786640756,-1.6300421107476435e-17,5.902284073452905e-17
216.036,0.5023671660371215,0.0,0.5070233945601931,0.9615271309737053,-0.2747099859879049,-1.68211352516951e-17,5.887655616201431e-17
216.073,0.5016234387235812,0.0,0.5087086911499028,0.9584931613610356,-0.28511551978825667,-1.7458290434796118e-17,5.869077910327099e-17
216.115,0.5007572796644808,0.0,0.5106138067520144,0.9549355786070043,-0.2968131410677532,-1.8174563157674787e-17,5.847293998664968e-17
216.144,0.5001457071789327,0.0,0.5119240944272436,0.9524108744639667,-0.3048172012908432,-1.8664670494294282e-17,5.831834644427143e-17
216.181,0.49934952071638317,0.0,0.5135894597964679,0.9491114312362559,-0.3149404564305226,-1.9284541094482298e-17,5.81163138148822e-17
216.213,0.49864664724209085,0.0,0.5150237827958145,0.9461893637175597,-0.3236134854850143,-1.981561095800706e-17,5.793738878319901e-17
216.254,0.49772689131488174,0.0,0.5168530473856714,0.9423561510173479,-0.33461154289678846,-2.0489047748315463e-17,5.770267220001075e-17
216.287,0.49697106234883104,0.0,0.5183182140951164,0.9392008447847575,-0.3433682762801447,-2.1025243023761162e-17,5.750946541610717e-17
216.318,0.49624852268706826,0.0,0.5196885476445455,0.9361821889608216,-0.35151516193832166,-2.1524095895976456e-17,5.732462605648164e-17
216.338,0.4957759763169717,0.0,0.5205694445937856,0.9342075780435088,-0.35672987136779183,-2.1843404756540664e-17,5.720371600950921e-17
216.381,0.4947431601656141,0.0,0.5224546474505787,0.9298931363540222,-0.367829790747949,-2.2523078793525823e-17,5.693953264925233e-17
216.398,0.4943285401684555,0.0,0.5231965934169228,0.928162383545739,-0.37217548249541177,-2.2789175667956392e-17,5.683355460491337e-17
216.435,0.49341390280186714,0.0,0.5248046298007728,0.924348671384802,-0.3815488614963375,-2.3363129597490326e-17,5.660003208537532e-17
216.456,0.49288738033946977,0.0,0.5257130714928858,0.9221566989747674,-0.386816523090677,-2.3685680843015292e-17,5.64658124855869e-17
216.482,0.4922281253992103,0.0,0.5268334666571023,0.9194165338255387,-0.3932851857472286,-2.4081772193870788e-17,5.629802576163e-17
216.517,0.4913278917216076,0.0,0.5283339339376503,0.9156840246390132,-0.40189895125628167,-2.4609213211834173e-17,5.606947549022668e-17
216.558,0.49025487449613947,0.0,0.5300799953272873,0.9112515669219658,-0.41185019337407386,-2.52185510521889e-17,5.579806573244978e-17
216.594,0.48929647966517203,0.0,0.5316024791649521,0.9073100127119824,-0.4204622941865088,-2.574589013688304e-17,5.555671514510368e-17
216.621,0.4885678306839509,0.0,0.5327376424344725,0.9043255773986293,-0.4268433554158197,-2.6136617447364982e-17,5.537397118741567e-17
216.641,0.48802269454605424,0.0,0.533574728028385,0.9021002346862322,-0.4315265537357402,-2.642338063897813e-17,5.5237708245928523e-17
216.672,0.4871687358339357,0.0,0.5348657438505575,0.8986278581276222,-0.4387117192382283,-2.686334513567643e-17,5.502508650403172e-17
216.698,0.4864441514637571,0.0,0.5359423629645788,0.8956953279716249,-0.4446682802379807,-2.7228079303790067e-17,5.484552082058446e-17
216.744,0.4851437321079482,0.0,0.5378330498045905,0.8904661360859177,-0.45504951432148116,-2.786374655836798e-17,5.452532516533653e-17
216.779,0.4841386807659712,0.0,0.5392592677357766,0.8864562624757996,-0.4628123752855323,-2.833908469996054e-17,5.4279791221255694e-17
216.8,0.4835292590633534,0.0,0.5401097672743513,0.8840389439998357,-0.4674132491614409,-2.862080697323114e-17,5.4131773154550254e-17
216.835,0.48250302712382653,0.0,0.5415183872432406,0.8799933586035631,-0.4749859880181949,-2.908450349331627e-17,5.3884052494239125e-17
216.85,0.4820592214390992,0.0,0.5421186362674463,0.8782538159148007,-0.47819476662871524,-2.9280984516043584e-17,5.377753622495047e-17
216.876,0.4812843412111952,0.0,0.5431540992020882,0.8752315099884685,-0.48370425253795873,-2.961834323022871e-17,5.3592473361014133e-17
216.912,0.4801997913835426,0.0,0.5445772624248214,0.8710341044091228,-0.49122254524420744,-3.0078705885116726e-17,5.3335456395640683e-17
216.938,0.4794082017034197,0.0,0.5455973559143733,0.867995296636282,-0.4965724166899454,-3.040629103221037e-17,5.314938308502901e-17
216.955,0.47888690034935016,0.0,0.5462607772510203,0.8660057858443267,-0.5000339777296641,-3.06182505145776e-17,5.302756068386715e-17
216.995,0.47764883475743275,0.0,0.547810493768281,0.861318882221262,-0.5080647430486748,-3.11099930667091e-17,5.274057060787223e-17
217.021,0.47683556242874714,0.0,0.548809202679137,0.8582699069733427,-0.5131985646745028,-3.1424348977782286e-17,5.255387471897004e-17
217.057,0.4756985701671363,0.0,0.5501806440090382,0.8540478869747916,-0.5201943932357341,-3.1852719930527066e-17,5.229535055511195e-17
217.078,0.4750295426767458,0.0,0.5509744623477584,0.8515860974528333,-0.5242147638373547,-3.20988966299601e-17,5.214460942219992e-17
217.093,0.4745490874318462,0.0,0.5515386512866947,0.8498286398825692,-0.5270590885615601,-3.22730612884218e-17,5.2036996182796855e-17
217.129,0.47338733095414415,0.0,0.5528829945629596,0.8456156677340154,-0.5337922278216077,-3.268534716057333e-17,5.177902603996569e-17
217.156,0.472508090976388,0.0,0.5538821483741346,0.8424621514549976,-0.5387555320976452,-3.2989261895315515e-17,5.1585928859107774e-17
217.181,0.4716880156764572,0.0,0.5548002415090344,0.8395483920742864,-0.5432849136185176,-3.3266606524398194e-17,5.1407512554154103e-17
217.222,0.47033087926791023,0.0,0.5562910415025585,0.8347857470285042,-0.5505749327367367,-3.3712991453340695e-17,5.1115884653614487e-17
217.241,0.46969689572673967,0.0,0.5569755584140497,0.8325865574593698,-0.553894957855689,-3.391628436009138e-17,5.098122313028656e-17
217.272,0.4686557279699828,0.0,0.5580836701454934,0.8290108429359403,-0.5592325297178641,-3.424311637490297e-17,5.076227376299742e-17
217.293,0.46794571268356133,0.0,0.5588281155103301,0.8265982793994137,-0.5627923991081691,-3.446109550761395e-17,5.0614546852360073e-17
217.315,0.46719786672696184,0.0,0.5596025769907216,0.8240800670327393,-0.5664733384011253,-3.468648803376268e-17,5.0460350816639024e-17
217.353,0.46589659792198157,0.0,0.5609270488253262,0.819754874291877,-0.5727145415254522,-3.506865150521445e-17,5.0195509144349406e-17
217.38,0.4649648020007094,0.0,0.5618578208346318,0.8167023227223771,-0.5770591963220708,-3.5334684884718406e-17,5.000859426890839e-17
217.407,0.46402713052210365,0.0,0.5627799377303486,0.8136684558523295,-0.5813292044537981,-3.559614747426106e-17,4.982282350133624e-17
217.433,0.46311872933149484,0.0,0.5636596423688259,0.8107658835926165,-0.5853705510207051,-3.5843608581131447e-17,4.9645092209978665e-17
217.465,0.46199348232578524,0.0,0.5647311184432011,0.8072207803673617,-0.5902496181643048,-3.6142365279143164e-17,4.9428017244105906e-17
217.486,0.46125078931015473,0.0,0.5654274739905609,0.8049116654037798,-0.5933946502092124,-3.633494295049376e-17,4.928662473165521e-17
217.513,0.4602910411862693,0.0,0.566314797460168,0.8019641733915894,-0.5973721324236214,-3.657849349362084e-17,4.9106142898743145e-17
217.539,0.4593617653047261,0.0,0.5671606907922222,0.7991496949509317,-0.6011320695652768,-3.6808723242897015e-17,4.893380579806211e-17
217.566,0.4583915811118106,0.0,0.5680301452146738,0.796252980595894,-0.6049637930423232,-3.7043348637466146e-17,4.8756433199915055e-17
217.587,0.4576334208365517,0.0,0.568700016912237,0.7940191086105964,-0.6078927990700612,-3.722269853029378e-17,4.8619647991090076e-17
217.613,0.4566904969523233,0.0,0.5695215991147862,0.7912775146981511,-0.6114571896160166,-3.7440954503944546e-17,4.8451773780618174e-17
217.633,0.4559620278391503,0.0,0.570147685927999,0.7891874287868123,-0.6141524259048889,-3.7605990128650213e-17,4.832379292955497e-17
217.648,0.4554139116905638,0.0,0.5706138638556232,0.7876309448280066,-0.6161472995553432,-3.772814091018682e-17,4.822848577465119e-17
217.69,0.4538713107362543,0.0,0.5719035994892223,0.7833252112902288,-0.6216121084383076,-3.8062763945510545e-17,4.796483563490014e-17
217.722,0.45268840056909815,0.0,0.5728707299407495,0.7800986384131199,-0.625656546634011,-3.831041436004642e-17,4.776726502759179e-17
217.758,0.451350025859649,0.0,0.5739425366600928,0.7765272317773454,-0.6300836915110666,-3.85814988001988e-17,4.7548579442344045e-17
217.785,0.45034111515223196,0.0,0.5747350274677671,0.7738908917892287,-0.6333189461919424,-3.877960101466685e-17,4.738715017594848e-17
217.8,0.4497787557383727,0.0,0.575171062111779,0.7724423643380277,-0.635084871317116,-3.888773274227074e-17,4.729845345061896e-17
217.837,0.4483860865140918,0.0,0.5762335831838249,0.7689199459733874,-0.6393450685539719,-3.914859458776334e-17,4.7082767531843233e-17
217.868,0.44721337918553866,0.0,0.5771094264799084,0.766025802400149,-0.6428098241760217,-3.9360749681881894e-17,4.690555234868126e-17
217.889,0.44641601376371587,0.0,0.5776952374886172,0.764095699459787,-0.6451029081216879,-3.950116057759371e-17,4.6787367629284304e-17
217.91,0.44561632717419436,0.0,0.578274953599222,0.7621907599125056,-0.64735248937808,-3.9638907701846833e-17,4.667072372332694e-17
217.947,0.44420187240894615,0.0,0.5792814370956151,0.7588971400377779,-0.6512105119256609,-3.98751434500435e-17,4.646904767146727e-17
217.968,0.4433960554795434,0.0,0.579844164722007,0.7570641983669664,-0.653340492814415,-4.000556716392638e-17,4.635681236395811e-17
218.005,0.44197116458516744,0.0,0.5808205203071893,0.7539005839680462,-0.6569885154952398,-4.022894412889084e-17,4.6163096851589404e-17
218.016,0.4415463249433662,0.0,0.5811070502832731,0.7529765505038981,-0.6580473496574929,-4.029377902227239e-17,4.610651612038071e-17
218.042,0.44053999979070513,0.0,0.581777457015109,0.7508231053057386,-0.6605033418076307,-4.044416516854226e-17,4.597465563192744e-17
218.079,0.43910286209239374,0.0,0.5827148247291529,0.7478341645602384,-0.663885579235225,-4.065126748052524e-17,4.579163579608655e-17
218.101,0.4382456402751184,0.0,0.5832628415215537,0.7460998857598241,-0.6658340337270072,-4.077057590835751e-17,4.5685441846998726e-17
218.14,0.43672129069748633,0.0,0.5842171037658155,0.7431058976438644,-0.6691738375690629,-4.097507991260519e-17,4.5502112948853956e-17
218.162,0.4358588454495427,0.0,0.5847456397405408,0.7414631482790937,-0.6709935914329248,-4.1086507699835914e-17,4.540152356128557e-17
218.193,0.4346406052372583,0.0,0.5854783715595163,0.739205947979072,-0.6734794476985629,-4.123872249577862e-17,4.526330990516277e-17
218.221,0.4335374020487518,0.0,0.5861280466544604,0.7372259949950837,-0.6756462331009542,-4.13713998361525e-17,4.5142072750947595e-17
218.26,0.4319965387765898,0.0,0.5870136300423828,0.7345629079601431,-0.6785405914528168,-4.1548628170712196e-17,4.497900570028805e-17
218.283,0.4310856313751546,0.0,0.5875253004985237,0.7330448693657714,-0.6801802845544107,-4.164903041613475e-17,4.488605264500908e-17
218.305,0.4302128912204021,0.0,0.5880073346293065,0.7316297923475599,-0.681702168802085,-4.1742218949764106e-17,4.4799404167964095e-17
218.329,0.429259286375506,0.0,0.5885249198735227,0.7301277414253803,-0.6833106769260033,-4.184071166603206e-17,4.4707430075263916e-17
218.371,0.4275869010322265,0.0,0.589409837193098,0.7276051807233563,-0.6859961377329554,-4.2005148715105535e-17,4.455296778079449e-17
218.392,0.42674912018205613,0.0,0.5898422995288258,0.7263951427090969,-0.6872773069501356,-4.2083597704154827e-17,4.4478874321744016e-17
218.421,0.42559058236360525,0.0,0.5904285065122206,0.7247810091636836,-0.6889793093814011,-4.218781529563434e-17,4.438003714775468e-17
218.449,0.42447035983270476,0.0,0.5909823463462649,0.7232857673229379,-0.6905488388145106,-4.22839212554556e-17,4.428847999104366e-17
218.474,0.4234689175608843,0.0,0.5914667208836515,0.7220037573458451,-0.6918891344561512,-4.236599069382791e-17,4.420997952029758e-17
218.499,0.42246640392080487,0.0,0.5919415121943052,0.7207722308106289,-0.6931719781499173,-4.2444542214996765e-17,4.41345702688267e-17
218.535,0.42102109978878827,0.0,0.5926083179647031,0.7190883669088276,-0.6949186431348604,-4.255149459914643e-17,4.403146334194966e-17
218.562,0.41993597392988374,0.0,0.5930952924443146,0.7178954584924684,-0.6961509252136987,-4.262695011432123e-17,4.395841876826115e-17
218.584,0.4190511662327701,0.0,0.5934837395181906,0.7169681850286518,-0.6971058898450945,-4.268542483327812e-17,4.3901639644291287e-17
218.62,0.4176022636944087,0.0,0.5941031647460329,0.7155381350379453,-0.6985736734993806,-4.277530066098123e-17,4.3814074337104315e-17
218.642,0.4167162982117395,0.0,0.5944717664443455,0.7147179371168505,-0.6994128039744724,-4.282668258350064e-17,4.376385169916751e-17
218.652,0.4163134779452058,0.0,0.5946368154535938,0.7143586668755916,-0.6997797475346994,-4.2849151396325625e-17,4.374185274161818e-17
218.695,0.41458075761903884,0.0,0.5953287005418909,0.7129108330452308,-0.701254692766298,-4.2939465744165376e-17,4.365319848831575e-17
218.716,0.4137343009079649,0.0,0.5956560628208758,0.7122612723403036,-0.7019144391762945,-4.297986356062793e-17,4.36134243664087e-17
218.741,0.4127265137242956,0.0,0.5960367430986937,0.7115374929461498,-0.7026481310954352,-4.302478923364473e-17,4.356910566049174e-17
218.782,0.4110737559960328,0.0,0.5966397468415932,0.7104675919945993,-0.7037299202999654,-4.309102971797873e-17,4.3503593121705684e-17
218.793,0.4106303828109169,0.0,0.5967970148306675,0.7102054022964969,-0.703994521675326,-4.3107231879347997e-17,4.348753863297816e-17
218.808,0.4100258446425756,0.0,0.5970083889753393,0.7098648761070451,-0.7043378860103506,-4.312825688103946e-17,4.346668741758126e-17
218.849,0.4083739669207872,0.0,0.5975679728906855,0.7090345219772131,-0.705173770530743,-4.3179440046157234e-17,4.3415842891218385e-17
218.88,0.4071257050001907,0.0,0.5979733758340355,0.7085046585669716,-0.7057061348669849,-4.321203796017517e-17,4.338339811475151e-17
218.905,0.40611963777603355,0.0,0.5982891929172878,0.7081390096667495,-0.7060730436634692,-4.323450464433485e-17,4.336100857698807e-17
218.931,0.40507400795914483,0.0,0.5986070947700548,0.7078172795709508,-0.7063955681774756,-4.325425357502107e-17,4.33413082903876e-17
218.957,0.40402918263755844,0.0,0.5989142287675456,0.7075553573959533,-0.7066579202275206,-4.327031800493794e-17,4.332527018272579e-17
218.967,0.4036275647758177,0.0,0.5990294874415417,0.7074705641328707,-0.7067428109896257,-4.3275516064942394e-17,4.3320078092814616e-17
219.013,0.40178205127535205,0.0,0.5995391201900101,0.707194769858075,-0.7070187815648071,-4.3292414389020135e-17,4.3303190564022027e-17
219.034,0.40094070328467135,0.0,0.5997605401768447,0.7071313249991388,-0.7070822365220063,-4.329629988453134e-17,4.3299305686851106e-17
219.06,0.39990017093845526,0.0,0.6000249089904143,0.7071070579527707,-0.707106504420216,-4.329778586472457e-17,4.3297819758818135e-17
219.091,0.3986613267489909,0.0,0.6003259806624782,0.7071566266822161,-0.7070569321769137,-4.329475044027023e-17,4.330085496811079e-17
219.119,0.3975441944466236,0.0,0.6005846908996662,0.7072747711939743,-0.7069387512596202,-4.328751394616604e-17,4.330808923301886e-17
219.14,0.396707568936444,0.0,0.6007704817735151,0.707409052644712,-0.7068043804591982,-4.327928610763426e-17,4.33163116004604e-17
219.17,0.39551433791173296,0.0,0.6010236384111459,0.7076687240054126,-0.7065443914323793,-4.32633663711589e-17,4.333221188549601e-17
219.203,0.3942046170381456,0.0,0.6012854488815592,0.7080464065362201,-0.7061659055711665,-4.324019079623606e-17,4.335533827061838e-17
219.213,0.3938083513165237,0.0,0.6013613387857633,0.7081798623349451,-0.7060320690898242,-4.3231995675311804e-17,4.336351008145519e-17
219.254,0.39218686047489904,0.0,0.6016557270058436,0.7088192431015603,-0.7053901619734508,-4.319269020054098e-17,4.340266086191877e-17
219.269,0.391594975927694,0.0,0.6017566974979833,0.709090128372937,-0.7051178552866547,-4.3176016224922416e-17,4.341924780094515e-17
219.295,0.3905708407766594,0.0,0.6019231707727657,0.7096064347545589,-0.7045982598296167,-4.314420017925676e-17,4.3450862448826785e-17
219.31,0.38998106740347693,0.0,0.6020142858291454,0.7099312262176467,-0.7042710089454971,-4.3124161841869e-17,4.347075019010983e-17
219.351,0.3883732283495344,0.0,0.6022449461169341,0.7109191280583843,-0.70327376842927,-4.3063098471560124e-17,4.353124173146638e-17
219.382,0.3871618411665444,0.0,0.6024014827860176,0.7117629986141528,-0.7024196991854581,-4.30108018132759e-17,4.3582913900217214e-17
219.402,0.38638236325256287,0.0,0.6024943159540098,0.7123514967331179,-0.7018228730257277,-4.2974256750967834e-17,4.3618949017101953e-17
219.433,0.3851775053713515,0.0,0.6026255719291266,0.7133316266054607,-0.700826647955404,-4.291325555878772e-17,4.367896466264762e-17
219.455,0.3843249924092332,0.0,0.602709409984282,0.7140770789522549,-0.7000670862960314,-4.286674582104244e-17,4.372461045416854e-17
219.482,0.38328172799501303,0.0,0.6028017473429209,0.7150482213003695,-0.6990751327398063,-4.280600618366574e-17,4.378407577257529e-17
219.512,0.3821265661835804,0.0,0.602890716870324,0.7161995555551313,-0.6978955485046687,-4.2733777480771445e-17,4.385457466306742e-17
219.54,0.3810523779713629,0.0,0.602960829518609,0.717342305926775,-0.6967209026056683,-4.266185116375433e-17,4.392454794231032e-17
219.562,0.3802111488073651,0.0,0.603007174591243,0.7182860323092665,-0.6957479254654025,-4.260227349673082e-17,4.3982334516989774e-17
219.594,0.37899205063468805,0.0,0.6030608707622573,0.7197301999993766,-0.6942538723038262,-4.25107891256268e-17,4.407076428394604e-17
219.621,0.37796772600775796,0.0,0.6030935534953602,0.7210140763193282,-0.6929204151627991,-4.242913842464885e-17,4.4149379035232537e-17
219.647,0.3769851709446266,0.0,0.6031141255001744,0.7223064339501404,-0.69157314542587,-4.234664194610294e-17,4.4228513117028926e-17
219.664,0.37634481644423945,0.0,0.6031218031025813,0.7231809297509282,-0.6906586297474195,-4.229064401118372e-17,4.4282060541194056e-17
219.7,0.3749943695953488,0.0,0.6031230207408751,0.7251090710997101,-0.6886340356160996,-4.216667337505904e-17,4.4400125147748526e-17
219.726,0.37402390692567633,0.0,0.6031112179831793,0.7265654266551528,-0.6870972862625901,-4.2072574616215685e-17,4.4489301206218194e-17
219.752,0.3730576419989369,0.0,0.6030888034802827,0.7280746899134174,-0.6854978088276293,-4.1974634870164026e-17,4.4581716927133414e-17
219.784,0.37187431415262606,0.0,0.6030466833686567,0.7300040411427918,-0.6834428285637308,-4.184880362003931e-17,4.469985561750764e-17
219.801,0.3712483921927193,0.0,0.6030177989259577,0.7310608860589722,-0.682312231221653,-4.17795744992343e-17,4.476456870469741e-17
219.811,0.3708811008670417,0.0,0.6029987024357191,0.731692801016279,-0.6816345391343898,-4.1738077826960587e-17,4.4803262336187363e-17
219.853,0.3693458935873012,0.0,0.6029015027372643,0.7344287982885105,-0.6786857448366618,-4.155751625205776e-17,4.497079385128308e-17
219.884,0.36822063769220614,0.0,0.6028122000475038,0.7365320023308451,-0.676402697764073,-4.141771993757033e-17,4.509957795620302e-17
219.911,0.36724618116067653,0.0,0.6027223113954199,0.7384208158177435,-0.6743401951293264,-4.129142807507656e-17,4.5215234425748845e-17
219.937,0.36631286306816446,0.0,0.6026251297897884,0.7402890682370029,-0.6722886994802084,-4.1165810196068705e-17,4.5329631893011106e-17
219.964,0.36534900324806685,0.0,0.6025132136857384,0.7422797025518898,-0.670090175408861,-4.10311894227275e-17,4.545152309011106e-17
219.99,0.3644261062233019,0.0,0.6023948866237488,0.7442445124123022,-0.667907258340688,-4.0897524302710394e-17,4.5571832995435423e-17
220.013,0.36361408694226105,0.0,0.602281606641745,0.7460211834337813,-0.6659222130760172,-4.077597533623331e-17,4.568062271941504e-17
220.029,0.3630516741478237,0.0,0.6021980514165931,0.747278189733188,-0.6645113295867042,-4.068958363877546e-17,4.575759215646886e-17
220.062,0.3618982123984765,0.0,0.6020134444934911,0.7499244772442948,-0.6615234526680601,-4.050662894354227e-17,4.5919630532973885e-17
220.101,0.3605465830923516,0.0,0.6017740436830431,0.7531432974858517,-0.6578564991334644,-4.028209279810404e-17,4.6116726428266555e-17
220.127,0.3596526097910054,0.0,0.6016017258618971,0.7553428849981634,-0.6553297842175735,-4.012737613139885e-17,4.625141231858641e-17
220.144,0.3590712229684859,0.0,0.601483577915096,0.7568038268463004,-0.6536420791769719,-4.0024034002604974e-17,4.6340869206489477e-17
220.179,0.3578821888735497,0.0,0.6012267460149209,0.7598671229467889,-0.6500784225495948,-3.9805822968506094e-17,4.652844199470467e-17
220.205,0.35700594191265744,0.0,0.601024165719868,0.7621900179376333,-0.6473533629759177,-3.9638961194286616e-17,4.6670678290469316e-17
220.222,0.35643630778871194,0.0,0.6008862977199766,0.7637301487816365,-0.6455356379333208,-3.9527657636529304e-17,4.676498410588815e-17
220.252,0.35543752642595805,0.0,0.6006326052410278,0.7664882415357308,-0.6422583402241369,-3.9326981029059046e-17,4.6933868579040806e-17
220.283,0.3544142475499423,0.0,0.6003565760389439,0.7693908913727457,-0.6387782528175577,-3.911388713389804e-17,4.71116046206381e-17
220.293,0.3540860915837056,0.0,0.6002645373900501,0.7703383758525935,-0.6376353085336386,-3.904390198095277e-17,4.7169621312412467e-17
220.34,0.3525566131241045,0.0,0.599812477042071,0.7748622057460806,-0.6321301781328895,-3.870680996474447e-17,4.744662600235977e-17
220.378,0.3513357930479701,0.0,0.5994236354321232,0.7786020628431483,-0.6275179899703229,-3.842439489122684e-17,4.7675626203519395e-17
220.395,0.3507942912300058,0.0,0.5992429661066645,0.780298063246843,-0.6254078129454618,-3.8295183814270315e-17,4.777947627680626e-17
220.421,0.3499717592448827,0.0,0.598958663433659,0.7829184496686736,-0.622124345423325,-3.8094129414715864e-17,4.793992866900747e-17
220.453,0.3489689119920463,0.0,0.5985955643042223,0.7861861538253009,-0.6179897503465412,-3.784095848338818e-17,4.8140017840806167e-17
220.468,0.3485024816820227,0.0,0.5984203775049262,0.7877335578520998,-0.6160161051739416,-3.772010757122434e-17,4.8234769010226515e-17
220.509,0.34723965201259654,0.0,0.5979254036582974,0.7920120849113905,-0.6105054114046101,-3.738267489693969e-17,4.8496753233637805e-17
220.539,0.34632699740843326,0.0,0.5975483582983149,0.795186224962684,-0.6063652922369449,-3.71291657126012e-17,4.8691113256330906e-17
220.569,0.3454241069274592,0.0,0.5971588428260097,0.7983952144530616,-0.6021337737898861,-3.687005993651502e-17,4.888760719172533e-17
220.585,0.34494660601929633,0.0,0.5969460323372475,0.8001203257507208,-0.5998395321421892,-3.6729578151998897e-17,4.899323979316789e-17
220.617,0.3440001394311948,0.0,0.5965098981564727,0.803597735685505,-0.595172814568281,-3.6443824115028327e-17,4.920616974046572e-17
220.632,0.3435604384870924,0.0,0.5963006594647166,0.8052397630616035,-0.5929493435231147,-3.6307675780105336e-17,4.930671491897829e-17
220.674,0.34234288647371636,0.0,0.5956986088334209,0.809875796090721,-0.5866013935428561,-3.5918975948881783e-17,4.95905900694708e-17
220.701,0.34157089686449515,0.0,0.5952990729965072,0.8128841946187472,-0.5824253481254321,-3.5663266916204664e-17,4.9774801350866144e-17
220.728,0.3408074145237816,0.0,0.5948898335468223,0.8159129887375836,-0.578174709589847,-3.5402990372357826e-17,4.9960261502011605e-17
220.748,0.3402474138567715,0.0,0.5945804783406524,0.8181688908383122,-0.5749779700687722,-3.520724653124823e-17,5.0098395666353964e-17
220.775,0.3394989707065803,0.0,0.5941545151972203,0.8212299444916382,-0.570597387191933,-3.4939013191322186e-17,5.0285831144282166e-17
220.812,0.3384875895189563,0.0,0.5935553585584893,0.8254514789327029,-0.5644730781249125,-3.45640074165264e-17,5.0544325576319173e-17
220.841,0.33770655574100145,0.0,0.5930733884672835,0.8287797752603578,-0.5595749137688275,-3.426408135150754e-17,5.0748124948533e-17
220.866,0.33704157907861276,0.0,0.5926492559247515,0.8316613052215721,-0.5552832370936035,-3.400129194634312e-17,5.092456777071541e-17
220.892,0.336358266333209,0.0,0.5921997384419407,0.8346689122685785,-0.5507520375744315,-3.372383599697051e-17,5.1108730587875886e-17
220.919,0.3356576757825598,0.0,0.59172391780979,0.8378025183555491,-0.5459733878469717,-3.3431228092321513e-17,5.130060862108574e-17
220.94,0.3351191711066648,0.0,0.59134753453574,0.8402461300892615,-0.5422051649237767,-3.3200490985253294e-17,5.145023668548823e-17
220.971,0.3343345654487283,0.0,0.5907819298456916,0.8438619813652438,-0.5365603008109386,-3.285484274688285e-17,5.167164372005446e-17
221.0,0.33361183504251457,0.0,0.5902421259848616,0.8472521140237026,-0.5311909781635668,-3.252606655719818e-17,5.1879229475497787e-17
221.032,0.3328270991583785,0.0,0.5896346105465856,0.8509992078987654,-0.5251669716915507,-3.215720254499831e-17,5.21086728015078e-17
221.044,0.332536302805706,0.0,0.5894036081617289,0.8524055808231986,-0.5228811774977805,-3.20172380178528e-17,5.2194788306523536e-17
221.072,0.33186521731887725,0.0,0.5888579047048035,0.8556886816827113,-0.5174909468194624,-3.168718158050939e-17,5.239582025446754e-17
221.099,0.3312280341551247,0.0,0.5883228801185764,0.8588553538886332,-0.5122181967646509,-3.136431875664294e-17,5.25897230035141e-17
221.136,0.33037085381241904,0.0,0.5875758041804636,0.863193439383096,-0.504873336794469,-3.0914575794009506e-17,5.285535412927517e-17
221.163,0.3297571267549824,0.0,0.5870206152060781,0.8663560399397834,-0.49942688359744564,-3.0581076720287477e-17,5.304900756171161e-17
221.184,0.32928671586872293,0.0,0.586583015917535,0.8688129875972246,-0.4951403766432151,-3.031860386923641e-17,5.3199452215929506e-17
221.206,0.3288004554707308,0.0,0.5861191976372957,0.8713834146730414,-0.4906026341477901,-3.0040747278117554e-17,5.335684548047154e-17
221.246,0.32793365760552,0.0,0.5852619386814402,0.8760450779545613,-0.48222922079814556,-2.952802358528856e-17,5.364229003129235e-17
221.282,0.3271728156739002,0.0,0.5844752144794588,0.8802240987614645,-0.47455825349430786,-2.9058312307538116e-17,5.3898181254029556e-17
221.308,0.3266347827759576,0.0,0.5838981998340677,0.8832304787501292,-0.46893914467318426,-2.8714241125945635e-17,5.4082268935536504e-17
221.328,0.32622750233778575,0.0,0.5834493640114556,0.8855353825127522,-0.46457193879741987,-2.844682689109702e-17,5.422340358629845e-17
221.355,0.3256868234486763,0.0,0.582836640811421,0.888635207850306,-0.4586147265067307,-2.8082052842915326e-17,5.441321314517601e-17
221.388,0.3250403682051782,0.0,0.5820772794477825,0.892403466650903,-0.45123835465245044,-2.763038033388208e-17,5.464395244910151e-17
221.416,0.3245043524790865,0.0,0.5814240538479732,0.8955812580602318,-0.44489797730631736,-2.7242144192765667e-17,5.483853605299113e-17
221.444,0.3239798885059273,0.0,0.580762751993935,0.8987393639536717,-0.4384832444691012,-2.684935509094156e-17,5.503191426667961e-17
221.47,0.3235032978244137,0.0,0.5801415474176859,0.9016528115596756,-0.43246064260985895,-2.648057708646856e-17,5.5210311480938414e-17
221.497,0.323019055905338,0.0,0.5794892689146325,0.9046574111723551,-0.4261396114079662,-2.6093525555033137e-17,5.5394290145857784e-17
221.529,0.3224593208319483,0.0,0.5787068550431123,0.9081888294399638,-0.418560688646782,-2.5629450380009672e-17,5.561052714975166e-17
221.552,0.3220665712083785,0.0,0.5781383209306868,0.9107059185851382,-0.4130553593091362,-2.529234618242968e-17,5.576465440799198e-17
221.572,0.3217315846461817,0.0,0.57763979981241,0.9128795351915125,-0.40822904628226536,-2.499681974242765e-17,5.589775003897047e-17
221.604,0.3212083179437773,0.0,0.5768342534953084,0.916326456885085,-0.400432047184571,-2.4519391243030338e-17,5.610881311991772e-17
221.631,0.3207790480651581,0.0,0.5761471054204323,0.9192037069498804,-0.39378235756518915,-2.411221518764537e-17,5.628499387402763e-17
221.658,0.3203610431098548,0.0,0.5754532288095482,0.9220509756756243,-0.38706846714196336,-2.3701107966813894e-17,5.645933880059237e-17
221.684,0.3199692230673301,0.0,0.5747787866926002,0.9247631227352765,-0.38054325224460356,-2.330155378992388e-17,5.662540991136336e-17
221.711,0.31957350536957724,0.0,0.5740719979344099,0.9275474040218945,-0.37370551680734443,-2.2882863249091087e-17,5.679589796964249e-17
221.742,0.31913327465209396,0.0,0.5732525816807514,0.9307019477514987,-0.3657784636245915,-2.2397471233744628e-17,5.6989058063704e-17
221.758,0.3189119877575819,0.0,0.5728263942710345,0.9323117853370255,-0.36165554733985206,-2.2145015422181696e-17,5.708763218601713e-17
221.788,0.31850800520078787,0.0,0.572021398840018,0.9352953857012516,-0.35386797182840246,-2.166816395102094e-17,5.727032501781634e-17
221.82,0.3180928761853215,0.0,0.5711544006557384,0.9384260152519708,-0.34548026556998573,-2.1154565069943027e-17,5.746202079074656e-17
221.83,0.3179665037792278,0.0,0.5708817259389232,0.9393930100822313,-0.3428421978237873,-2.0993030008877237e-17,5.752123214693009e-17
221.861,0.3175849444643727,0.0,0.5700312586967067,0.9423553713297234,-0.3346137386988454,-2.0489182202413493e-17,5.770262445791305e-17
221.871,0.3174651586466003,0.0,0.5697552637161146,0.9432993440790493,-0.3319432895240322,-2.0325664350702458e-17,5.776042611821027e-17
221.913,0.31697970221591476,0.0,0.5685874559439639,0.947200093185137,-0.3206430780011754,-1.9633725957144728e-17,5.799927811356264e-17
221.944,0.31663974903619674,0.0,0.5677167327520095,0.9500109298626468,-0.3122166445619279,-1.9117755720164593e-17,5.817139222056455e-17
221.971,0.3163564289069784,0.0,0.5669524356798585,0.9524101498199697,-0.3048194654543944,-1.8664809134326566e-17,5.831830207262386e-17
221.986,0.3162041834204177,0.0,0.5665254848468966,0.953722883257665,-0.3006869833409592,-1.8411767584688963e-17,5.83986838127542e-17
222.017,0.3159012497261902,0.0,0.5656379165652835,0.9563891441668222,-0.2920955407394186,-1.7885693450587216e-17,5.856194520715876e-17
222.043,0.31565938256277953,0.0,0.5648881961620802,0.9585757233534995,-0.2848378180602345,-1.7441286108179116e-17,5.86958345672611e-17
222.08,0.31533446466046,0.0,0.5638131419160587,0.9616071350988014,-0.2744298047353375,-1.6803979097988213e-17,5.888145500180017e-17
222.093,0.31522569712078996,0.0,0.5634331954735837,0.9626493634718467,-0.2707511828362869,-1.6578728471290928e-17,5.89452730838517e-17
222.133,0.3149086808460528,0.0,0.5622570537103251,0.9657798342790522,-0.25936328132549213,-1.588142061458092e-17,5.913695913654513e-17
222.161,0.3147026739697755,0.0,0.5614275458950237,0.9679011259726974,-0.2513312760895163,-1.5389602139432292e-17,5.926685079067914e-17
222.183,0.3145500310355241,0.0,0.5607722971464209,0.9695264918174225,-0.24498649281991322,-1.5001096213312138e-17,5.936637574463845e-17
222.198,0.3144506189530665,0.0,0.5603238089515591,0.9706135059601247,-0.24064376586106445,-1.4735180879825885e-17,5.943293616416286e-17
222.231,0.3142452522865264,0.0,0.5593323104291535,0.9729434993797834,-0.23104317132220425,-1.414731401122955e-17,5.957560711333383e-17
222.272,0.3140157270439398,0.0,0.5580914679514821,0.9757183879115583,-0.21902882799136253,-1.3411647656030916e-17,5.974552003125528e-17
222.288,0.3139338817933475,0.0,0.5576046165846655,0.9767645427678172,-0.21431525375384952,-1.312302447590523e-17,5.980957854106176e-17
222.32,0.31378323799087865,0.0,0.5566266336961033,0.9787939135463467,-0.20484744275832892,-1.2543288254375408e-17,5.993384166247224e-17
222.341,0.31369385064267624,0.0,0.555981805818817,0.9800794949012326,-0.1986055982950754,-1.2161085512240457e-17,6.001256081703746e-17
222.378,0.3135546684078512,0.0,0.5548400336614355,0.9822540734837236,-0.18755515222097138,-1.148444084155036e-17,6.014571535206456e-17
222.396,0.3134954216540414,0.0,0.554282045704508,0.9832696938454494,-0.18215572778553038,-1.1153821448945319e-17,6.020790416332137e-17
222.44,0.31337397483374946,0.0,0.5529113659695926,0.9856339659971195,-0.16889548564952572,-1.034186579455647e-17,6.035267407946418e-17
222.463,0.3133237233048368,0.0,0.552191213720953,0.986802125518283,-0.1619307415921972,-9.915398218722074e-18,6.042420322038849e-17
222.478,0.31329585369934354,0.0,0.5517202414718458,0.9875386311556869,-0.1573767834693297,-9.636548706791036e-18,6.046930118395853e-17
222.494,0.3132703974303103,0.0,0.55121675968806,0.9883020284762288,-0.15250934564731228,-9.338504099351915e-18,6.05160457882125e-17
222.535,0.31322531882468513,0.0,0.5499215184550732,0.9901526272996117,-0.13999205210181068,-8.572040925627598e-18,6.062936228449059e-17
222.557,0.31321309955705634,0.0,0.5492236137313602,0.9910823985546166,-0.1332504381802483,-8.159236130121167e-18,6.068629435405963e-17
222.588,0.3132100924550528,0.0,0.5482369223608292,0.9923167715479703,-0.12372317852614953,-7.575859728119278e-18,6.076187790082286e-17
222.615,0.31322103477496704,0.0,0.547374545023706,0.9933190539136674,-0.11540042084869832,-7.066237800630794e-18,6.08232499953725e-17
222.635,0.3132372893460278,0.0,0.5467340192057546,0.9940174414225147,-0.10922145461326567,-6.687885239517686e-18,6.086601389673621e-17
222.656,0.31326182735200614,0.0,0.5460599433631257,0.9947101546824005,-0.10272150783411857,-6.2898782886321534e-18,6.090843035055852e-17
222.692,0.3133217128376722,0.0,0.5449009123930467,0.9958002860981915,-0.0915521174346062,-5.6059503785726534e-18,6.097518164800844e-17
222.719,0.31338141155223764,0.0,0.5440289048486648,0.9965366362375306,-0.08315487139300688,-5.091767354247784e-18,6.102027009006811e-17
222.745,0.31345088563257617,0.0,0.5431871026678958,0.9971794798821718,-0.07505387999245096,-4.595724694817232e-18,6.10596329106562e-17
222.777,0.31355254629817503,0.0,0.542148381459237,0.9978809859200776,-0.06506564330869194,-3.984121590622649e-18,6.11025877668514e-17
222.804,0.3136521942998481,0.0,0.5412698171476521,0.9983955400105821,-0.0566246031948856,-3.467256952780282e-18,6.113409511784763e-17
222.832,0.31376894833084873,0.0,0.5403567773516953,0.9988540678070338,-0.04785970356512485,-2.930561638958566e-18,6.116217184775986e-17
222.843,0.31381855389222724,0.0,0.5399975725652476,0.9990132291389138,-0.04441360158149992,-2.719548750769485e-18,6.11719176685416e-17
222.886,0.31403270120172017,0.0,0.5385908383686722,0.9995215482039413,-0.030930158033804323,-1.8939259516610127e-18,6.120304323433819e-17
222.896,0.31408712167282493,0.0,0.5382631387696355,0.9996137244583313,-0.027792118928633404,-1.7017764743736732e-18,6.120868740208299e-17
222.945,0.3143789739999689,0.0,0.5366546992896583,0.999923031886907,-0.012406865119579768,-7.597013828073153e-19,6.122762701970087e-17
222.985,0.31464823451560064,0.0,0.5353387076048391,0.999999987411746,0.0001586710680636617,9.715800781072756e-21,6.123233918655942e-17
223.005,0.31479331419530093,0.0,0.5346798406230624,0.9999792517802322,0.006441739597895392,3.944427889751675e-19,6.123106949532132e-17
223.027,0.314960944127683,0.0,0.5339544934161518,0.999910853800447,0.013352320100310268,8.175938036017918e-19,6.122688132697072e-17
223.057,0.3152031013221428,0.0,0.5329644960669263,0.9997406621473359,0.022772976292226927,1.3944426261667132e-18,6.121646009380952e-17
223.073,0.3153386509363808,0.0,0.5324361297903648,0.9996136360498751,0.027795298579938867,1.7019711718633553e-18,6.120868198862634e-17
223.115,0.3157156304296321,0.0,0.5310481699321838,0.9991604062821762,0.04096928749730368,2.5086453398460314e-18,6.11809296694118e-17
223.136,0.31591560322665996,0.0,0.5303537543352793,0.9988688754246509,0.04754965518164467,2.911576650938075e-18,6.116307855283575e-17
223.162,0.3161737833901891,0.0,0.5294937101311932,0.9984481527508622,0.05568919346148703,3.40997962598539e-18,6.113731671904655e-17
223.172,0.31627620225621633,0.0,0.5291628589119763,0.9982687654501247,0.05881727575027683,3.601519424107188e-18,6.112633241486375e-17
223.21,0.3166811786152719,0.0,0.5279054324662882,0.9974983703702441,0.07068946957438044,4.328481632384461e-18,6.107915932143102e-17
223.235,0.3169612243387093,0.0,0.5270781296155264,0.9969152116373687,0.07848605485065732,4.805884792528054e-18,6.10434511476505e-17
223.256,0.31720480052937594,0.0,0.5263832479386127,0.9963787771623809,0.08502548100656926,5.206309158032956e-18,6.101060400951318e-17
223.282,0.3175169042848625,0.0,0.5255230743431036,0.9956559707135919,0.09310847427798905,5.7012497499016475e-18,6.096634487931756e-17
223.313,0.3179042352463649,0.0,0.5244978483980874,0.9947098305462961,0.10272464657792094,6.290070481259699e-18,6.090841050294638e-17
223.344,0.31830807635426234,0.0,0.52347319170579,0.99367259560317,0.11231550537329592,6.8773412075012095e-18,6.084489818029322e-17
223.36,0.3185229587838634,0.0,0.5229446187803899,0.9931018447519716,0.11725496130326785,7.179795652209686e-18,6.080994977014169e-17
223.391,0.3189517635988104,0.0,0.5219211703507914,0.9919279163582169,0.12680303130937515,7.764446320760394e-18,6.07380673876497e-17
223.423,0.3194116204728464,0.0,0.5208657837782158,0.9906226384488829,0.13662645495135256,8.365957536751198e-18,6.06581421669665e-17
223.449,0.3197981039063209,0.0,0.5200092226517569,0.9894928419680871,0.14458186502434653,8.853085910841032e-18,6.058896208477178e-17
223.48,0.3202739295833761,0.0,0.5189891985247868,0.9880654571896272,0.15403458153496877,9.431897861740076e-18,6.050155997476716e-17
223.501,0.32060552281937515,0.0,0.5182990788749094,0.9870493587548037,0.16041684257499517,9.822698639439634e-18,6.043934188997589e-17
223.527,0.3210264035742603,0.0,0.517445707954219,0.9857368796971211,0.1682938026339159,1.0305023335598077e-17,6.035897572612894e-17
223.556,0.3215093058317823,0.0,0.5164953798486727,0.9842026343822278,0.17704568471183607,1.0840921554260076e-17,6.026503029542939e-17
223.575,0.32183336599873497,0.0,0.5158736811481178,0.9831576600796876,0.18275944688752294,1.1190788582237283e-17,6.020104407368955e-17
223.617,0.3225712038075604,0.0,0.5145022422731179,0.9807375156749429,0.19533029807928198,1.1960531215964554e-17,6.00528529687523e-17
223.628,0.3227693251960197,0.0,0.5141437444485445,0.9800788835856089,0.19860861499337423,1.216127023173624e-17,6.001252338475136e-17
223.669,0.3235255522748181,0.0,0.5128102419436057,0.9775347971720102,0.2107740978343326,1.2906191212799324e-17,5.985674302059297e-17
223.691,0.32394285356872543,0.0,0.5120965714806466,0.9761124707990712,0.21726583797397248,1.3303695651944643e-17,5.976965064859484e-17
223.721,0.32452481799314725,0.0,0.5111256294128648,0.9741096737963629,0.22607596824152593,1.384316054355617e-17,5.964701470165941e-17
223.761,0.3253238628378244,0.0,0.5098353223503385,0.9713278141869033,0.2377441426973389,1.4557630168516384e-17,5.947667492833931e-17
223.775,0.3256097399578271,0.0,0.5093849332960325,0.970324596656852,0.24180607337847712,1.4806351688867103e-17,5.941524557148802e-17
223.809,0.32631736687075014,0.0,0.5082939016633761,0.9678256175613538,0.2516218869494152,1.5407396922400924e-17,5.926222723396612e-17
223.841,0.32700058353787675,0.0,0.5072707977550774,0.9653941277285436,0.2607952801475605,1.5969105253272362e-17,5.91133414219206e-17
223.868,0.3275899720299724,0.0,0.5064105253470617,0.963283930493293,0.2684847654027929,1.643995042851792e-17,5.898412910743463e-17
223.896,0.32821362815748084,0.0,0.5055213928826782,0.961040148547379,0.2764088147654337,1.6925158512930104e-17,5.884673708853223e-17
223.922,0.328804028552507,0.0,0.5046986159198937,0.9589071871345329,0.2837199437151674,1.737283604625235e-17,5.871613087018489e-17
223.954,0.3295455309843895,0.0,0.5036898823459506,0.956218191374229,0.29265469496489954,1.7919931772210463e-17,5.855147736764604e-17
223.99,0.3303992111972263,0.0,0.5025604399505812,0.9531112009269574,0.30262028793121754,1.8530148348600797e-17,5.836122907233441e-17
224.001,0.3306641551279683,0.0,0.5022165081096576,0.9521449675671914,0.3056467908165767,1.8715468202159063e-17,5.830206434277107e-17
224.035,0.3314951390209286,0.0,0.5011570419663197,0.9491097721400942,0.3149454562748579,1.9284847246650373e-17,5.8116212224542e-17
224.072,0.3324200578763407,0.0,0.5000104700065057,0.9457254974965201,0.32496658810554596,1.989846459766466e-17,5.790898516905757e-17
224.098,0.3330827744220506,0.0,0.49920889523029277,0.9432983906185188,0.331945999006634,2.032583025866224e-17,5.776036773559094e-17
224.119,0.3336257001501698,0.0,0.4985640317870231,0.9413094331574702,0.3375448874575975,2.0668663299675016e-17,5.763857921617526e-17
224.148,0.3343866428520248,0.0,0.49767737234831133,0.9385219788950231,0.34521948834179356,2.1138597070053223e-17,5.746789686916149e-17
224.186,0.3354032659195719,0.0,0.4965225375066238,0.9348003320530075,0.3551736746911108,2.1748115192593604e-17,5.724001172452993e-17
224.213,0.33613897326153114,0.0,0.49570696949177045,0.9321102359069471,0.36217469281756204,2.2176803914560163e-17,5.707529084279635e-17
224.251,0.3371930888403218,0.0,0.49456636259036724,0.9282626979129918,0.3719252124598355,2.2773851048056842e-17,5.683969708835159e-17
224.282,0.33806908150090526,0.0,0.49364231352146476,0.9250730816519013,0.37978914360873306,2.325537795356747e-17,5.664438942111895e-17
224.318,0.33910432176152816,0.0,0.4925767199156258,0.9213146877642566,0.3888177543655258,2.380822091677015e-17,5.6414254168897e-17
224.343,0.33983450975354706,0.0,0.49184158829431246,0.9186720259581106,0.3950211497148229,2.4188069329688262e-17,5.625243780279072e-17
224.365,0.3404846655884998,0.0,0.49119804620691837,0.9163253717862431,0.4004345302553257,2.451954328726293e-17,5.610874667677655e-17
224.402,0.3415940217586718,0.0,0.4901230089978227,0.9123363887780966,0.40944146554952365,2.507105901117127e-17,5.586449191313757e-17
224.427,0.3423548036046023,0.0,0.4894019175456671,0.9096126665970425,0.4154573344715647,2.543942474214465e-17,5.569771203059784e-17
224.455,0.34321753369320196,0.0,0.4885994707053867,0.9065364957741847,0.4221274473775207,2.5847851363156176e-17,5.550935089300567e-17
224.481,0.3440286486495318,0.0,0.48785933335428405,0.9036572077383518,0.42825652464676517,2.6223149106131528e-17,5.533304534916037e-17
224.498,0.34456417003360573,0.0,0.4873780407350956,0.9017633504096841,0.4322301005921513,2.6466460459265828e-17,5.521708003338064e-17
224.535,0.34574376040457555,0.0,0.486337881854689,0.8976126917250298,0.4407850447260508,2.6990299706789052e-17,5.496292548975488e-17
224.566,0.3467467621138192,0.0,0.48547431365466104,0.894107052342343,0.4478533007042449,2.742310555975153e-17,5.474826698730627e-17
224.577,0.34710586194808435,0.0,0.4851696516872704,0.8928574266953976,0.45033944485784577,2.757533798374784e-17,5.467174948487306e-17
224.614,0.3483259319684857,0.0,0.4841517825434308,0.8886340473855839,0.45861697507518817,2.8082190528023534e-17,5.4413142087205636e-17
224.641,0.34922802171668876,0.0,0.48341583605926475,0.8855342167300491,0.4645741609262169,2.8446962957242945e-17,5.4223332202695656e-17
224.663,0.3499703335880498,0.0,0.48282050802062026,0.8829984371492967,0.4693759260889926,2.874098627408547e-17,5.406806048535008e-17
224.692,0.35095873480077644,0.0,0.48204179425159804,0.879643578490223,0.47563344586027045,2.912414885201031e-17,5.386263463942876e-17
224.721,0.3519582958209498,0.0,0.48127005381390836,0.8762765134167334,0.4818085429236529,2.950226449466508e-17,5.3656461366190265e-17
224.744,0.35275891491465083,0.0,0.48066301931121486,0.8735986370005593,0.4866471220820741,2.979854201860417e-17,5.349248872711127e-17
224.776,0.35388428142621264,0.0,0.4798259761702065,0.8698638217549447,0.4932919334449751,3.02054193669299e-17,5.326379725031384e-17
224.807,0.3549870717060212,0.0,0.47902357366792214,0.8662377868294532,0.4996319612162645,3.0593634102760644e-17,5.3041766647058855e-17
224.825,0.35563303334955887,0.0,0.4785615488454885,0.8641296722794148,0.5032692216759049,3.081635207173884e-17,5.291268186026183e-17
224.853,0.3566460100279081,0.0,0.4778485947847342,0.8608477342550822,0.5088626321787555,3.1158849685170495e-17,5.2711721115436885e-17
224.883,0.35774224534349564,0.0,0.47709258526973286,0.8573294666035102,0.5147680892337255,3.1520454639164055e-17,5.249628935453482e-17
224.909,0.358701342803849,0.0,0.47644405428380776,0.8542802497094624,0.5198127114224302,3.18293486599793e-17,5.2309578669074736e-17
224.941,0.3598931465649967,0.0,0.4756544954020227,0.8505293545759398,0.5259275777182969,3.220377623180166e-17,5.2079902583114446e-17
224.964,0.36075742633216284,0.0,0.4750929594157212,0.8478360359602946,0.5302584804858231,3.246896754238513e-17,5.191498438202775e-17
224.993,0.36185621123567574,0.0,0.4743921321934046,0.8444448352295985,0.5356425302886771,3.2798645510260885e-17,5.1707333226022094e-17
225.024,0.3630417981114328,0.0,0.4736519593092804,0.8408274980122118,0.541303166983645,3.3145259540742305e-17,5.148583520378663e-17
225.044,0.36381267011361385,0.0,0.47317941498001553,0.8384989829543005,0.5449031616577423,3.3365695638471346e-17,5.1343254778164757e-17
225.08,0.36521190586200525,0.0,0.4723388142883032,0.8343201843481252,0.5512801737676681,3.375617501189857e-17,5.108737716129806e-17
225.103,0.36611362354700877,0.0,0.4718085554078497,0.8316601353193169,0.5552849892808697,3.400139923686947e-17,5.0924496134862806e-17
225.13,0.36717978357031344,0.0,0.47119291384224593,0.8285485626076322,0.5599172076305804,3.428504080561571e-17,5.0733967256778857e-17
225.159,0.3683339761131631,0.0,0.4705399799179106,0.8252213885327478,0.5648094013984573,3.4584601277547667e-17,5.05302366027282e-17
225.195,0.36977962975858336,0.0,0.4697415600613261,0.8211151151490059,0.5707626193732687,3.494913074442163e-17,5.0278799874937025e-17
225.217,0.37067000095075,0.0,0.4692603184552639,0.8186201297016213,0.5743353404129861,3.516789681369844e-17,5.0126026077834085e-17
225.247,0.3718924767857908,0.0,0.4686123380048511,0.8152370914859102,0.5791273475373043,3.546132262301283e-17,4.991887473172089e-17
225.274,0.373000816960246,0.0,0.4680373805300458,0.812212720474747,0.5833613774488421,3.572058218194577e-17,4.973368541780814e-17
225.311,0.37453193334950513,0.0,0.4672622719327311,0.8081020938981275,0.5890424482475451,3.606844744041383e-17,4.9481982133830784e-17
225.335,0.37553256414963626,0.0,0.46676749008419355,0.8054581477207484,0.5926526573552683,3.628950899181512e-17,4.932008712266853e-17
225.355,0.3763708502236346,0.0,0.46636001912778446,0.8032691259348798,0.5956162450100017,3.647097639858321e-17,4.918604819650213e-17
225.389,0.3778050401274272,0.0,0.4656775181407177,0.7995791393105064,0.6005607379603414,3.677373927183522e-17,4.896010168108036e-17
225.414,0.3788667962311444,0.0,0.4651839427224621,0.7968923750829855,0.604121297865419,3.699176068638151e-17,4.879558482051551e-17
225.459,0.38079303485313576,0.0,0.4643133461893311,0.7921162436703818,0.610370261819434,3.7374399371595086e-17,4.85031311181779e-17
225.48,0.3816984605666658,0.0,0.46391498950987875,0.7899151419552225,0.6132161678477344,3.75486608570067e-17,4.836835250967452e-17
225.514,0.3831729981011623,0.0,0.46328082449439917,0.786390862813671,0.6177292375168671,3.7825006673238324e-17,4.8152552651174376e-17
225.545,0.3845265399776547,0.0,0.4627143412709147,0.7832217961082011,0.6217424049403769,3.807074230522051e-17,4.7958503281317465e-17
225.575,0.3858445244234091,0.0,0.46217687543405545,0.7801969005577323,0.6255340089556346,3.830291109126648e-17,4.777328184863563e-17
225.595,0.3867275305646526,0.0,0.4618244788706057,0.7782040294526582,0.6280115353587434,3.8454615830235e-17,4.765125368763852e-17
225.638,0.38863752932881124,0.0,0.4610829785641867,0.7739860916426466,0.6332025978655967,3.877247673439459e-17,4.739297948573686e-17
225.666,0.3898895354406617,0.0,0.46061208685237487,0.7712902357477776,0.6364835993489052,3.8973380132621154e-17,4.7227905921106164e-17
225.702,0.39150861454685465,0.0,0.46002062216365674,0.7678852198854722,0.6405874562317311,3.922466889240673e-17,4.701940883226525e-17
225.722,0.3924125569217593,0.0,0.45969886629227763,0.7660241035339543,0.6428118486812464,3.936087364707406e-17,4.6905448323128894e-17
225.739,0.3931833629516258,0.0,0.4594292346961767,0.7644597318052735,0.6446714810259635,3.947474328700149e-17,4.6809658181618615e-17
225.776,0.39486864773379715,0.0,0.4588547226981611,0.7611120660858954,0.6486203996625911,3.971654481542346e-17,4.660467277622603e-17
225.786,0.39532589854770017,0.0,0.45870236424850785,0.7602209960908549,0.6496645573699001,3.978048103512651e-17,4.65501104753639e-17
225.828,0.39725437040286027,0.0,0.45807609209728833,0.7565438460644806,0.6539429707413053,4.004245829716254e-17,4.63249499748747e-17
225.854,0.3984545353843988,0.0,0.4576994969967189,0.7543215650258273,0.6565051230089425,4.019934487583704e-17,4.6188874506835073e-17
225.88,0.3996594240312915,0.0,0.457331442655722,0.7521416560252748,0.6590014637855952,4.0352201662922477e-17,4.6055393577837117e-17
225.914,0.40124199253024206,0.0,0.45686310114065953,0.7493563369002285,0.6621669580607834,4.0546032284513905e-17,4.5884841970282524e-17
225.943,0.40259788013031406,0.0,0.45647530671851255,0.7470403957213576,0.6647786452349965,4.070595200142762e-17,4.5743031472696637e-17
225.965,0.4036300996544908,0.0,0.45618832453875185,0.7453209041677927,0.666705894537092,4.0823961985876124e-17,4.5637742981334926e-17
225.991,0.40485391521930136,0.0,0.45585721689361036,0.7433311190674201,0.6689236484278134,4.095976024605455e-17,4.5515903783626807e-17
226.024,0.40641316777127884,0.0,0.45544958775690036,0.7408728111849248,0.671645351094569,4.112641646900821e-17,4.5365375839645976e-17
226.045,0.40740878738028713,0.0,0.4551975725838747,0.7393482010460405,0.6733232786782168,4.122915990123398e-17,4.527202039331936e-17
226.088,0.40945532549135855,0.0,0.45469955842689247,0.7363246966992681,0.6766283625674664,4.1431537921528123e-17,4.508688414729522e-17
226.111,0.4105541950769745,0.0,0.45444316207358026,0.7347625702956793,0.6783243805823929,4.153538907319192e-17,4.499123149229429e-17
226.141,0.4119917482921305,0.0,0.45411923938089466,0.7327836919451354,0.6804616527176656,4.166625924716035e-17,4.487006014039951e-17
226.16,0.41290461188673305,0.0,0.4539202621735867,0.7315651709333361,0.6817715164754823,4.174646527007682e-17,4.4795447247559816e-17
226.205,0.4150738289695433,0.0,0.4534681822029974,0.7287883547699856,0.6847390261637332,4.1928172832134576e-17,4.4625416296246425e-17
226.232,0.41638000769430245,0.0,0.4532099343523509,0.7271969497634403,0.6864288719559722,4.2031646044160486e-17,4.452797084387579e-17
226.243,0.41691311625071137,0.0,0.4531075274854679,0.7265648488178774,0.6870978972913939,4.207261203093912e-17,4.4489265823889706e-17
226.289,0.4191482704770614,0.0,0.45269693715118176,0.7240246002302518,0.6897741501835395,4.223648525784287e-17,4.4333720458796e-17
226.306,0.4199765842494402,0.0,0.45255243022281466,0.7231283191481207,0.6907137135210316,4.2294016919535663e-17,4.4278839070877587e-17
226.348,0.4220279919786792,0.0,0.4522122136868787,0.721013583410828,0.6929209280553423,4.242916983025942e-17,4.4149348853291685e-17
226.369,0.4230562407350189,0.0,0.4520511005094835,0.720009880854299,0.6939638113563115,4.2493028015080225e-17,4.408788979713422e-17
226.396,0.4243806387360926,0.0,0.4518527931267577,0.7187724877649381,0.6952453601658928,4.2571500247460466e-17,4.4012121322825574e-17
226.423,0.42570757480738575,0.0,0.45166445230170377,0.7175952663436702,0.6964603604808798,4.2645897559796057e-17,4.3940037300553405e-17
226.45,0.42703691767692037,0.0,0.45148610236951026,0.7164786844678526,0.6976089841044304,4.2716230471996374e-17,4.38716663795431e-17
226.471,0.42807243078331103,0.0,0.4513543078364104,0.7156524400582431,0.6984565734809021,4.276813035284074e-17,4.3821073500966023e-17
226.503,0.4296528621348644,0.0,0.45116514982957473,0.7144649002118162,0.699671284508175,4.284250995141268e-17,4.374835765737669e-17
226.53,0.43098856301747374,0.0,0.45101653285192544,0.7135304969086005,0.7006241717078892,4.29008574643666e-17,4.36911419566569e-17
226.557,0.4323261479765384,0.0,0.4508779904724509,0.7126583429229729,0.7015112873377608,4.2955177630196394e-17,4.363773792731378e-17
226.585,0.43371512152091757,0.0,0.45074497722481544,0.711820005085643,0.7023619297483849,4.3007264455465884e-17,4.3586404539859274e-17
226.595,0.43421161186110474,0.0,0.4507001064728946,0.7115369810649615,0.7026486494521715,4.3024820973840623e-17,4.35690743168088e-17
226.628,0.43585151628347046,0.0,0.45056188212316495,0.7106644327560493,0.7035311393360799,4.307885789442104e-17,4.351564614212826e-17
226.659,0.43739394537010523,0.0,0.4504458235877512,0.7099310002083146,0.7042712367711903,4.3124175792169294e-17,4.347073635102957e-17
226.685,0.43868887407424817,0.0,0.4503587987481947,0.7093805634911328,0.7048256636509506,4.315812464735228e-17,4.343703182283808e-17
226.711,0.4399848425183945,0.0,0.4502811948465174,0.7088893660479652,0.7053196911359515,4.318837510626214e-17,4.340695465401185e-17
226.747,0.4417807550140996,0.0,0.4501893133074524,0.7083073730345998,0.7059041473917151,4.322416273040527e-17,4.3371317859964645e-17
226.769,0.4428789904024972,0.0,0.45014207273814005,0.7080079643089274,0.7062044480709029,4.3242550843682724e-17,4.3352984363088074e-17
226.788,0.4438278462546624,0.0,0.4501067170899367,0.7077838021899703,0.70642911134629,4.325630750173716e-17,4.3339258392014524e-17
226.827,0.44577639585050616,0.0,0.45004995963068883,0.7074238058683334,0.7067896143059563,4.3278381941519087e-17,4.331721497486466e-17
226.86,0.44742586710712773,0.0,0.4500185547520215,0.7072245383838894,0.7069890043753825,4.329059106203431e-17,4.330501336051473e-17
226.884,0.44862573596876065,0.0,0.450005288206691,0.7071403445451384,0.7070732162347708,4.329574755123682e-17,4.329985797475801e-17
226.905,0.4496757127449233,0.0,0.4500002944546053,0.7071086500803929,0.7071049122877625,4.3297688374728913e-17,4.329791724851795e-17
226.947,0.4517756616710777,0.0,0.45000882866865266,0.7071628144119075,0.7070507435205977,4.329437149436281e-17,4.330123385727882e-17
226.973,0.4530754486372576,0.0,0.45002648653999827,0.7072748715339245,0.7069386508719625,4.328750779919486e-17,4.3308095377068807e-17
227.001,0.4544748995910517,0.0,0.45005608297083666,0.7074626528988881,0.7067507302813824,4.3276000981707466e-17,4.331959366944591e-17
227.03,0.4559238260838011,0.0,0.4500982990060394,0.7077304197666652,0.7064825920975689,4.3259582253280646e-17,4.333598966132296e-17
227.058,0.4573221485320438,0.0,0.4501502173643524,0.7080595932766358,0.7061526834679063,4.323938117591428e-17,4.335614572559044e-17
227.09,0.45891926672979627,0.0,0.4502229664394164,0.7085205909989711,0.70569013889275,4.321105848924287e-17,4.338437369484405e-17
227.106,0.45971737396771534,0.0,0.4502647026546928,0.70878493564136,0.7054246345343159,4.3194801036107074e-17,4.340056013585272e-17
227.143,0.46156165478232203,0.0,0.4503748951586397,0.7094824053064037,0.7047231488752443,4.3151847427755585e-17,4.344326783549262e-17
227.165,0.462657255851065,0.0,0.45044945964484007,0.7099539894605505,0.7042480620129873,4.312275674749658e-17,4.3472144036737846e-17
227.192,0.4640007112210089,0.0,0.4505501781576364,0.7105905028667131,0.7036058109734682,4.3083430213506776e-17,4.351111924201142e-17
227.219,0.4653427788260435,0.0,0.4506610315066869,0.7112904243628115,0.7028982374496122,4.3040103830949195e-17,4.355397707300398e-17
227.236,0.46618701259025647,0.0,0.4507360211663452,0.7117635232075509,0.7024191676137364,4.301076926389552e-17,4.35829460222985e-17
227.269,0.46782397400679393,0.0,0.4508930280834555,0.7127530588845248,0.7014150533391432,4.294928499727759e-17,4.364353760727091e-17
227.3,0.46935932632634203,0.0,0.4510542508555877,0.7137677572546901,0.7003824588777262,4.288605682217801e-17,4.3705669962827065e-17
227.326,0.4706450993744063,0.0,0.45119970660702335,0.7146819958317405,0.6994495298689963,4.282893139595937e-17,4.3761650930179155e-17
227.352,0.47192897533378314,0.0,0.4513544825748531,0.7156535361602431,0.6984554503913186,4.2768061583437565e-17,4.3821140617856317e-17
227.39,0.4738017523611215,0.0,0.4515974202131994,0.7171758097933537,0.6968922856849883,4.2672345350730186e-17,4.391435299446708e-17
227.412,0.47488388018022837,0.0,0.4517471255159183,0.7181122557616677,0.6959272865212924,4.2613256193880185e-17,4.397169377235059e-17
227.422,0.47537521964402263,0.0,0.45181736462571165,0.7185511924302878,0.6954740713046114,4.258550476565852e-17,4.3998570891663285e-17
227.452,0.4768471423051612,0.0,0.45203628362615905,0.7199175022739821,0.6940596443531283,4.2498896093720444e-17,4.408223324049948e-17
227.498,0.47909765150360883,0.0,0.4523957877221986,0.7221554533136603,0.6917308011425701,4.235629557454414e-17,4.4219268219369e-17
227.522,0.48026855020038645,0.0,0.45259476705540697,0.7233910273056481,0.6904385719335784,4.2277169356316314e-17,4.4294925306088873e-17
227.552,0.48172883204229283,0.0,0.45285445620538317,0.7250002579218777,0.6887485942005332,4.2173688065246114e-17,4.439346226225165e-17
227.579,0.48303977418461086,0.0,0.4530985612509959,0.7265094771962581,0.68715644473731,4.207619702805109e-17,4.4485875289930726e-17
227.612,0.4846375810008889,0.0,0.45341022477368104,0.7284315291258617,0.6851186082536066,4.1951415531703436e-17,4.460356702709993e-17
227.634,0.4856999540912219,0.0,0.4536261084783498,0.7297596972453309,0.6837037255101095,4.186477895055381e-17,4.46848938689118e-17
227.655,0.4867118496239727,0.0,0.4538382103275151,0.7310620396999749,0.6823109951552242,4.177949881199453e-17,4.476463934483547e-17
227.681,0.4879616202400335,0.0,0.45410894901753057,0.7327207295121275,0.6805294501659834,4.1670410643563993e-17,4.486620480329703e-17
227.718,0.4897341052081001,0.0,0.45450969083517323,0.7351682642201597,0.6778846681283752,4.150846445072403e-17,4.501607308059671e-17
227.739,0.49073684638691234,0.0,0.45474518429499633,0.7366022857354525,0.676326158483691,4.1413033258333887e-17,4.51038815735273e-17
227.771,0.49226012401063957,0.0,0.4551151837274114,0.7388489863676472,0.6738710376203301,4.1262700462992146e-17,4.5241452310420276e-17
227.797,0.49349347241090463,0.0,0.4554256835142711,0.7407283545296887,0.6718046626778799,4.113617149003664e-17,4.535653042062345e-17
227.824,0.49477003300188227,0.0,0.45575745370834053,0.7427303555473616,0.6695906353500547,4.1000601416024354e-17,4.54791176275326e-17
227.849,0.4959480880774,0.0,0.4560730856615773,0.74462909581133,0.667478471316642,4.0871268669884696e-17,4.5595381936866654e-17
227.881,0.4974503003958243,0.0,0.45648887548981654,0.7471215768045643,0.6646874073375104,4.070036529147175e-17,4.574800238038165e-17
227.902,0.4984325585735254,0.0,0.45676889291800593,0.7487945200468202,0.6628022078628376,4.058493011635114e-17,4.585044060972085e-17
227.918,0.49917900463962167,0.0,0.45698602937899085,0.7500886516060501,0.6613372927121361,4.0495229933834687e-17,4.592968331330517e-17
227.944,0.5003883268364546,0.0,0.45734583920425254,0.7522270725603843,0.6589039621274364,4.034623140824369e-17,4.6060623832152925e-17
227.982,0.502147459849961,0.0,0.4578871425298897,0.755429898154156,0.6552294781027496,4.012123415327615e-17,4.625674033773491e-17
228.017,0.5037586916805339,0.0,0.4584018122042043,0.7584591931956667,0.6517205323272992,3.9906373192661805e-17,4.6442231161547857e-17
228.039,0.5047669147612548,0.0,0.4587331694985126,0.7604012716416607,0.6494535442090875,3.9767560205528155e-17,4.656114916917684e-17
228.071,0.506226991560522,0.0,0.4592258933166993,0.7632771069999092,0.6460712483386403,3.9560454314952525e-17,4.673724329749453e-17
228.088,0.5069994974998252,0.0,0.4594928078472185,0.7648289660125761,0.6442333837578845,3.9447917566148086e-17,4.683226725612406e-17
228.11,0.5079958943789242,0.0,0.4598435080957547,0.7668615127618631,0.6418126052397124,3.9299687632961877e-17,4.695672484965564e-17
228.147,0.5096630461904045,0.0,0.46044668103513836,0.7703401209378717,0.6376332002596987,3.9043772886406166e-17,4.716972816806748e-17
228.174,0.5108726540374435,0.0,0.4608973369374037,0.7729248881316877,0.634497531363691,3.8851768542572077e-17,4.7327999511589866e-17
228.196,0.5118538241326521,0.0,0.461271044338696,0.7750590314515929,0.6318888333918544,3.869203186151448e-17,4.745867810087205e-17
228.224,0.5130967173100325,0.0,0.46175506740260824,0.7778106040942634,0.6284987383905531,3.8484448411907034e-17,4.762716333234544e-17
228.24,0.513803944800544,0.0,0.4620358499487347,0.7794002808653353,0.6265262980809636,3.836367127632463e-17,4.7724502960814045e-17
228.277,0.5154309032058124,0.0,0.4626967702392512,0.7831231842438446,0.6218666081241069,3.8078347556790444e-17,4.795246504611536e-17
228.311,0.5169152706029938,0.0,0.46331828361277894,0.7865997250160213,0.6174632560766022,3.780872000726567e-17,4.8165341772552935e-17
228.341,0.5182163271748699,0.0,0.46387785194666986,0.7897094395529357,0.613481051933137,3.756488032937337e-17,4.835575687024765e-17
228.357,0.5189068400750367,0.0,0.46418053934600445,0.7913835177573426,0.6113199880766322,3.743255333264229e-17,4.845826459597511e-17
228.387,0.5201951062931577,0.0,0.46475598990256883,0.7945505035763301,0.607198070868642,3.7180158696886504e-17,4.865218654828351e-17
228.431,0.5220690768938264,0.0,0.4656184835656706,0.7992585896276974,0.600987276825678,3.679985724464254e-17,4.8940473673929373e-17
228.449,0.5228302961344934,0.0,0.46597760300225816,0.8012051768373571,0.5983897263565102,3.664080315125804e-17,4.9059667763707924e-17
228.465,0.5235042608850493,0.0,0.46629985701499477,0.8029450339845589,0.5960530785085634,3.649772473587191e-17,4.9166203288022635e-17
228.503,0.5250947008938259,0.0,0.46707657645409084,0.8071116202839992,0.5903988756785853,3.615150466599878e-17,4.942133311677168e-17
228.529,0.5261744808671638,0.0,0.4676171521672054,0.8099888785326697,0.586445237557087,3.590941415247479e-17,4.9597514371999406e-17
228.566,0.5276990855363254,0.0,0.46839908585027884,0.8141178213314949,0.5806997270452778,3.555760309958706e-17,4.98503392011216e-17
228.587,0.5285580355857574,0.0,0.468849433260565,0.8164780757918231,0.5773764385141482,3.535411036647251e-17,4.999486310462231e-17
228.615,0.5296960248279636,0.0,0.4694571963912423,0.8196426481380528,0.5728751429004755,3.507848550320749e-17,5.018863727434633e-17
228.645,0.5309059465890379,0.0,0.4701175403093563,0.8230539407032821,0.5679632124467202,3.4777716507816205e-17,5.039751870039449e-17
228.671,0.5319466109878024,0.0,0.4706974309239301,0.8260262632267709,0.5636316283350478,3.451248347693634e-17,5.0579520963615697e-17
228.702,0.53317763872159,0.0,0.4713979513122632,0.8295876242976022,0.5583765518109265,3.4190702844709367e-17,5.079759143541578e-17
228.713,0.5336118745946477,0.0,0.4716488844999278,0.8308555176170178,0.5564881929074122,3.407507421036786e-17,5.087522751017991e-17
228.745,0.5348673327036457,0.0,0.4723858360447049,0.834555174119234,0.550924369901001,3.3734388308576666e-17,5.1101766134849096e-17
228.773,0.5359562652727919,0.0,0.4730390894244308,0.8378046531663466,0.5459701119409539,3.343102750093057e-17,5.1300739340546234e-17
228.811,0.537419571992482,0.0,0.47393804782576443,0.8422299980902421,0.539118382469853,3.30114800726602e-17,5.157171356535482e-17
228.834,0.5382970241823798,0.0,0.47448900314795744,0.8449155444953388,0.5348997314171556,3.275316219723993e-17,5.173615585580299e-17
228.85,0.5389037237400736,0.0,0.47487528835221976,0.8467862926406051,0.5319332426122467,3.257151714625802e-17,5.185070614220855e-17
228.887,0.5402949596373837,0.0,0.47577793095693216,0.8511185370235489,0.5249735573673152,3.21453593333441e-17,5.211597960304336e-17
228.903,0.5408914432739873,0.0,0.4761722670976958,0.8529938658532531,0.5219209373235782,3.195844026506532e-17,5.223081037547566e-17
228.929,0.5418540507478609,0.0,0.47681815638772646,0.8560426762057638,0.5169051523388732,3.1651312013728806e-17,5.2417496167446135e-17
228.967,0.54324590908377,0.0,0.47777334684125,0.8604993060693386,0.5094516112980572,3.119491425483136e-17,5.2690386042316704e-17
228.993,0.5441878310847454,0.0,0.4784344480277083,0.8635471542879225,0.5042680956804931,3.0877515464362355e-17,5.2877012920575495e-17
229.033,0.545620223568167,0.0,0.479463296586659,0.8682304182426829,0.4961612044871464,3.038111154681396e-17,5.3163780131163466e-17
229.062,0.5466458896471956,0.0,0.4802179868369689,0.8716190276788303,0.4901839150647546,3.001510812887849e-17,5.337127261614039e-17
229.099,0.5479386574845212,0.0,0.48119137544772994,0.8759308893914778,0.48243660413556383,2.954072215230685e-17,5.363529799837838e-17
229.115,0.548492139229382,0.0,0.48161589463569665,0.8777905870151718,0.479044554658082,2.933301902554947e-17,5.3749171635490316e-17
229.133,0.5491107663201145,0.0,0.4820960383977384,0.8798786634426342,0.475198419208654,2.9097511152188014e-17,5.3877029441153665e-17
229.165,0.5501999085047875,0.0,0.48295623500258394,0.8835787786342735,0.4682825449951829,2.8674035991246357e-17,5.410359615244954e-17
229.194,0.5511750790108517,0.0,0.4837429814387922,0.8869169380868621,0.46192893926947803,2.828498984549492e-17,5.4307999466882344e-17
229.235,0.5525343097470317,0.0,0.4848667107720121,0.8916082315990147,0.45280764276332364,2.7726471516978122e-17,5.459525834605827e-17
229.257,0.5532541660298372,0.0,0.4854751041439911,0.8941102859697337,0.4478468449404561,2.742271025822853e-17,5.4748464989877954e-17
229.268,0.5536115907593224,0.0,0.4857806972996572,0.8953569851271237,0.44534915424200333,2.7269770812272515e-17,5.4824803296507815e-17
229.306,0.5548333987475422,0.0,0.48684343586082546,0.8996398921324181,0.4366326424856152,2.673603840116296e-17,5.50870557142618e-17
229.339,0.5558780397061984,0.0,0.48777505439764945,0.9033267985260203,0.4289530219787835,2.6265797267545073e-17,5.531281361994584e-17
229.371,0.5568763202601233,0.0,0.4886859968495674,0.9068704741387644,0.42140947205222223,2.5803888053956497e-17,5.552980116976402e-17
229.396,0.557646068730364,0.0,0.4894027370511046,0.909615783884305,0.415450509337203,2.5439006823197162e-17,5.569790290939123e-17
229.412,0.5581340004515934,0.0,0.4898637419937997,0.9113615127777541,0.41160684278500936,2.5203650126190477e-17,5.58047979744683e-17
229.444,0.5590987705078736,0.0,0.4907910197555587,0.9148251975143392,0.40385004394310786,2.472868318252225e-17,5.601688749576404e-17
229.47,0.5598716849520059,0.0,0.49154950772937533,0.9176108026717062,0.39748008103575067,2.4338635448263132e-17,5.618745661774693e-17
229.503,0.5608384300579743,0.0,0.4925186010289426,0.9211072389242082,0.38930894467173716,2.3838297648583848e-17,5.640155159099939e-17
229.53,0.5616174523240239,0.0,0.49331669535473655,0.9239337057597182,0.3825526203819736,2.3424592102810823e-17,5.657462276914957e-17
229.561,0.5624985236227118,0.0,0.4942386517818421,0.9271389262619445,0.3747177756790418,2.294484622844772e-17,5.677088592058021e-17
229.588,0.563254192843401,0.0,0.4950464271204569,0.9298941636772676,0.3678271936099274,2.2522919764687567e-17,5.693959555465854e-17
229.614,0.5639714988090225,0.0,0.495828387843992,0.9325139564318552,0.36113393783997644,2.211307605196032e-17,5.71000115952253e-17
229.642,0.5647325286568291,0.0,0.4966748905890249,0.9352971980500683,0.3538631816390219,2.166787063651633e-17,5.727043599217521e-17
229.658,0.5651620426810271,0.0,0.497160606220611,0.936869325832322,0.34967966242618476,2.1411703965857708e-17,5.736670105499459e-17
229.7,0.5662708556583681,0.0,0.49844233789496717,0.9409304650332222,0.33859985229229533,2.0733261265076304e-17,5.76153741111583e-17
229.729,0.5670205959396709,0.0,0.49933286526599296,0.9436770412397156,0.3308680127136139,2.025982263549865e-17,5.778355339915313e-17
229.745,0.5674286639883078,0.0,0.49982606384369765,0.945171575845715,0.3265741756681441,1.9996900945808907e-17,5.787506725022574e-17
229.787,0.5684808495865747,0.0,0.5011268505186615,0.9490219816169633,0.31520989579613806,1.9301039497315563e-17,5.811083660538462e-17
229.817,0.5692154748853385,0.0,0.5020612509161935,0.9517057246013914,0.3070117485715174,1.879904775943704e-17,5.827516846816532e-17
229.853,0.5700782710825266,0.0,0.5031880840470621,0.9548503091850943,0.297087339092614,1.81913529443487e-17,5.846771874041932e-17
229.884,0.5708047452304341,0.0,0.5041630760646538,0.9574897137257284,0.28846741256062625,1.7663534672534497e-17,5.862933565653644e-17
229.91,0.5714022171875207,0.0,0.5049840079301754,0.9596531878372236,0.2811863422605274,1.721769770066535e-17,5.876181023882048e-17
229.935,0.5719664858948695,0.0,0.505776015864175,0.9616892125793269,0.2741420405712232,1.6786358624863617e-17,5.888648079799056e-17
229.968,0.5726959030669855,0.0,0.506825290934027,0.9643088005873773,0.2647801675158731,1.6213109231300697e-17,5.904688430144774e-17
229.985,0.5730647894038536,0.0,0.5073674637459931,0.9656274986096022,0.259929863480445,1.5916113765706774e-17,5.912763126704573e-17
230.018,0.5737674623447361,0.0,0.5084229626593383,0.9681262939665062,0.2504625299933664,1.5336406783136204e-17,5.928063835382357e-17
230.05,0.5744318805875884,0.0,0.5094501509995809,0.9704708945302722,0.24121824738110736,1.4770357727560377e-17,5.942420373260832e-17
230.066,0.5747578025132812,0.0,0.5099650413225515,0.9716136715508809,0.23657318794702198,1.4485929869170283e-17,5.94941786436297e-17
230.103,0.5754953798266067,0.0,0.5111588720870447,0.9741795323813515,0.22577475210760692,1.3824716374843397e-17,5.965129230628436e-17
230.113,0.5756908512032104,0.0,0.5114822542949341,0.9748543514771065,0.2228429792615195,1.3645197063253994e-17,5.969261305856536e-17
230.149,0.5763808494445855,0.0,0.5126488506487233,0.9772168479618676,0.21224333219084215,1.2996155870394162e-17,5.983727424646834e-17
230.187,0.5770858373232183,0.0,0.5138841352686652,0.9795952215561012,0.2009806008162304,1.2306512474015423e-17,5.998290762693609e-17
230.21,0.5775008477513482,0.0,0.5146336076550029,0.9809761670897466,0.1941282040351418,1.1886924184793035e-17,6.006746615331486e-17
230.243,0.5780808398794042,0.0,0.5157111365198256,0.9828790778319735,0.18425177980190457,1.1282167618580269e-17,6.018398583079142e-17
230.265,0.578457350872787,0.0,0.5164308350703464,0.9840956619017364,0.17763932060831397,1.0877271269284107e-17,6.025848012013787e-17
230.297,0.5789904623827258,0.0,0.5174794417318954,0.985789935469826,0.16798274651402872,1.0285976641519323e-17,6.036222445523991e-17
230.325,0.5794427584378654,0.0,0.5183985581438262,0.9871983292908754,0.15949751924498518,9.766406320765724e-18,6.044846370448426e-17
230.348,0.5798043622050155,0.0,0.5191545562548361,0.9883028915360415,0.15250375268005534,9.338161628879468e-18,6.051609863538435e-17
230.373,0.580187232047622,0.0,0.5199772347287668,0.9894494312154781,0.14487864945314316,8.87125871587916e-18,6.058630394281023e-17
230.411,0.5807488376474991,0.0,0.5212293771714549,0.9910831561619248,0.1332448031711473,8.158891085328233e-18,6.068634074412788e-17
230.424,0.5809353160950256,0.0,0.5216581537793357,0.9916116049879027,0.12925333594656485,7.914484207303909e-18,6.071869890229023e-17
230.455,0.5813683463072252,0.0,0.522681356077065,0.9928085346950416,0.11971304622589989,7.330309943836371e-18,6.079198970902283e-17
230.487,0.5817980942716918,0.0,0.5237384964687251,0.9939499240086986,0.10983418667747402,6.725404257576071e-18,6.086187964750039e-17
230.497,0.581928790152999,0.0,0.5240690159107173,0.9942868576864246,0.10674101663398033,6.53600221792692e-18,6.088251088499799e-17
230.536,0.5824220919860283,0.0,0.5253586269370167,0.9955103986549878,0.09465223806010763,5.7957780186222045e-18,6.095743116153682e-17
230.562,0.5827364222768001,0.0,0.5262187566245635,0.9962455767474208,0.08657222886814836,5.301020148921499e-18,6.100244783642188e-17
230.593,0.5830959712419482,0.0,0.5272445304027591,0.997037358566877,0.07691882488692052,4.709919634597149e-18,6.10509304899629e-17
230.615,0.5833410706362749,0.0,0.5279725600490075,0.9975430363139478,0.07005633948151906,4.289713595301133e-18,6.10818943216804e-17
230.648,0.5836930302106208,0.0,0.5290645409590612,0.9982135823789464,0.05974649742194442,3.658417841402491e-18,6.112295342628948e-17
230.668,0.5838971650904436,0.0,0.5297262295331294,0.9985683982085434,0.05348975695611269,3.2753029821736636e-18,6.114467962978961e-17
230.7,0.5842093617218177,0.0,0.530784601903341,0.9990548304814459,0.04346775461982385,2.6616323280644925e-18,6.117446501609021e-17
230.716,0.584358799033739,0.0,0.5313135828683858,0.9992604377172296,0.03845227708693801,2.3545229027222873e-18,6.118705482824942e-17
230.752,0.5846787805038265,0.0,0.5325031295302873,0.9996311356169179,0.02715865801601983,1.6629881804228145e-18,6.12097535280646e-17
230.779,0.5849039864333299,0.0,0.5333945523399636,0.9998254712478604,0.018682265494153923,1.1439588319118323e-18,6.122165315348431e-17
230.815,0.5851845363807119,0.0,0.534581904205687,0.9999728027970461,0.0073752061815160405,4.516011321622696e-19,6.12306746089905e-17
230.832,0.585309177591132,0.0,0.5351420431985805,0.9999979300563429,0.0020346702508313584,1.2458762050004826e-19,6.123221320987396e-17
230.858,0.5854900713950153,0.0,0.5359979477082543,0.999981190732812,-0.006133366171001089,-3.7556036246575705e-19,6.123118822192486e-17
230.886,0.5856717111676295,0.0,0.5369185285236798,0.9998885641424843,-0.014928472697533526,-9.141053152596543e-19,6.122551647905681e-17
230.913,0.585833926127267,0.0,0.5378049671271667,0.9997260275034049,-0.02340662154736018,-1.4332422078414056e-18,6.121556398031718e-17
230.934,0.5859513097478762,0.0,0.5384934831280934,0.9995499656698469,-0.029997768740489872,-1.8368335734801727e-18,6.120478330227124e-17
230.966,0.5861154000300841,0.0,0.539540936964384,0.9991982942655547,-0.04003459425054684,-2.451411885204761e-18,6.118324963929034e-17
231.004,0.5862870771579122,0.0,0.5407818548560807,0.998650240804976,-0.05193935444500106,-3.18036820854252e-18,6.114969104347737e-17
231.02,0.586351834209222,0.0,0.5413033182249251,0.9983772400140069,-0.05694634862758287,-3.486958178494931e-18,6.113297456623612e-17
231.041,0.5864300593702586,0.0,0.5419867548948502,0.9979810578008157,-0.06351226866334617,-3.889004826257682e-18,6.110871540227293e-17
231.073,0.5865344901933227,0.0,0.5430259156553909,0.9972949705115886,-0.07350334544964483,-4.500781836576486e-18,6.106670467213855e-17
231.09,0.5865827177609558,0.0,0.5435767974869098,0.9968901776208311,-0.07880338674897068,-4.825315767204894e-18,6.104191825623936e-17
231.127,0.5866703011373668,0.0,0.5447727897853276,0.9959129791691859,-0.090317982275717,-5.53038139497021e-18,6.098208210844241e-17
231.166,0.5867368521692812,0.0,0.5460287223742802,0.9947411909610554,-0.10242052043111774,-6.271448125648722e-18,6.091033077452412e-17
231.185,0.586759703481694,0.0,0.5466387309607387,0.9941179912905823,-0.10830244407388817,-6.631612073746119e-18,6.08721708004404e-17
231.211,0.5867808217671033,0.0,0.5474714100518996,0.9932100255273517,-0.1163350557310967,-7.123467681485827e-18,6.081657393215661e-17
231.228,0.5867882920297374,0.0,0.548014515516109,0.992582082033095,-0.12157635636441103,-7.444404783683696e-18,6.077812348264226e-17
231.27,0.5867852887800499,0.0,0.5493515565974878,0.9909154704240923,-0.1344861720557164,-8.234903006880664e-18,6.067607295402293e-17
231.288,0.5867746599221906,0.0,0.5499224211907924,0.9901513941548208,-0.14000077375952122,-8.57257497313752e-18,6.062928677614953e-17
231.314,0.5867494258063908,0.0,0.5507446244611418,0.9889954678935257,-0.14794581604785637,-9.059068503512521e-18,6.055850670635225e-17
231.347,0.5867006039156979,0.0,0.5517839919680534,0.9874402065352917,-0.15799315971756592,-9.674290866764682e-18,6.046327441414232e-17
231.374,0.5866467085004493,0.0,0.5526307519174047,0.9860951967416791,-0.16618141581714008,-1.0175676947911796e-17,6.038091631721385e-17
231.391,0.5866063433511446,0.0,0.5531621630966533,0.9852151994121952,-0.17132136716471913,-1.0490408196191088e-17,6.03270320215733e-17
231.428,0.5865013424878999,0.0,0.5543139721400522,0.9832124146139198,-0.1824646479432805,-1.1172737353064357e-17,6.020439682194386e-17
231.45,0.5864277895907565,0.0,0.5549956212797614,0.9819653771615129,-0.18906083162846762,-1.1576637114896977e-17,6.012803780071851e-17
231.477,0.5863262100693818,0.0,0.5558288066150919,0.98037842644361,-0.19712468380177853,-1.2070405652539109e-17,6.003086509486429e-17
231.5,0.5862298667248701,0.0,0.5565355343228557,0.9789780609648776,-0.20396557589320918,-1.2489289482693259e-17,5.994511743980599e-17
231.537,0.5860559822620699,0.0,0.5576664200437135,0.9766330639205794,-0.2149136069612663,-1.3159663042916354e-17,5.980152778359049e-17
231.565,0.5859089411287179,0.0,0.558517130777562,0.9747840827210833,-0.22315015588974202,-1.3664006206980273e-17,5.968831033820817e-17
231.586,0.5857899463059886,0.0,0.5591521974686856,0.9733559894016632,-0.22929918860717588,-1.4040525868743158e-17,5.96008648425826e-17
231.622,0.5855686253237167,0.0,0.5602347991709522,0.9708267861167925,-0.2397818828813794,-1.468240576821034e-17,5.94459958072221e-17
231.639,0.5854565221610506,0.0,0.5607432921096525,0.9695974173740778,-0.24470563585973748,-1.4983898684447264e-17,5.937071868243523e-17
231.671,0.5852323338438488,0.0,0.5616955665684602,0.9672235163591528,-0.25392650393733146,-1.5548514013276538e-17,5.922535916846421e-17
231.693,0.5850682512632669,0.0,0.5623464706763849,0.9655469054377357,-0.26022907869723616,-1.5934435413581746e-17,5.912269635854776e-17
231.725,0.5848151551818657,0.0,0.5632875939478088,0.9630447461676157,-0.26934145035429047,-1.649240725270438e-17,5.896948329149229e-17
231.752,0.5845883443290346,0.0,0.5640763391843081,0.9608762586851605,-0.27697800543582624,-1.696001138956014e-17,5.883670172877329e-17
231.763,0.584492470060507,0.0,0.5643962542749568,0.9599780463793144,-0.28007525858196564,-1.7149663447138575e-17,5.878170208750784e-17
231.801,0.584145860517865,0.0,0.5654949322506515,0.9568107830729784,-0.2907114125645462,-1.7800940043638856e-17,5.858776314399978e-17
231.838,0.5837854954369119,0.0,0.5665548122285521,0.9536333398152259,-0.3009708510684345,-1.8429149469880656e-17,5.839320085824583e-17
231.86,0.5835605702050776,0.0,0.5671802700553525,0.9517015766030842,-0.3070246066542612,-1.8799835089930806e-17,5.827491447652283e-17
231.888,0.5832628569130688,0.0,0.5679710809260745,0.9491984188177576,-0.3146781875406506,-1.9268481756657413e-17,5.812164026804478e-17
231.905,0.5830758687503175,0.0,0.5684483130650971,0.9476548402164838,-0.31929657657774935,-1.9551276524232425e-17,5.802712333838067e-17
231.932,0.5827692414033389,0.0,0.5692016833502934,0.9451672203902239,-0.32658678096306637,-1.999767279751285e-17,5.787480055549443e-17
231.965,0.5823784605863322,0.0,0.5701146858447113,0.9420683581745587,-0.3354209422893738,-2.0538609167083534e-17,5.768504997082378e-17
232.002,0.581919471129285,0.0,0.5711279462695839,0.9385201988712824,-0.34522432751851173,-2.1138893384167147e-17,5.746778787414267e-17
232.025,0.5816231046288203,0.0,0.5717521491477877,0.9362767635144591,-0.35126318068207707,-2.1508666494031203e-17,5.733041707770128e-17
232.051,0.5812779305587985,0.0,0.5724524449388716,0.9337070302206097,-0.358037961278702,-2.1923502162660322e-17,5.717306629505254e-17
232.088,0.5807682402387877,0.0,0.5734390988772272,0.9299907893486278,-0.367582822948402,-2.2507956377265438e-17,5.694551217061587e-17
232.135,0.5800896995172,0.0,0.5746752303092624,0.9251747594489723,-0.37954138704301577,-2.32402072393088e-17,5.665061539055532e-17
232.159,0.5797298784025924,0.0,0.5752988678702367,0.922676505400719,-0.38557498152955527,-2.3609658348073486e-17,5.649764144937281e-17
232.192,0.5792205047853407,0.0,0.5761478342428563,0.9192006856801264,-0.3937894100216328,-2.4112647026055865e-17,5.628480887461095e-17
232.219,0.5787912230493946,0.0,0.5768349751626832,0.916323404728383,-0.4004390314979097,-2.4519818908879065e-17,5.610862622922095e-17
232.24,0.5784495886217584,0.0,0.5773647016861749,0.9140657121382809,-0.4055661153167723,-2.4833762248265575e-17,5.597038242902459e-17
232.263,0.5780676763242304,0.0,0.5779400823146436,0.9115739946811752,-0.4111360507435524,-2.517482242785876e-17,5.581780873861337e-17
232.29,0.577609069452753,0.0,0.5786090505544024,0.9086247607148896,-0.41761351057623797,-2.5571452450393957e-17,5.563722024177597e-17
232.327,0.5769626982492366,0.0,0.5795142487458931,0.904543366070751,-0.4263816352721998,-2.6108345242565684e-17,5.538730689742589e-17
232.349,0.5765686147247036,0.0,0.5800460587556616,0.9020961365787813,-0.4315351206676425,-2.642390521226476e-17,5.523745730921991e-17
232.381,0.5759825058147373,0.0,0.5808109299530717,0.8985112680720692,-0.4389504540919422,-2.687796342939871e-17,5.501794742211445e-17
232.407,0.5754951078418871,0.0,0.581424722801984,0.895578033539403,-0.44490446821952234,-2.724254164656967e-17,5.483833860803554e-17
232.44,0.5748621516620664,0.0,0.582193728134834,0.8918308127570944,-0.4523690986539867,-2.7699618434988905e-17,5.460888751119791e-17
232.461,0.5744510663252511,0.0,0.5826771752566703,0.8894332307464994,-0.4570651245105498,-2.7987167086686564e-17,5.4462077954449483e-17
232.482,0.5740335696598183,0.0,0.5831559655072879,0.887026386910191,-0.46171873356520005,-2.827211845834959e-17,5.431470127444035e-17
232.524,0.5731794802712309,0.0,0.5840994007174937,0.8821877387790621,-0.4708978589332142,-2.883417778339513e-17,5.4018419527140986e-17
232.559,0.5724484560603151,0.0,0.5848709840273397,0.8781334706045577,-0.4784157269613891,-2.9294514434250965e-17,5.3770167200001397e-17
232.586,0.5718726571452375,0.0,0.5854569948016962,0.8749944061368586,-0.48413302844280937,-2.964459818220005e-17,5.3577954937367154e-17
232.614,0.5712647067437933,0.0,0.5860561309530674,0.8717302785707162,-0.48998604206958957,-3.000299190237016e-17,5.33780847685729e-17
232.651,0.5704445843650624,0.0,0.5868342830258674,0.8674060380479419,-0.49760101000497614,-3.0469274207754204e-17,5.311330140282497e-17
232.678,0.5698341821482192,0.0,0.5873922601562269,0.8642446792597283,-0.5030716990362799,-3.080425729832004e-17,5.2919724006777854e-17
232.704,0.56923695495392,0.0,0.5879216146354851,0.8611973305302958,-0.5082707525399158,-3.112260750991122e-17,5.2733127713408593e-17
232.734,0.5685364436705925,0.0,0.5885226064331409,0.8576791717426281,-0.5141852179505743,-3.148476406660275e-17,5.2517702618498126e-17
232.77,0.5676798567409322,0.0,0.5892297772810163,0.8534573282822996,-0.5211627277551985,-3.1912013319015365e-17,5.22591892644885e-17
232.797,0.5670260937834702,0.0,0.5897500068575889,0.8502928959982099,-0.5263097861668329,-3.222717974945699e-17,5.206542367109705e-17
232.827,0.5662884227157635,0.0,0.5903177263436064,0.846780810598236,-0.5319419693938376,-3.257205150751513e-17,5.185037046392654e-17
232.85,0.5657149138255869,0.0,0.5907455586229334,0.8440922423619261,-0.5361979917758135,-3.283265771687444e-17,5.168574313968224e-17
232.884,0.5648545861821846,0.0,0.5913660960604079,0.8401263337395621,-0.5423907662906162,-3.3211855791244165e-17,5.1442901274677787e-17
232.907,0.5642642009217314,0.0,0.5917777439056449,0.8374505529607434,-0.5465131026295207,-3.3464276091366574e-17,5.127905695637777e-17
232.929,0.5636932013347531,0.0,0.5921653045999201,0.8348973846801614,-0.5504056295626223,-3.370262462382746e-17,5.112272048825281e-17
232.965,0.5627457158629895,0.0,0.5927863299638549,0.830734763704879,-0.5566684402516446,-3.408611117702631e-17,5.086783346558064e-17
232.976,0.5624529847546906,0.0,0.5929728049134544,0.8294670693473334,-0.5585556202101507,-3.420166762180629e-17,5.079020957371737e-17
233.004,0.5617011101098085,0.0,0.5934404821249978,0.8262501036467339,-0.5633034406283718,-3.449238777571133e-17,5.0593227236307075e-17
233.045,0.5605828656840618,0.0,0.5941070533850409,0.8215678726751985,-0.5701107178329038,-3.4909213287683274e-17,5.0306523277699104e-17
233.071,0.5598632231241196,0.0,0.5945184215589004,0.8186180516793696,-0.5743383022789555,-3.51680781756824e-17,5.012589883566913e-17
233.097,0.5591355231292605,0.0,0.594920915088918,0.8156847584106077,-0.5784966507220491,-3.542270358121109e-17,4.994628642504164e-17
233.129,0.558228957985637,0.0,0.5954040150849407,0.8120990460469255,-0.5835196135603957,-3.5730271349321955e-17,4.9726724866599314e-17
233.143,0.5578285796943214,0.0,0.5956110840591651,0.8105393284672829,-0.5856842127015257,-3.586281481980305e-17,4.963121970952516e-17
233.175,0.556904938989935,0.0,0.596074518049065,0.8069962085505972,-0.590556618272085,-3.6161163614109716e-17,4.941426618627694e-17
233.207,0.555969618896429,0.0,0.5965241329464516,0.8034854223953924,-0.5953244291964658,-3.645310783348385e-17,4.9199292534903824e-17
233.223,0.5554976307075405,0.0,0.5967437234460046,0.8017428386534683,-0.5976691565304995,-3.659668097470873e-17,4.909259005481414e-17
233.26,0.5543952479530708,0.0,0.597238112917852,0.7977476537646684,-0.6029914434823821,-3.692257705869707e-17,4.884795553551061e-17
233.288,0.5535510128314785,0.0,0.5975997158996085,0.7947579275672763,-0.6069265495667232,-3.716353281222175e-17,4.866488760461244e-17
233.309,0.5529122591767469,0.0,0.5978637865788766,0.7925356113119599,-0.6098256347533925,-3.734105058193725e-17,4.852880998017413e-17
233.341,0.5519298471407763,0.0,0.59825435343044,0.7891836055492012,-0.6141573387433898,-3.7606290953247456e-17,4.832355882376983e-17
233.368,0.5510925264934418,0.0,0.5985727200416102,0.7863889726002036,-0.6177316438169541,-3.782515401662329e-17,4.8152436908980747e-17
233.395,0.550247618745569,0.0,0.5988807958780132,0.7836264014415428,-0.6212323743687044,-3.80395119398672e-17,4.7983278212637215e-17
233.422,0.549395228900744,0.0,0.5991785222857777,0.7808970875958334,-0.6246596982232369,-3.824937499927193e-17,4.7816155939386384e-17
233.449,0.5485354627124717,0.0,0.5994658417836547,0.7782022083004483,-0.6280137920430615,-3.845475401229634e-17,4.765114217422729e-17
233.486,0.5473454788003339,0.0,0.5998425710741642,0.7745672629928753,-0.6324915454768751,-3.8728937332800885e-17,4.742856596742754e-17
233.509,0.5465989997605992,0.0,0.6000667883836138,0.7723426804864006,-0.635206095609198,-3.88951555893346e-17,4.7292349575127876e-17
233.541,0.5455519478739246,0.0,0.6003659594261875,0.7692937480840799,-0.6388952411457987,-3.912105060298393e-17,4.7105656309761935e-17
233.557,0.5450247751388372,0.0,0.6005099425018958,0.7677899210701034,-0.6407016755894778,-3.9231662810949994e-17,4.701357346280505e-17
233.589,0.5439632499691643,0.0,0.6007866504228873,0.7648246654254376,-0.644238489347592,-3.944823019335274e-17,4.6832003921110375e-17
233.622,0.5428586878569629,0.0,0.6010562099773518,0.7618275064762984,-0.6477799397759285,-3.9665081489922803e-17,4.6648480865430413e-17
233.65,0.5419137780558393,0.0,0.6012722841165614,0.7593342357039421,-0.650700790292981,-3.984393200174762e-17,4.6495812061891724e-17
233.677,0.5409960389197098,0.0,0.6014695965284299,0.7569744036474754,-0.6534445288029804,-4.001193753094602e-17,4.6351314023167865e-17
233.688,0.5406203203325558,0.0,0.6015468633557949,0.7560257181002763,-0.6545419112409545,-4.0079132825451295e-17,4.629322378722913e-17
233.728,0.539245316753137,0.0,0.6018125475711019,0.7526393750733916,-0.6584329662836867,-4.0317391230620704e-17,4.6085870079794666e-17
233.75,0.5384833070111694,0.0,0.6019484162065282,0.7508200937147247,-0.6605067651994279,-4.0444374790832587e-17,4.5974471225162665e-17
233.789,0.5371226609405539,0.0,0.6021712968192893,0.7476722505071128,-0.6640679225964985,-4.066243279121171e-17,4.578172141974169e-17
233.815,0.5362087369021757,0.0,0.6023070618749731,0.7456296851823643,-0.6663605424804565,-4.080281527133925e-17,4.5656650365391556e-17
233.832,0.5356082767772022,0.0,0.6023902649979211,0.7443188293884353,-0.6678244381705639,-4.089245302989803e-17,4.557638359778261e-17
233.87,0.5342579622787644,0.0,0.6025602786022263,0.741460433677317,-0.6709965911173059,-4.1086691377529704e-17,4.540135733986673e-17
233.891,0.53350702100889,0.0,0.6026447364815108,0.739923994811029,-0.6726904800150575,-4.1190412158366834e-17,4.5307277592882474e-17
233.919,0.5325006630097576,0.0,0.6027467941062163,0.7379240676291607,-0.6748837458508197,-4.132471095763911e-17,4.518481737179233e-17
233.962,0.5309441084836317,0.0,0.6028799609704132,0.7349628880484926,-0.6781073316160346,-4.152209865709648e-17,4.500349741703405e-17
233.985,0.5301061679596852,0.0,0.6029394331144281,0.7334346793930183,-0.6797599363478701,-4.1623291511851387e-17,4.4909921625116254e-17
234.008,0.5292645826807806,0.0,0.6029906859531572,0.7319458609344887,-0.6813627937162919,-4.1721438219137764e-17,4.481875778712876e-17
234.03,0.5284562453148997,0.0,0.6030320020630301,0.7305590360507723,-0.6828495404146995,-4.181247519840514e-17,4.473383925438771e-17
234.058,0.527422828373681,0.0,0.6030736602353868,0.7288472751696945,-0.6846763100018224,-4.192433257478763e-17,4.462902413019183e-17
234.091,0.5261983934472582,0.0,0.603107007878778,0.7269074037196953,-0.6867354850431802,-4.205042068095178e-17,4.451024126209188e-17
234.11,0.5254903160448922,0.0,0.603118460174532,0.7258290047942689,-0.6878751745770166,-4.212020653793351e-17,4.4444208372480514e-17
234.148,0.5240675646332005,0.0,0.6031243373918036,0.7237576183007156,-0.6900542804386302,-4.225363828885492e-17,4.431737253052416e-17
234.176,0.5230137542194155,0.0,0.6031141087997813,0.7223049875361879,-0.6915746561148315,-4.2346734449122994e-17,4.4228424549718066e-17
234.197,0.5222204440932013,0.0,0.6030983134832398,0.7212569540555641,-0.6926676015423919,-4.2413658055098224e-17,4.416425100734581e-17
234.218,0.5214246670201365,0.0,0.6030755437755215,0.7202447223939185,-0.6937200731301548,-4.2478103353155594e-17,4.4102269694124314e-17
234.245,0.5203979925368694,0.0,0.6030360052202491,0.7189962804278776,-0.6950139198108746,-4.2557328612962136e-17,4.402582467124265e-17
234.286,0.5188316260364361,0.0,0.6029538474710475,0.717215545846602,-0.6968513907541269,-4.2669841258421154e-17,4.3916786125988144e-17
234.304,0.5181412509778798,0.0,0.6029093397916678,0.7164779456832088,-0.6976097428717355,-4.271627693309395e-17,4.387162114203064e-17
234.32,0.5175262426756063,0.0,0.6028654493622225,0.7158450884751757,-0.6982591276209484,-4.275604028082089e-17,4.383286981432389e-17
234.363,0.5158673551313897,0.0,0.6027272854318079,0.7142512466648252,-0.6998893888592276,-4.2855864991182514e-17,4.3735275150754243e-17
234.391,0.5147825872557508,0.0,0.602621463435479,0.7132977878268589,-0.7008610888623432,-4.2915364456109864e-17,4.367689263505253e-17
234.401,0.5143943303952817,0.0,0.6025806361299442,0.7129734946719755,-0.7011909838947094,-4.293556470088196e-17,4.3657035406346863e-17
234.445,0.5126809541393692,0.0,0.6023820098376158,0.7116486356647331,-0.7025355644780725,-4.3017896516262524e-17,4.357591118921982e-17
234.473,0.5115865162574048,0.0,0.6022394890597147,0.7108925580546396,-0.7033006262634286,-4.3064743039591836e-17,4.3529614787964416e-17
234.512,0.5100571025711108,0.0,0.602020062773173,0.7099529399472515,-0.7042491200280299,-4.3122821532233344e-17,4.347207977258273e-17
234.535,0.5091525377322105,0.0,0.6018792369711681,0.709461020679606,-0.7047446772670594,-4.3153165661561934e-17,4.344195840475469e-17
234.551,0.5085221877300731,0.0,0.6017762718064831,0.7091461359784246,-0.7050615276888037,-4.317256715430182e-17,4.3422677277684567e-17
234.595,0.506784356447785,0.0,0.6014719606529344,0.7083961656990813,-0.7058150412274025,-4.3218706551459776e-17,4.3376754842581895e-17
234.636,0.505159620072729,0.0,0.6011604647190687,0.7078509299735247,-0.7063618484428617,-4.3252188836767915e-17,4.334336878327772e-17
234.676,0.5035699273836903,0.0,0.6008305976408104,0.7074622805103861,-0.7067511030448017,-4.3276023806883883e-17,4.331957086722656e-17
234.706,0.502374934769939,0.0,0.6005663702074491,0.7072638730986676,-0.7069496543668947,-4.328818156893726e-17,4.3307421917142155e-17
234.728,0.5014972355092784,0.0,0.6003634401166867,0.7071691466795537,-0.7070444101925366,-4.329398368986591e-17,4.330162159684403e-17
234.75,0.5006184522234793,0.0,0.6001527596919564,0.7071174102261965,-0.7070961519871233,-4.3297151961022043e-17,4.329845365274387e-17
234.787,0.49913824240682997,0.0,0.5997809653131277,0.7071273803412798,-0.7070861814317113,-4.32965414405835e-17,4.329906414622006e-17
234.804,0.4984572716805211,0.0,0.5996027998026645,0.7071727430589368,-0.7070408131603853,-4.329376343517038e-17,4.3301841811569035e-17
234.842,0.4969333164158757,0.0,0.5991878494672918,0.7073669433468551,-0.7068465232708774,-4.3281866610605756e-17,4.331373314961866e-17
234.869,0.4958491604403236,0.0,0.5988790080718975,0.7075827854919584,-0.7066304562325637,-4.326863632026215e-17,4.3326949669224756e-17
234.901,0.4945629826400423,0.0,0.5984979230915957,0.707922227555212,-0.7062903933462968,-4.324781347400337e-17,4.3347734501037724e-17
234.924,0.49363781402901014,0.0,0.5982139461087627,0.708222137100466,-0.7059896631827187,-4.322939906239172e-17,4.336609866426918e-17
234.958,0.4922692416769555,0.0,0.5977787456937034,0.7087509735710338,-0.7054587567406841,-4.3196890418647506e-17,4.339848055881684e-17
234.981,0.4913429242399962,0.0,0.5974739369509537,0.7091664023856425,-0.7050411432869751,-4.317131896967922e-17,4.3423918237221055e-17
235.018,0.4898521058205796,0.0,0.596965999251298,0.7099320457041041,-0.7042701828718761,-4.312411125944821e-17,4.3470800369183173e-17
235.044,0.48880417000708243,0.0,0.5965961125990895,0.7105416274011188,-0.703655168196873,-4.308645247178965e-17,4.350812648288657e-17
235.061,0.48811889453457213,0.0,0.5963484914145962,0.7109720155499805,-0.7032203019714366,-4.305982459523775e-17,4.353448015633129e-17
235.102,0.4864661017874258,0.0,0.5957325479217013,0.7121130480083742,-0.7020648167058531,-4.298907152863981e-17,4.3604348243726046e-17
235.133,0.4852165749482747,0.0,0.5952492858440062,0.7130719879838191,-0.7010908214723711,-4.292943152138639e-17,4.36630663823012e-17
235.164,0.4839673836154014,0.0,0.5947509549735263,0.7141132255177448,-0.7000302144483783,-4.286448807153209e-17,4.372682379295491e-17
235.195,0.48271871712610825,0.0,0.594237596288909,0.7152362184768374,-0.698882788297833,-4.279422848340592e-17,4.37955872795958e-17
235.218,0.4817927379646331,0.0,0.5938470317523392,0.7161218931191808,-0.6979752389557959,-4.2738657113566225e-17,4.384981921038739e-17
235.261,0.4800628802950435,0.0,0.5930947844087879,0.7178966857365591,-0.6961496596339498,-4.2626872619911805e-17,4.395849391528852e-17
235.288,0.4789777553945396,0.0,0.5926077980290362,0.7190896577834816,-0.694917307360261,-4.2551412806542055e-17,4.4031542385225315e-17
235.316,0.4778534670131372,0.0,0.5920908844584147,0.7203902300777946,-0.6935689701885908,-4.2468850966469185e-17,4.4111179470089824e-17
235.343,0.4767704492395528,0.0,0.5915810018278519,0.7217049895767798,-0.6922007714673396,-4.23850729572403e-17,4.419168527069386e-17
235.37,0.47568865379233144,0.0,0.5910599331963401,0.7230787520033981,-0.6907656030819778,-4.2297194238771756e-17,4.427580395862122e-17
235.399,0.47452822767348196,0.0,0.5904878499358672,0.7246193680574515,-0.6891493099728241,-4.219822482964131e-17,4.4370139484586794e-17
235.422,0.4736090946029761,0.0,0.5900250151371751,0.7258887153800491,-0.6878121639545945,-4.2116348250080434e-17,4.4447864591368057e-17
235.458,0.472172785658479,0.0,0.5892844564155619,0.7279588907630347,-0.6856207795560547,-4.1982164655611776e-17,4.457462627419041e-17
235.485,0.4710975749134631,0.0,0.5887161777107641,0.7295775151537207,-0.6838981279270492,-4.187668266543639e-17,4.467373843314418e-17
235.517,0.469825679642797,0.0,0.5880284538930168,0.7315681429813145,-0.6817683273479863,-4.174626999233782e-17,4.4795629233012e-17
235.533,0.4691907792819913,0.0,0.5876788338809547,0.7325925202163058,-0.680667466038389,-4.167886167838264e-17,4.4858354248109576e-17
235.566,0.4678836369178875,0.0,0.5869456695390622,0.7347657136974264,-0.6783209756263708,-4.1535180579767244e-17,4.499142397013869e-17
235.598,0.46661928708904127,0.0,0.5862192591233854,0.7369497329573889,-0.6759475505496216,-4.1389850208604395e-17,4.512515657993815e-17
235.626,0.4655157107555986,0.0,0.5855712241893594,0.7389216931940461,-0.673791311406762,-4.125781864037943e-17,4.5245904319531553e-17
235.649,0.46461120665963324,0.0,0.5850302747002535,0.7405834312128992,-0.6719644197522137,-4.1145953789522845e-17,4.5347656426822047e-17
235.683,0.46327759331556145,0.0,0.5842164145540338,0.7431080473288909,-0.6691714503735517,-4.09749337390381e-17,4.5502244579098305e-17
235.706,0.4623779029480129,0.0,0.5836563054496386,0.7448612362532097,-0.6672194082364062,-4.0855405631285306e-17,4.560959643932168e-17
235.735,0.46124647072306035,0.0,0.5829391468887271,0.7471230271088884,-0.6646857771636544,-4.070026547211201e-17,4.574809118590907e-17
235.757,0.46039042837787675,0.0,0.5823869987357055,0.7488763885680985,-0.6627097061649259,-4.057926602093797e-17,4.585545361084757e-17
235.784,0.4593426290093357,0.0,0.5816998638341979,0.7510717060399287,-0.6602206391701724,-4.042685462453856e-17,4.5989878036597024e-17
235.816,0.45810493780504047,0.0,0.5808720007200262,0.7537344098952862,-0.6571791531536928,-4.0240617318801905e-17,4.6152921624274064e-17
235.834,0.45741078109682487,0.0,0.5803999355740339,0.7552606389037165,-0.6554245702769693,-4.0133180103611e-17,4.624637619777107e-17
235.87,0.45602704887069845,0.0,0.5794420825461936,0.7583732144916259,-0.6518205792560086,-3.9912499300212225e-17,4.643696648431294e-17
235.897,0.4549933934725515,0.0,0.5787117563504471,0.7607591084945929,-0.6490343433459528,-3.974189155576626e-17,4.6583060357004865e-17
235.919,0.454153871369282,0.0,0.5781091591995703,0.762735009895993,-0.6467111446998262,-3.9599636666478144e-17,4.670404942333763e-17
235.951,0.45293723743535735,0.0,0.5772206805005156,0.7656588762121813,-0.6432468307558924,-3.938750861734414e-17,4.688308459960037e-17
235.961,0.45255815645878045,0.0,0.5769401352618473,0.7665844590098277,-0.6421434942476718,-3.9319948741185404e-17,4.693976020012455e-17
236.002,0.4510096533364238,0.0,0.5757755798597268,0.7704369112549974,-0.6375162474602976,-3.903661159283427e-17,4.7175654865670296e-17
236.048,0.4492836445895523,0.0,0.5744418183445154,0.7748657859113047,-0.6321257895577873,-3.870654124202188e-17,4.744684522425388e-17
236.079,0.44812749421092274,0.0,0.5735269261958992,0.7779114119434904,-0.6283739612428932,-3.847680801518261e-17,4.7633336032839683e-17
236.11,0.4469771998281704,0.0,0.5725992313136405,0.7810041222577493,-0.6245258689729375,-3.824118032112136e-17,4.782270992219204e-17
236.132,0.4461645062898228,0.0,0.5719331594800519,0.7832265540536425,-0.6217364112107773,-3.8070375295132046e-17,4.795879462145024e-17
236.163,0.4450246110789823,0.0,0.5709838276614981,0.7863956860220106,-0.6177230973550943,-3.7824630696765255e-17,4.815284798750711e-17
236.189,0.4440734263720352,0.0,0.5701779669106571,0.7890863296393374,-0.6142823165095337,-3.761394363431109e-17,4.831760239218739e-17
236.213,0.4431994315074616,0.0,0.5694263457438934,0.7915954500834024,-0.6110455330065473,-3.741574780648783e-17,4.847124170821236e-17
236.253,0.44175156372844965,0.0,0.5681572596015252,0.7958292068083157,-0.6055211586648704,-3.707747743874651e-17,4.873048453928904e-17
236.285,0.4406013813985061,0.0,0.5671273898530103,0.7992605698736795,-0.6009846432690282,-3.6799695985806465e-17,4.8940594929024555e-17
236.307,0.43981491427572056,0.0,0.5664119001772447,0.8016413039887597,-0.5978053359909069,-3.6605019561723606e-17,4.908637284970724e-17
236.344,0.43850026752448856,0.0,0.5651950136660213,0.8056829217900733,-0.5923470515971281,-3.627079603613975e-17,4.9333850564895025e-17
236.355,0.43811140592339315,0.0,0.564829981479609,0.8068931837769455,-0.5906973759670042,-3.616978253713662e-17,4.940795773831267e-17
236.393,0.4367751869330258,0.0,0.5635575932696889,0.8111029817481273,-0.5849033706513385,-3.581500203393298e-17,4.966573351883591e-17
236.42,0.43583259655399076,0.0,0.5626429072596293,0.8141198803936477,-0.5806968403115629,-3.5557426338126856e-17,4.9850465282315336e-17
236.438,0.4352074128630089,0.0,0.5620282626174702,0.8161422536838364,-0.5778510376834747,-3.5383171184152194e-17,4.997429993114087e-17
236.475,0.4339305209679575,0.0,0.5607527521033204,0.8203253371043882,-0.5718971422420048,-3.501860023440949e-17,5.0230439917218125e-17
236.502,0.4330058255746466,0.0,0.5598118250138421,0.8233982715778922,-0.5674639075417393,-3.4747142900132026e-17,5.041860288556644e-17
236.53,0.43205332126030577,0.0,0.5588271087055385,0.8266015476198684,-0.5627875988971669,-3.4460801579461995e-17,5.061474697314601e-17
236.558,0.431107482198524,0.0,0.5578333873952765,0.8298201102553262,-0.5580309889386416,-3.4169543221436974e-17,5.081182709461445e-17
236.585,0.43020183798989814,0.0,0.5568667213278303,0.832936728171272,-0.5533682380326291,-3.3884032072823496e-17,5.100266490236086e-17
236.601,0.4296681722345361,0.0,0.5562900117860037,0.8347890495383488,-0.5505699254144384,-3.371268484327945e-17,5.111608687402e-17
236.638,0.42844278430234,0.0,0.5549454608400468,0.8390861367212621,-0.5439985801104517,-3.331030599364848e-17,5.13792075772306e-17
236.671,0.42736029654224017,0.0,0.5537335706812341,0.8429322618689148,-0.5380197040077206,-3.2944205419563074e-17,5.161471481979025e-17
236.693,0.42664418844820107,0.0,0.5529190817790823,0.8455020952955034,-0.5339721030643021,-3.269636134258391e-17,5.177207173380093e-17
236.721,0.4257392923231842,0.0,0.5518749601143909,0.8487780087986068,-0.5287493657489077,-3.237656091577965e-17,5.1972663583093886e-17
236.748,0.42487371343976826,0.0,0.5508602663417783,0.8519410375310192,-0.5236377264584462,-3.206356328100667e-17,5.216634323373189e-17
236.78,0.42385686899414127,0.0,0.5496478048313419,0.8556929895691221,-0.5174838235174684,-3.168674540406007e-17,5.2396084036432746e-17
236.803,0.4231321400661616,0.0,0.5487698263832507,0.8583905332452622,-0.5129967762422241,-3.141199299989753e-17,5.256126094786e-17
236.83,0.42228799543572265,0.0,0.5477322883727467,0.8615567054939455,-0.5076613469808577,-3.1085292181547065e-17,5.275513308335496e-17
236.857,0.4214510894553717,0.0,0.5466874277742735,0.8647209099886288,-0.5022526732914795,-3.075410643548058e-17,5.2948884728668044e-17
236.885,0.4205909268916075,0.0,0.545596241432314,0.8679986301271427,-0.49656658979174545,-3.040593423759889e-17,5.314958720247464e-17
236.912,0.41976903772579827,0.0,0.5445367755475732,0.8711541979793774,-0.4910095348798306,-3.0065662762070765e-17,5.334281000596121e-17
236.931,0.41919516398331524,0.0,0.543787014052308,0.8733709645504665,-0.4870556008097924,-2.9823554126925165e-17,5.347854781024826e-17
236.974,0.4179102723685714,0.0,0.5420775459303809,0.8783731908966838,-0.4779754570205232,-2.926755567555885e-17,5.378484583442354e-17
236.997,0.41723099707959044,0.0,0.5411560958871113,0.8810388061649759,-0.4730439958728936,-2.8965590770080646e-17,5.3948067694727156e-17
237.008,0.4169081156906563,0.0,0.5407136827132775,0.8823108364848445,-0.47066717308668754,-2.882005234921726e-17,5.402595708770943e-17
237.046,0.41580270488468996,0.0,0.5391769044469207,0.8866893306107564,-0.4623656896667926,-2.83117330942998e-17,5.4294062528528605e-17
237.085,0.41468450961277187,0.0,0.537586307716825,0.8911542164235141,-0.45370052077399314,-2.77811445268679e-17,5.456745793448621e-17
237.113,0.4138920220833639,0.0,0.5364361629551714,0.8943392617342181,-0.44738941082762984,-2.7394700497123855e-17,5.4762485711730854e-17
237.138,0.413191813547629,0.0,0.5354035836821457,0.8971670187566226,-0.44169145390798986,-2.7045801261958023e-17,5.4935635891043564e-17
237.17,0.41230579330871225,0.0,0.5340742278885393,0.9007625172636656,-0.43431197023893375,-2.6593938209224538e-17,5.515579667794303e-17
237.202,0.41143139583393984,0.0,0.5327364473877969,0.9043287395230344,-0.4268366559618325,-2.613620722412091e-17,5.537416481169223e-17
237.225,0.4108101717811484,0.0,0.5317698170654063,0.9068724986044492,-0.421405115387703,-2.5803621285193574e-17,5.552992513253507e-17
237.241,0.4103816195786312,0.0,0.5310949043508727,0.9086319161657017,-0.4175979417155276,-2.5570499132622192e-17,5.563765838677264e-17
237.279,0.4093757562759373,0.0,0.5294840002809761,0.912775179130848,-0.4084623267360752,-2.5011104050480743e-17,5.589136007318724e-17
237.306,0.4086713693693875,0.0,0.5283327159186381,0.9156870834126386,-0.4018919820937654,-2.460878647370576e-17,5.606966278609317e-17
237.334,0.40795002290172167,0.0,0.5271330546136741,0.9186770039175501,-0.39500957263473185,-2.4187360437984415e-17,5.625274261489541e-17
237.362,0.40723804792488805,0.0,0.5259276782174378,0.9216349643708783,-0.38805797562875827,-2.376169788686802e-17,5.643386545495405e-17
237.389,0.40656044746136166,0.0,0.5247600584587485,0.9244555250035275,-0.3812898927200305,-2.334727233334115e-17,5.66065749824828e-17
237.416,0.405891699262149,0.0,0.5235873595467361,0.9272434714052401,-0.3744590027444388,-2.2929000956144344e-17,5.677728746433538e-17
237.433,0.40547520685121313,0.0,0.5228464401043071,0.9289814814194853,-0.3701262043947422,-2.2663693574629003e-17,5.688370988437695e-17
237.46,0.4048210257084104,0.0,0.5216657136902076,0.9317132783389493,-0.3631946681421514,-2.2239259390383545e-17,5.705098420204406e-17
237.498,0.4039156278577799,0.0,0.5199958938708736,0.9354962617483802,-0.35333658776697063,-2.163562606152342e-17,5.728262512822341e-17
237.532,0.4031208290834865,0.0,0.5184941021626251,0.9388170241674688,-0.3444163107829508,-2.1089416628724036e-17,5.74859631815867e-17
237.553,0.4026371957958689,0.0,0.517562980081383,0.9408366589418061,-0.33886041549761986,-2.0749216159845115e-17,5.760963014467865e-17
237.586,0.4018884998189841,0.0,0.5160944778004037,0.943960128751041,-0.33005950270870565,-2.0210315676019177e-17,5.780088750988429e-17
237.609,0.40137489771087054,0.0,0.5150672388137831,0.9460996815813123,-0.3238755818392914,-1.9831659731073743e-17,5.793189733614421e-17
237.636,0.4007806400629434,0.0,0.5138575467769746,0.948570896449259,-0.3165647712703502,-1.938400169295242e-17,5.808321560504602e-17
237.655,0.40036809844868343,0.0,0.5130038819501275,0.9502830736560494,-0.3113873470820732,-1.9066975894952343e-17,5.818805622183947e-17
237.688,0.39966271534923,0.0,0.5115166284058312,0.9532027496700978,-0.30233180120748937,-1.8512483631460288e-17,5.836683481609705e-17
237.723,0.3989301225245754,0.0,0.5099331107990078,0.9562221799867447,-0.29264166227896793,-1.791913375035494e-17,5.855172159972356e-17
237.751,0.39835564252976524,0.0,0.5086619312625393,0.9585787799086951,-0.2848275315147,-1.7440656238925963e-17,5.869602172728793e-17
237.774,0.39789150205184753,0.0,0.5076149505597789,0.9604743539834053,-0.2783684884108835,-1.704515391579378e-17,5.881209216344496e-17
237.811,0.3971595989170695,0.0,0.5059255876784835,0.963445756870078,-0.2679034780831379,-1.6404356845747898e-17,5.899403811515201e-17
237.833,0.3967330858723275,0.0,0.5049182379270509,0.9651659146840674,-0.2616386002333514,-1.6020743715458386e-17,5.909936740319853e-17
237.86,0.3962185235571615,0.0,0.5036791464311903,0.967228433905652,-0.2539077719259883,-1.5547367008389887e-17,5.922566028134321e-17
237.887,0.39571379689040287,0.0,0.5024370882810923,0.9692364018975429,-0.24613166646472937,-1.5071217875241738e-17,5.934861286004617e-17
237.908,0.3953280605852255,0.0,0.5014690724663591,0.970759766421277,-0.24005306891957784,-1.4699011123893e-17,5.944189203444246e-17
237.946,0.39464532202240904,0.0,0.4997132476423853,0.9734292749562319,-0.22898787447850746,-1.4021463376183003e-17,5.960535228857391e-17
237.969,0.3942416767251009,0.0,0.4986480207799733,0.9749895820089266,-0.22225056799490647,-1.360892233518217e-17,5.970089354046238e-17
238.003,0.3936582965419112,0.0,0.49707009479722875,0.9772180262838244,-0.2122379068544231,-1.2995823664350167e-17,5.983734639787898e-17
238.031,0.3931898407734239,0.0,0.49576788058516585,0.9789820950636694,-0.20394621238147206,-1.2488103809559803e-17,5.994536445711463e-17
238.062,0.3926838651449077,0.0,0.4943234344351845,0.9808589452287177,-0.19471961782215813,-1.1923137834855093e-17,6.006028838446992e-17
238.091,0.39222263626273796,0.0,0.49296976718855295,0.9825410705527906,-0.1860458133820166,-1.1392020492652621e-17,6.016328885416444e-17
238.115,0.3918498096791019,0.0,0.49184784432474893,0.9838785898498815,-0.17883769299286065,-1.0950650414530192e-17,6.024518829046345e-17
238.146,0.3913801865108895,0.0,0.49039664299083535,0.9855320859812013,-0.16948895982199566,-1.0378205606841067e-17,6.034643572769461e-17
238.173,0.3909821664354598,0.0,0.4891309499060996,0.9869033074895653,-0.16131293087088938,-9.877568222605647e-18,6.043039882925161e-17
238.2,0.39059442704771596,0.0,0.4878637691471191,0.9882095949900606,-0.15310714016524696,-9.375108456498743e-18,6.0510385869564e-17
238.226,0.39023079325971005,0.0,0.4866422358435413,0.9894054805737889,-0.14517849362267754,-8.889618876002325e-18,6.058361274217696e-17
238.243,0.38999821478667407,0.0,0.4858429154407825,0.9901542166645786,-0.13998081018966405,-8.571352557041264e-18,6.062945960502655e-17
238.28,0.3895062161533092,0.0,0.484101684176776,0.9916922507352457,-0.1286331210523272,-7.876506998053325e-18,6.072363703010766e-17
238.311,0.3891090247373111,0.0,0.4826413938446937,0.9928833617972463,-0.11909084711344702,-7.292211236261485e-18,6.079657154758306e-17
238.333,0.38883547940599433,0.0,0.48160438865576144,0.9936742320071551,-0.11230102690977724,-6.876454657300974e-18,6.084499838113835e-17
238.343,0.38871343149298776,0.0,0.48113286103328845,0.9940186894471733,-0.10921009582325233,-6.687189714226085e-18,6.086609031620638e-17
238.373,0.3883558929341233,0.0,0.47971775438027286,0.9949953908247241,-0.09992082984820758,-6.118386222087736e-18,6.092589602699341e-17
238.417,0.38785490172506276,0.0,0.4776411463796229,0.9962730547811234,-0.08625543644947083,-5.281622207845119e-18,6.100413038072292e-17
238.445,0.3875506119488569,0.0,0.4763192042176594,0.9969895140427392,-0.07753650036481384,-4.747741349442843e-18,6.104800085779578e-17
238.476,0.38722692503682493,0.0,0.4748554132779076,0.9976944987019267,-0.06786521391634391,-4.155545849805049e-18,6.109116871811188e-17
238.511,0.3868781812728339,0.0,0.47320271951298154,0.9983784037016783,-0.056925943313121646,-3.485708713342905e-18,6.113304582155522e-17
238.521,0.38678179975808086,0.0,0.4727305541520271,0.9985518938304531,-0.05379698251403677,-3.294115121980063e-18,6.11436690280996e-17
238.56,0.3864197734223415,0.0,0.47088942740916734,0.9991351148821723,-0.041581512831885194,-2.54613332966364e-18,6.117938101780877e-17
238.598,0.38608828114071586,0.0,0.46909627961210726,0.9995599413385562,-0.02966350739986781,-1.816365969436597e-18,6.120539413580895e-17
238.615,0.38594678130238663,0.0,0.4682944260292812,0.9997040323947953,-0.024327918398127677,-1.4896553698092531e-18,6.12142171683494e-17
238.644,0.3857151095068797,0.0,0.4669271739408136,0.9998841378537863,-0.01522205204269738,-9.320818655271888e-19,6.122524544704251e-17
238.677,0.3854663875562963,0.0,0.4653724598799807,0.9999882081666837,-0.004856287428201702,-2.9736184273433734e-19,6.123161791582132e-17
238.704,0.3852746978042549,0.0,0.46410147210432046,0.9999934262511456,0.0036259418768869725,2.2202490567119886e-19,6.123193743134301e-17
238.737,0.38505485363625186,0.0,0.462549532254042,0.9999021068748647,0.013992021555398346,8.5676422057096775e-19,6.122634573224988e-17
238.759,0.38491712089088886,0.0,0.4615159265099379,0.9997815558410246,0.020900732046993442,1.2798007300593514e-18,6.121896411036358e-17
238.781,0.38478645404398126,0.0,0.46048322038669803,0.9996133154346618,0.027806826602890803,1.7026770596837846e-18,6.12086623566066e-17
238.813,0.38460900848540186,0.0,0.4589828544246177,0.999283598257381,0.03784561075978417,2.3173753039373154e-18,6.118847300231757e-17
238.841,0.3844660089054106,0.0,0.45767189073992187,0.9989126302452849,0.04662142357807929,2.854738857829387e-18,6.116575776288758e-17
238.868,0.3843389569946252,0.0,0.45640953176426713,0.9984822261067188,0.05507489581443932,3.3723647436263538e-18,6.113940311035585e-17
238.884,0.3842686884549089,0.0,0.45566234820706875,0.9981935908717923,0.060079573421229854,3.678812864222377e-18,6.112172929952715e-17
238.921,0.384120500363014,0.0,0.4539371713853539,0.9974307590610321,0.07163714733944508,4.386510159464937e-18,6.107501932276039e-17
238.946,0.38403167742823063,0.0,0.45277376769731,0.9968402656546597,0.07943226529281083,4.8638234719932095e-18,6.103886202975882e-17
238.985,0.3839113034893026,0.0,0.4509627702963134,0.9957989473238247,0.09156667793888007,5.606841952320302e-18,6.097509967172128e-17
239.02,0.38382213312034175,0.0,0.44934185915240976,0.9947406050574362,0.1024262107566496,6.271796557596156e-18,6.091029489827453e-17
239.041,0.38377718428512864,0.0,0.4483714076045064,0.9940497844357375,0.10892670041483678,6.669836750235627e-18,6.086799433511712e-17
239.074,0.3837194965920703,0.0,0.4468497616748148,0.9928802702081151,0.11911661945950436,7.293789337316767e-18,6.079638224234636e-17
239.096,0.38368981911178773,0.0,0.4458377063628286,0.9920439976736993,0.1258916465838194,7.708640101413214e-18,6.074517531822201e-17
239.126,0.3836606554015207,0.0,0.44446083876452686,0.9908312741342651,0.13510509315887664,8.272800994276163e-18,6.067091741818108e-17
239.153,0.38364554597058576,0.0,0.44322495566198916,0.9896690472668084,0.14337076718078814,8.77892755596263e-18,6.059975154752537e-17
239.18,0.38364097131044933,0.0,0.441992330524813,0.9884404122584288,0.15160986582141425,9.283426844867733e-18,6.052451935100875e-17
239.206,0.38364650632688085,0.0,0.4408085575363599,0.9871951293058945,0.15951732405829241,9.767619015826944e-18,6.044826776191606e-17
239.222,0.38365475259231463,0.0,0.44008169250356693,0.9863987607763822,0.16436996300668008,1.0064757453604981e-17,6.039950425338561e-17
239.25,0.38367804247370985,0.0,0.4388127251685954,0.9849505643229576,0.17283629780774462,1.0583170944336657e-17,6.031082779582447e-17
239.285,0.38372297890991813,0.0,0.4372321571113428,0.9830437878935899,0.183370965760184,1.1228233313738412e-17,6.019407141327873e-17
239.335,0.3838175809768404,0.0,0.43498559400088266,0.9801369672956805,0.19832177222994526,1.2143706178131645e-17,6.001607998623246e-17
239.372,0.38391053539591813,0.0,0.4333321874096273,0.9778501915942858,0.20930600277827371,1.2816296317236996e-17,5.987605535907841e-17
239.399,0.3839906422268416,0.0,0.43213071661346614,0.9761100630108802,0.21727665518618317,1.3304358015160118e-17,5.976950321408978e-17
239.421,0.3840635502781377,0.0,0.43115500164034487,0.974648355400386,0.22374222515055792,1.3700259993236859e-17,5.967999943676573e-17
239.459,0.3842055828120555,0.0,0.4294767841431836,0.9720324891711466,0.234846417889958,1.4380195698007937e-17,5.951982382653395e-17
239.492,0.3843454151616946,0.0,0.42802692017153415,0.969669009215308,0.24442179233325925,1.4966518281139252e-17,5.937510241839562e-17
239.502,0.38439080515190915,0.0,0.42758898714045757,0.968936251472849,0.24731061558644016,1.5143407688654774e-17,5.933023394720298e-17
239.554,0.3846493628754665,0.0,0.42532270138104517,0.9650045132017048,0.2622332730611063,1.605715692421088e-17,5.908948441276087e-17
239.581,0.38479846328289885,0.0,0.4241534296934672,0.9628844395824682,0.26991397890801455,1.652746451574131e-17,5.895966734417314e-17
239.582,0.38480417976177606,0.0,0.42411022351307315,0.9628049073697675,0.27019753948674896,1.6544827593496885e-17,5.895479740068749e-17
239.631,0.3851012232225365,0.0,0.42200208193230904,0.9588211645015586,0.2840105182979584,1.739062860788878e-17,5.871086350307858e-17
239.66,0.38529260205082816,0.0,0.42076286447802047,0.956385161721711,0.2921085798783337,1.7886491867574017e-17,5.856170135272585e-17
239.692,0.3855171484254929,0.0,0.4194029718863413,0.9536317401987867,0.30097591944445273,1.8429459818404035e-17,5.839310290998823e-17
239.725,0.38576333217206527,0.0,0.41800905199114063,0.9507224407550298,0.31004328834019124,1.8984676033146755e-17,5.821495969741032e-17
239.754,0.3859918688070405,0.0,0.41679136313427023,0.9481090038521814,0.3179454620126293,1.9468544617859642e-17,5.805493284051797e-17
239.771,0.38613111853114085,0.0,0.4160807703990595,0.9465529474056202,0.3225484735008571,1.9750397782134475e-17,5.79596518631893e-17
239.804,0.386412516975893,0.0,0.41470832006630454,0.9434830416374201,0.3314208052349793,2.029367141509279e-17,5.777167434955378e-17
239.837,0.3867084825385779,0.0,0.4133452056258731,0.940350000794649,0.3402085772074294,2.083176725597768e-17,5.75798309275689e-17
239.854,0.38686660597916644,0.0,0.41264670891448013,0.9387121514920517,0.3447020403785906,2.1106912520460134e-17,5.747954158227332e-17
239.882,0.3871353882300753,0.0,0.4115018461958929,0.9359802535963268,0.35205250301305335,2.1556998547337486e-17,5.731226108159347e-17
239.925,0.38756826252787496,0.0,0.40975750347296885,0.9317048756139593,0.3632162231470073,2.2240579253768663e-17,5.705046968353091e-17
239.951,0.3878417360500029,0.0,0.40871108712857096,0.9290747809939047,0.3698919454666834,2.2649349352308058e-17,5.688942283563568e-17
239.979,0.38814607070082074,0.0,0.40759131718878033,0.926206171795219,0.3770174098479343,2.3085658209654927e-17,5.671377118197693e-17
240.013,0.38852923142871637,0.0,0.4062417299122264,0.922674583884893,0.38557957966266787,2.3609939902523405e-17,5.649752379046251e-17
240.047,0.3889272156695217,0.0,0.4049034692702066,0.9190926975934834,0.39404138517462034,2.4128076054284406e-17,5.627819651137829e-17
240.079,0.3893152276886968,0.0,0.40365447745377603,0.9156781105937677,0.4019124255101201,2.461003827192588e-17,5.606911335939768e-17
240.096,0.38952662512757896,0.0,0.4029951759288688,0.9138478347484088,0.4060568124359507,2.486380878108321e-17,5.595704128661891e-17
240.131,0.3899732833383336,0.0,0.40164716560296193,0.9100459316178509,0.41450742133983304,2.538125933833249e-17,5.572424186164361e-17
240.17,0.39048897409740685,0.0,0.40016020743249126,0.9057593479262447,0.423792406307881,2.5949800694395053e-17,5.546176431178347e-17
240.191,0.3907744430668808,0.0,0.3993662451958846,0.903430767083422,0.4287340073834355,2.6252386491387098e-17,5.5319179857997535e-17
240.215,0.3911073210911317,0.0,0.3984646921541759,0.9007531615933856,0.4343313733539406,2.659512630735887e-17,5.5155223808359914e-17
240.241,0.3914758663025023,0.0,0.3974951139906368,0.8978338752894978,0.4403343415890278,2.6962702099083008e-17,5.4976469076967367e-17
240.273,0.39194069357414796,0.0,0.39631206702837585,0.8942163443003729,0.4476350406146473,2.7409740983746165e-17,5.475495918963496e-17
240.3,0.39234245640680554,0.0,0.3953228156158481,0.8911446804690958,0.4537192507174818,2.7782291405134975e-17,5.456687402568345e-17
240.317,0.39259987675415875,0.0,0.39470420401027073,0.889202293675973,0.4575142412224877,2.801466755387248e-17,5.4447937137238255e-17
240.349,0.39309370949471173,0.0,0.39354877352224593,0.8855299900944466,0.4645822173128556,2.844745626864843e-17,5.4223073395907565e-17
240.376,0.39351973392176726,0.0,0.3925831434649001,0.8824167212305768,0.47046862817054913,2.8807894979415467e-17,5.403244065845641e-17
240.409,0.39405194626344375,0.0,0.39141460186554083,0.8785955842502098,0.47756653917127867,2.924251667879927e-17,5.3798463499850906e-17
240.438,0.3945300075853327,0.0,0.3903984389156958,0.8752250964393634,0.48371585725786065,2.961905381438285e-17,5.3592080644394996e-17
240.455,0.3948147178316282,0.0,0.38980747965271556,0.8732446352839819,0.4872820609746941,2.9837420812729227e-17,5.347081237365631e-17
240.493,0.3954629583243753,0.0,0.3884992811577884,0.868807508066511,0.49514999134328935,3.031919259981995e-17,5.3199116691442044e-17
240.529,0.3960920043450732,0.0,0.3872764134956193,0.8645939771438991,0.502471148113496,3.0767484160054424e-17,5.294111233356779e-17
240.555,0.3965552412396715,0.0,0.386403335351479,0.8615469048798565,0.5076779793254178,3.1086310618923456e-17,5.275453296882127e-17
240.594,0.39726396469458686,0.0,0.3851098161188208,0.8569732995001225,0.515360809476112,3.155674828654547e-17,5.247448040937855e-17
240.622,0.39778293815338767,0.0,0.3841931891920373,0.8536896685028088,0.520782056038382,3.18887038990391e-17,5.2273415999856495e-17
240.647,0.39825339103373536,0.0,0.3833833825939611,0.85075937540693,0.5255554063628404,3.218098730884195e-17,5.2093987296834916e-17
240.679,0.3988652157541164,0.0,0.38235880500491526,0.8470126331726067,0.5315727600677137,3.254944395654248e-17,5.18645655026102e-17
240.699,0.3992530499610589,0.0,0.38172533407718445,0.8446742165490213,0.5352807374614718,3.2776492088871306e-17,5.172137878095286e-17
240.736,0.3999814506484133,0.0,0.38056752944298644,0.8403571589539567,0.5420330666987342,3.3189953008231433e-17,5.145703524267633e-17
240.764,0.4005419755035407,0.0,0.3797036526270792,0.8370998809140727,0.5470500794019185,3.349715643564325e-17,5.1257584486402484e-17
240.791,0.40108997374490457,0.0,0.37888076680210847,0.8339685094070012,0.5518120380323942,3.3788742305367456e-17,5.1065843281748665e-17
240.821,0.4017073821751459,0.0,0.3779782312007294,0.830502001038607,0.5570156427524001,3.410737119858662e-17,5.0853580862870097e-17
240.847,0.4022496363005577,0.0,0.37720615397413093,0.8275100457761373,0.5614509098216648,3.4378952979573555e-17,5.0670376441101313e-17
240.889,0.4031394349285574,0.0,0.37597900543211643,0.822704466097969,0.5684693144422623,3.480870631726034e-17,5.0376119552555494e-17
240.917,0.40374199700808383,0.0,0.3751748020132615,0.819521904031393,0.5730478590944741,3.508906131991456e-17,5.018124383015949e-17
240.954,0.4045495324812084,0.0,0.37412933499657713,0.8153453561522489,0.578974913274282,3.545198871639829e-17,4.9925504030575515e-17
240.986,0.4052581441122639,0.0,0.3732411134281114,0.8117622966174901,0.5839879911353469,3.5758951204219775e-17,4.970610491105568e-17
241.013,0.4058632768582041,0.0,0.3725032989352287,0.8087618309614404,0.5881362943909333,3.601296151941209e-17,4.9522379377974035e-17
241.046,0.4066117410925739,0.0,0.3716160927812475,0.8051249234565958,0.5931052669037856,3.6317223333557886e-17,4.929968302124389e-17
241.078,0.40734667733904634,0.0,0.37077119963014166,0.8016322253364955,0.5978175100330017,3.660576500680781e-17,4.908581694258545e-17
241.1,0.4078570907289305,0.0,0.3701992138687493,0.7992515566090631,0.6009966299888791,3.6800429960711354e-17,4.8940043025741433e-17
241.135,0.408677607782997,0.0,0.36930425810533307,0.7955005927482761,0.6059528091668042,3.710390840902368e-17,4.8710362731449925e-17
241.163,0.40934141102639726,0.0,0.368601669021219,0.7925336754306095,0.6098281506362668,3.734120463533271e-17,4.852869144162916e-17
241.192,0.41003572094090046,0.0,0.3678866143643878,0.789494132981333,0.6137581070650338,3.75818450633966e-17,4.8342573145060214e-17
241.22,0.4107125414623152,0.0,0.3672084897310646,0.7865930059170863,0.6174718155853939,3.780924412601787e-17,4.8164930346402736e-17
241.247,0.4113710890493657,0.0,0.3665660768547938,0.7838280407480115,0.6209779404593481,3.802393235623281e-17,4.799562505919967e-17
241.27,0.41193656688383595,0.0,0.3660277886204607,0.7814988169761067,0.6239067230483621,3.8203268567384543e-17,4.7853001237361616e-17
241.308,0.41287971748753655,0.0,0.3651566038194253,0.7777052116835709,0.6286291464132189,3.849243360028407e-17,4.762070990842499e-17
241.337,0.4136067866082665,0.0,0.36450707281318534,0.7748576382021765,0.6321357769654752,3.8707152794364716e-17,4.7446346320958665e-17
241.365,0.4143146470311934,0.0,0.3638926068101357,0.7721487717691645,0.6354417945456301,3.89095879867378e-17,4.728047609063337e-17
241.391,0.41497700226331935,0.0,0.3633332371014699,0.7696701372097048,0.6384417591978098,3.909328284218015e-17,4.7128703496658455e-17
241.429,0.41595362286262677,0.0,0.36253522463735677,0.7661132317344094,0.6427056216974139,3.935436912028738e-17,4.691090585139894e-17
241.451,0.41652358262297795,0.0,0.36208387461236174,0.7640906682975441,0.6451088672624276,3.950152546972533e-17,4.6787059559447473e-17
241.479,0.4172537004038454,0.0,0.3615207939706939,0.7615565140747753,0.6480985078445071,3.968458815819757e-17,4.663188736657449e-17
241.506,0.4179626414358603,0.0,0.3609899342342142,0.7591563079757802,0.65090836533308,3.985664230716962e-17,4.648491713075307e-17
241.534,0.4187028054552994,0.0,0.3604520337624405,0.7567133477102475,0.6537468236229911,4.003044775013226e-17,4.633532895727163e-17
241.545,0.4189949420733945,0.0,0.36024424481133743,0.7557667044440841,0.6548409642453108,4.0097444540679315e-17,4.627736377497957e-17
241.59,0.42019783145195355,0.0,0.35941502662403024,0.7519727053776507,0.6591942432750888,4.0364006002159956e-17,4.604504833434578e-17
241.617,0.420925423991084,0.0,0.3589336349439827,0.7497582561158044,0.6617118386323368,4.051816425695006e-17,4.590945242432606e-17
241.627,0.42119599013020137,0.0,0.35875842680452785,0.7489501185145152,0.6626263803812021,4.0574163788221785e-17,4.5859968267991597e-17
241.672,0.42242062535906083,0.0,0.35799071323655035,0.7453955084226155,0.6666224838867877,4.081885455658063e-17,4.5642311174428503e-17
241.69,0.4229136505136851,0.0,0.35769315714016325,0.744011855619689,0.6681664154215977,4.0913393097191015e-17,4.555758687561674e-17
241.73,0.42401552806462167,0.0,0.3570515135454818,0.7410169360226038,0.6714863368138418,4.111667965251265e-17,4.5374200940703034e-17
241.767,0.4250422074277428,0.0,0.35648215820276535,0.738346602619739,0.674421451616042,4.1296403599894864e-17,4.52106901779793e-17
241.786,0.4255721050887167,0.0,0.35619884989572004,0.7370133776452935,0.6758781555664275,4.1385600991402116e-17,4.512905369310441e-17
241.803,0.4260477258118272,0.0,0.35595059300650744,0.7358426589614461,0.6771525538994511,4.146363538337092e-17,4.505736784866062e-17
241.84,0.42708766546242133,0.0,0.3554273936717375,0.733367922606156,0.6798319572455616,4.1627701519942864e-17,4.490583395084864e-17
241.869,0.42790716759812547,0.0,0.3550337777071056,0.7314994645174892,0.6818420149936689,4.1750782059308915e-17,4.47914238899673e-17
241.879,0.4281906258385234,0.0,0.3549014117261062,0.7308698548389658,0.6825168534825121,4.1792103999074074e-17,4.475287141609151e-17
241.918,0.4293002401353692,0.0,0.35440171437215595,0.7284872044573827,0.6850594083303049,4.194779058187437e-17,4.4606976157926856e-17
241.941,0.4299576095067674,0.0,0.3541193878166582,0.7271369721939308,0.6864924061259838,4.203553639005755e-17,4.452429827694977e-17
241.984,0.4311922518752019,0.0,0.3536162612241984,0.7247235347305885,0.6890397653311465,4.21915171549016e-17,4.4376517853728544e-17
242.009,0.43191330097834485,0.0,0.3533385863644951,0.7233876065049112,0.6904421559805686,4.227738881590004e-17,4.429471584245523e-17
242.041,0.43283953704895,0.0,0.3529991353403161,0.7217506520331631,0.6921531595605873,4.238215756878002e-17,4.4194481289746415e-17
242.082,0.4340313960956843,0.0,0.35259049897318817,0.7197745074200187,0.6942079360452957,4.2507976341028096e-17,4.407347733098944e-17
242.104,0.43467317255741456,0.0,0.3523834350731233,0.718770845234998,0.69524705827509,4.257160422666012e-17,4.4012020746873894e-17
242.13,0.43543354626722913,0.0,0.35214973815144374,0.7176362251822388,0.6964181562152061,4.264331329385268e-17,4.3942545306080894e-17
242.147,0.4359317863079263,0.0,0.3520033986508122,0.7169247278924628,0.6971505823968867,4.268816146280302e-17,4.3898978662154583e-17
242.184,0.4370189660421015,0.0,0.3517025915830607,0.7154597863194657,0.6986539158694414,4.2780214089063776e-17,4.380927686173915e-17
242.217,0.4379916235378431,0.0,0.35145480375227006,0.7142505993761824,0.6998900494297402,4.285590543946071e-17,4.373523551575601e-17
242.235,0.43852328088513187,0.0,0.3513278083193886,0.7136300137029059,0.7005228072963723,4.2894650684261025e-17,4.369723560283728e-17
242.272,0.4396184312397459,0.0,0.35108488531021037,0.7124413113609941,0.7017316993454314,4.296867397318077e-17,4.362444857692921e-17
242.3,0.44044910052002983,0.0,0.35091728418201473,0.7116199478111586,0.7025646232747874,4.3019675854381724e-17,4.3574154564817094e-17
242.317,0.44095417481939725,0.0,0.35082235866930883,0.7111542987467168,0.703035961650658,4.304853700604798e-17,4.3545641783002365e-17
242.355,0.4420850123502158,0.0,0.35062886177695973,0.7102041155505723,0.7039958197709908,4.310731136478304e-17,4.348745984251427e-17
242.383,0.44291974264064937,0.0,0.3505028295192514,0.7095845018783996,0.7046203479136716,4.314555268432861e-17,4.344951944749756e-17
242.406,0.4436062505424298,0.0,0.3504098160751786,0.7091268542749732,0.705080920565917,4.3173754625545973e-17,4.342149661386388e-17
242.431,0.4443532198230448,0.0,0.3503194785920246,0.7086820767498039,0.7055279683283896,4.320112840611488e-17,4.339426184523731e-17
242.458,0.4451607367971954,0.0,0.35023451734568795,0.7082635029309229,0.7059481641140648,4.3226857977311995e-17,4.336863159086234e-17
242.502,0.446478149358981,0.0,0.3501241275195633,0.7077192662678513,0.7064937651199013,4.326026640358245e-17,4.333530670649187e-17
242.533,0.44740717545335495,0.0,0.35006725475283673,0.7074387060246402,0.7067747004655605,4.32774687321739e-17,4.331812734630105e-17
242.57,0.44851665033349636,0.0,0.3500220061918443,0.7072154069175659,0.7069981387658822,4.32911503821387e-17,4.33044542194645e-17
242.588,0.44905656052707077,0.0,0.35000890125969564,0.7071507211671745,0.7070628384752978,4.329511209674078e-17,4.3300493359606136e-17
242.619,0.4499865294230562,0.0,0.3500000018145645,0.7071067901442113,0.7071067722288836,4.329780226327594e-17,4.329780336027338e-17
242.642,0.45067651795478647,0.0,0.35000457689215325,0.7071293748084269,0.7070841868427291,4.329641930723286e-17,4.329918627211045e-17
242.671,0.4515463924291055,0.0,0.3500239167557159,0.7072248369205633,0.7069887057391248,4.3290572775837454e-17,4.3305031640613835e-17
242.702,0.45247596689793496,0.0,0.3500613268716479,0.7074094564237957,0.7068039763344501,4.32792613621303e-17,4.331633632479852e-17
242.725,0.45316535358852744,0.0,0.35010025543322754,0.7076015164397584,0.7066116995437837,4.32674878043183e-17,4.332809660898817e-17
242.758,0.45415387017532305,0.0,0.35017272683740885,0.7079589210652932,0.7062536131476185,4.32455613363742e-17,4.334998133052125e-17
242.785,0.45496199319063335,0.0,0.3502465815303255,0.7083229545907958,0.7058885124435483,4.32232053659439e-17,4.33722719551107e-17
242.816,0.4558889386725785,0.0,0.3503475264555073,0.7088202019332269,0.7053891984793498,4.319263120354264e-17,4.340271957342534e-17
242.839,0.4565759507718373,0.0,0.3504335681782768,0.70924374953442,0.7049633350369059,4.31665545884595e-17,4.342865438412973e-17
242.879,0.45776905421879827,0.0,0.3506058013696762,0.7100907859530644,0.7041101303805813,4.3114310870890224e-17,4.348052040607243e-17
242.891,0.4581265176709969,0.0,0.35066306151264787,0.7103721539282183,0.7038262590464949,4.309692876485729e-17,4.349774922558017e-17
242.935,0.4594351355177279,0.0,0.35089506174562635,0.7115109665132157,0.7026749921061868,4.3026433996186665e-17,4.356748138493246e-17
242.973,0.46056238253276977,0.0,0.3511232670802106,0.7126292670985039,0.7015408239544219,4.2956986226348976e-17,4.3635957546545357e-17
242.989,0.4610361184773251,0.0,0.35122706121836733,0.7131372824095533,0.7010244050227616,4.292536468676514e-17,4.3667064512775076e-17
243.047,0.46274849309744603,0.0,0.3516415263347014,0.7151619977039528,0.698958737723545,4.2798879044460685e-17,4.379104256799863e-17
243.08,0.4637190171465486,0.0,0.3519040214794002,0.716441118642731,0.6976475639733519,4.271859280764569e-17,4.386936613616848e-17
243.114,0.46471582008200724,0.0,0.3521946542680596,0.7178544504317065,0.6961932116843662,4.262953941386874e-17,4.3955907748743584e-17
243.153,0.4658550027302392,0.0,0.35255318857063583,0.7195937744146045,0.6943952763547167,4.2519447626542274e-17,4.4062410626160395e-17
243.194,0.46704739032542547,0.0,0.3529590131681065,0.7215568916668397,0.6923551488131569,4.2394525843361095e-17,4.4182616889125437e-17
243.231,0.4681185301484478,0.0,0.35335059546282066,0.723445441886354,0.6903815558181273,4.227367812615197e-17,4.429825723819329e-17
243.258,0.4688970523279127,0.0,0.35365147664770313,0.7248927596659084,0.6888617328491572,4.2180615809440976e-17,4.4386879892497314e-17
243.263,0.4690409234879272,0.0,0.3537085935237583,0.7251671341050197,0.6885728920121039,4.216292940911296e-17,4.4403680481428586e-17
243.306,0.47027420102599043,0.0,0.3542177911791313,0.7276079194623852,0.685993232864304,4.200497084320074e-17,4.455313548019376e-17
243.338,0.4711871362480192,0.0,0.3546175944178895,0.729517684886609,0.683961948822946,4.1880590568230334e-17,4.4670074885888656e-17
243.372,0.4721523580546354,0.0,0.3550618201470414,0.7316327679979389,0.6816989752021593,4.1742023398167766e-17,4.479958637399969e-17
243.392,0.4727177502456929,0.0,0.35533245352083015,0.7329177726839683,0.680317233710841,4.165741613343816e-17,4.487827021778146e-17
243.415,0.4733656944225207,0.0,0.35565219530116127,0.7344324737560679,0.6786817674673032,4.155727270842506e-17,4.4971018908762055e-17
243.442,0.47412315428028284,0.0,0.35603913311835117,0.7362604539869393,0.6766982665080102,4.143581830337987e-17,4.5082950415694114e-17
243.481,0.47521100185490384,0.0,0.35662005867361163,0.7389944740667311,0.6737114866905829,4.1252930786221347e-17,4.52503608626702e-17
243.499,0.47571050853896524,0.0,0.3568969222563833,0.7402930783082423,0.6722842837735437,4.1165539812017054e-17,4.5329877439056494e-17
243.55,0.4771165835327776,0.0,0.3577112166016086,0.7440959274058772,0.6680727885627341,4.090766010553994e-17,4.556273478780944e-17
243.577,0.47785528557255663,0.0,0.3581600973333473,0.7461816758911636,0.6657423725167675,4.0764963277971206e-17,4.569045004812606e-17
243.587,0.4781278489444661,0.0,0.35832946077655814,0.7469666739834846,0.6648614802784492,4.0711024184968696e-17,4.573851731818095e-17
243.633,0.4793742723826603,0.0,0.35913010533650236,0.7506630924575166,0.6606851910116631,4.045530022082454e-17,4.596485767080757e-17
243.661,0.480126878655547,0.0,0.3596347319205297,0.7529804709371005,0.6580428636398562,4.0293504332915406e-17,4.610675617767934e-17
243.679,0.48060819521862663,0.0,0.3599660058573555,0.7544965470580308,0.6563040152837012,4.018703057923701e-17,4.619958906611739e-17
243.721,0.48172345179259785,0.0,0.36075979062480745,0.7581124179579842,0.6521238852686647,3.99310714370903e-17,4.642099730230529e-17
243.733,0.4820400446886409,0.0,0.36099191650841805,0.7591652904776498,0.650897888868896,3.9856000808753156e-17,4.6485467150361225e-17
243.766,0.48290585686888343,0.0,0.36164241696226973,0.762104904408199,0.6474535617918631,3.964509660224791e-17,4.666546658990002e-17
243.793,0.48360888808255287,0.0,0.36218784755600864,0.7645572764309309,0.6445557935947184,3.9467659474882695e-17,4.681563106729788e-17
243.816,0.4842038762825932,0.0,0.36266179914708957,0.766679030163032,0.6420305792626024,3.931303469243336e-17,4.694555101312771e-17
243.844,0.48492328059377665,0.0,0.3632503075815615,0.7693016416846403,0.6388857363420452,3.912046860160927e-17,4.710613965339494e-17
243.881,0.4858654345101795,0.0,0.3640472789109034,0.7728320147483987,0.6346106499105817,3.885869505589077e-17,4.7322312657011325e-17
243.909,0.48657184514123153,0.0,0.3646649084618388,0.7755510995279291,0.6312847947012664,3.8655045159064995e-17,4.7488808580604435e-17
243.943,0.48742183818829626,0.0,0.36543158820822785,0.7789058271649845,0.6271409031536942,3.840130498307759e-17,4.7694226403740986e-17
243.973,0.48816458375433913,0.0,0.366123184757269,0.7819124288815551,0.6233882847475938,3.817152337710498e-17,4.7878327662166445e-17
244.0,0.4888271252732751,0.0,0.36675765821142386,0.7846543019375866,0.6199335661591803,3.79599828740422e-17,4.804621896525331e-17
244.025,0.48943549066506176,0.0,0.3673552399743386,0.787222356731651,0.6166692477024173,3.776010101656858e-17,4.820346696943261e-17
244.052,0.490086925089615,0.0,0.36801147852935795,0.7900263535125314,0.6130728837223947,3.75398872347334e-17,4.837516225355884e-17
244.092,0.4910411175261472,0.0,0.3690042487626617,0.7942360881851485,0.6076092792447735,3.720533794796711e-17,4.8632934158162853e-17
244.123,0.4917714899582874,0.0,0.36979040457568224,0.7975420825009076,0.6032633145154075,3.693922435821584e-17,4.8835367926002544e-17
244.144,0.49226164783346255,0.0,0.37033121458703167,0.7998021128781395,0.6002637588890936,3.675555454838435e-17,4.897375487437518e-17
244.186,0.4932305897487049,0.0,0.3714326756730108,0.8043691173861356,0.5941298873103836,3.6379963238621947e-17,4.925340324699563e-17
244.208,0.49373198204089513,0.0,0.3720201129593311,0.8067850237584452,0.5908450942836753,3.617882767532095e-17,4.940133484729006e-17
244.245,0.4945655236089823,0.0,0.37302418321808706,0.8108823783465613,0.5852091664413881,3.583372662570683e-17,4.9652225456355464e-17
244.279,0.49532056692637105,0.0,0.3739645058739035,0.8146828448254344,0.5799067703925669,3.5509048508256807e-17,4.9884936911786403e-17
244.303,0.49584714193355833,0.0,0.3746383596140268,0.8173843905540823,0.5760926644894304,3.527550187896255e-17,5.005035887825335e-17
244.34,0.49664840741885485,0.0,0.3756934416041766,0.8215773823047527,0.5700970135733655,3.490837414380436e-17,5.030710557456884e-17
244.371,0.4973097475062561,0.0,0.37659244765381616,0.825114417682194,0.5649656606670657,3.4594169398204584e-17,5.0523686527241555e-17
244.415,0.4982325044614204,0.0,0.37789170618754947,0.8301679142170859,0.5575134385864192,3.413785240232464e-17,5.083312394503944e-17
244.462,0.4991971551948367,0.0,0.3793093085470797,0.8356027451892627,0.5493341899355694,3.363701786833996e-17,5.11659113627386e-17
244.475,0.4994600800453641,0.0,0.3797067790576112,0.8371117248368776,0.5470319553194565,3.3496046655664515e-17,5.12583097175101e-17
244.508,0.5001198248340986,0.0,0.38072608435636923,0.8409516419337963,0.5411102807458493,3.31334486650565e-17,5.1493436826596737e-17
244.537,0.500690407317008,0.0,0.38163398536749876,0.8443356311031275,0.5358146527015508,3.2809184968360246e-17,5.1700646401825274e-17
244.566,0.5012522808996085,0.0,0.3825531341535644,0.8477266358373262,0.530433361405492,3.247967591031035e-17,5.190828555650677e-17
244.593,0.5017674856611584,0.0,0.3834189054127754,0.8508884908768587,0.5253463391833068,3.2168185636230816e-17,5.2101893339183344e-17
244.615,0.5021815778679374,0.0,0.38413142145087426,0.8534671293911037,0.5211466770966778,3.1911030499636286e-17,5.225978940931475e-17
244.649,0.5028113550984277,0.0,0.3852449504490618,0.8574544036159357,0.5145599534744616,3.1507709999595517e-17,5.250393954015292e-17
244.687,0.5035004163564393,0.0,0.3865070503671273,0.8619105613047189,0.5070603359674118,3.1048490870853624e-17,5.2776800502656124e-17
244.717,0.5040332326219819,0.0,0.38751637596978433,0.8654257997990242,0.5010371094462158,3.067967461686752e-17,5.299204678117066e-17
244.733,0.504313327228149,0.0,0.38805929787240245,0.8672988078256113,0.49778788448924033,3.0480716969704026e-17,5.3106735445397515e-17
244.76,0.5047795052001507,0.0,0.38898268861794183,0.8704556164723559,0.4922469093369006,3.014143009548063e-17,5.3300034225635337e-17
244.789,0.505271073326431,0.0,0.3899844669355764,0.873839332106752,0.4862147896385152,2.9772069291445564e-17,5.350722705167974e-17
244.823,0.5058352151316872,0.0,0.39117197824840716,0.8777948526263628,0.47903673836425315,2.9332540415588533e-17,5.374943282884489e-17
244.837,0.5060636554815382,0.0,0.3916649921229215,0.8794193000028092,0.4760479963013909,2.9149532745550466e-17,5.384890154284231e-17
244.874,0.5066564716445399,0.0,0.3929791610445015,0.8836983749274848,0.4680568150882139,2.8660214020844285e-17,5.41109193133331e-17
244.902,0.507094470733328,0.0,0.39398434925316206,0.8869211563599397,0.46192083997276767,2.828449390660534e-17,5.430825776161347e-17
244.931,0.5075383755880931,0.0,0.3950350038346285,0.890243039210549,0.4554858188101633,2.7890462503143887e-17,5.4511664421620527e-17
244.96,0.5079722875957333,0.0,0.3960952661172757,0.8935468058652916,0.4489700499230822,2.74914867275665e-17,5.471396178456354e-17
244.97,0.5081195800522047,0.0,0.396463078065555,0.8946814988677381,0.4467046178223118,2.7352769019021793e-17,5.4783441692236585e-17
245.016,0.5087815949767979,0.0,0.3981693772702613,0.8998683503397105,0.4361616123146191,2.6707196121602352e-17,5.5101044744876776e-17
245.035,0.5090475383138233,0.0,0.39888095640489185,0.9019938826423214,0.4317488108563012,2.6436989962542263e-17,5.523119606142061e-17
245.075,0.5095929550576885,0.0,0.4003917940833075,0.9064333503345736,0.4223488858766412,2.5861410560613972e-17,5.550303505638235e-17
245.097,0.5098845149141974,0.0,0.4012300381395948,0.9088532526021063,0.417116009324231,2.554098928460185e-17,5.565121133469151e-17
245.126,0.5102596432194122,0.0,0.40234276970135646,0.9120178061002403,0.41015060813816234,2.5114481471237043e-17,5.584498435030254e-17
245.143,0.510474653628389,0.0,0.4029991214273496,0.9138588448971133,0.40603203273056393,2.4862291461738922e-17,5.595771546378737e-17
245.194,0.5110978164227992,0.0,0.40498587106838657,0.9193155438987844,0.39352119478635716,2.409622357958772e-17,5.629184191210272e-17
245.214,0.5113331772900347,0.0,0.40577211607570157,0.9214267063459107,0.38855221635261183,2.3791961402891796e-17,5.642111332877039e-17
245.243,0.5116653579187965,0.0,0.4069191691169307,0.9244574326739935,0.381285267449201,2.3346989117185326e-17,5.66066917936093e-17
245.276,0.5120301845785828,0.0,0.4082343516369937,0.927860324396597,0.3729278997482512,2.2835247936972043e-17,5.681505881640587e-17
245.293,0.5122126218815436,0.0,0.4089159245965428,0.9295934767155596,0.368586445827676,2.2569410554598137e-17,5.692118378839849e-17
245.314,0.5124327925663827,0.0,0.4097616195245784,0.9317151243803812,0.3631899324056917,2.2238969410158695e-17,5.70510972394806e-17
245.37,0.5129916722171871,0.0,0.41203668454536774,0.9372638204829654,0.34862089841785954,2.1346873368165314e-17,5.739085688555416e-17
245.408,0.5133473376144985,0.0,0.4135965429462548,0.9409339741404892,0.33859010072384765,2.0732664153721996e-17,5.761558898200742e-17
245.439,0.5136232559656,0.0,0.4148784144839808,0.9438681211451251,0.3303225240366927,2.022642108739052e-17,5.779525366888018e-17
245.469,0.513878025796882,0.0,0.41612675888107375,0.9466543431407597,0.32225076355648374,1.9732168305611917e-17,5.796586056131357e-17
245.496,0.5140969647684941,0.0,0.417256712612155,0.9491156645549268,0.3149276985221523,1.9283759897899822e-17,5.811657303089021e-17
245.525,0.5143211420234108,0.0,0.41847702556455446,0.9517089757466338,0.30700167016368674,1.8798430634942523e-17,5.827536754339606e-17
245.561,0.5145835306838936,0.0,0.42000127347497423,0.9548534745191547,0.2970771653942761,1.8190729984993453e-17,5.846791256123058e-17
245.593,0.5148019029227394,0.0,0.42136466495751307,0.9575768660274117,0.288177975648939,1.764581177316185e-17,5.863467219590117e-17
245.624,0.5150000446211989,0.0,0.4226928852914944,0.9601488330825618,0.2794892096847298,1.7113778301831387e-17,5.879215975698129e-17
245.64,0.5150971291460318,0.0,0.42338121999110967,0.9614501773947282,0.27497919264490867,1.683761940523554e-17,5.887184411430544e-17
245.692,0.5153881730755894,0.0,0.42563111914049157,0.9655533440340409,0.2602051879280677,1.593297252588218e-17,5.912309060886556e-17
245.719,0.5155244613894193,0.0,0.4268068534431352,0.9676058048330148,0.2524658520542008,1.5459074880609313e-17,5.92487675862575e-17
245.741,0.5156279831076038,0.0,0.42776854471756764,0.9692377489576244,0.24612636184601838,1.5070893061025482e-17,5.934869534368703e-17
245.77,0.5157540820216825,0.0,0.4290411641473146,0.9713324528558385,0.23772519014412485,1.455646965933492e-17,5.94769589648925e-17
245.793,0.5158456880202609,0.0,0.4300543809173917,0.9729473182413308,0.23102708916272674,1.4146329262973173e-17,5.957584095116235e-17
245.836,0.515996938946739,0.0,0.43195762016482575,0.9758539238563223,0.21842417287063062,1.3374623208121297e-17,5.97538192143015e-17
245.85,0.5160405399573744,0.0,0.4325797323883371,0.9767681093099576,0.21429899821289564,1.312202911109535e-17,5.980979692878258e-17
245.888,0.5161448655421623,0.0,0.43427419679295504,0.9791683771439209,0.20304996725274368,1.2433224623152372e-17,5.995677094478055e-17
245.924,0.5162247448577398,0.0,0.43588714762255915,0.9813312120279015,0.19232538131991248,1.1776533131411249e-17,6.008920638566811e-17
245.974,0.516304976775041,0.0,0.43813916328957964,0.9841519565152899,0.17732717357226152,1.0858157775855859e-17,6.026192717105275e-17
245.998,0.5163307641786623,0.0,0.43922479660091984,0.9854289086369828,0.17008781856007466,1.041487512867756e-17,6.034011793747753e-17
246.027,0.516350882698809,0.0,0.440540470295491,0.9869042182071774,0.1613073590537018,9.877227047201438e-18,6.043045459462204e-17
246.055,0.5163588199173716,0.0,0.4418146509580201,0.9882575844640276,0.15279707703135362,9.356122565275939e-18,6.051332437734832e-17
246.077,0.5163571246265067,0.0,0.4428183692130578,0.9892714470580155,0.14608902777327226,8.945373012654333e-18,6.057540555637344e-17
246.11,0.5163414715604464,0.0,0.4443280333681697,0.9907097272577395,0.13599351571635843,8.327201186341681e-18,6.06634748185169e-17
246.138,0.5163158330259205,0.0,0.44561265156756985,0.9918516852534697,0.1273979374238534,7.800873814204844e-18,6.073339957872849e-17
246.165,0.5162803495183859,0.0,0.44685445666684953,0.9928840409353116,0.11908518487186653,7.291864523960108e-18,6.079661313279595e-17
246.189,0.5162399278886902,0.0,0.447960704615478,0.9937445144022831,0.11167739294669538,6.8382680904645844e-18,6.084930193664984e-17
246.223,0.516168338323452,0.0,0.44953160586011237,0.9948706693305834,0.10115508541698166,6.193962578669185e-18,6.091825903806419e-17
246.252,0.5160939894490378,0.0,0.45087476063112,0.9957445485766266,0.09215635615588391,5.642949329369335e-18,6.09717687091396e-17
246.286,0.5159912267857856,0.0,0.4524530966440483,0.9966667221881137,0.0815809100390612,4.995390017543224e-18,6.102823555721789e-17
246.307,0.515919339929743,0.0,0.4534297867929767,0.9971807729292452,0.07503669835642413,4.594672623039013e-18,6.10597120869542e-17
246.335,0.5158134872740826,0.0,0.4547340947953673,0.9977998702198054,0.06629795614752727,4.059578989304043e-18,6.109762086271646e-17
246.373,0.5156515339568445,0.0,0.4565077409834352,0.9985182896570295,0.05441714086940472,3.3320888692233553e-18,6.114161136592855e-17
246.396,0.5155432703392249,0.0,0.45758309094280947,0.9988847032624771,0.0472159886927398,2.891145471057071e-18,6.116404772838232e-17
246.425,0.5153957556000257,0.0,0.45894078035933517,0.9992728938104257,0.038127204142680025,2.33461792568854e-18,6.118781754398255e-17
246.443,0.515298018308259,0.0,0.4597844356699634,0.9994723337054519,0.03248159721100545,1.988924202782571e-18,6.120002971543584e-17
246.481,0.515076148279713,0.0,0.46156767814388316,0.999788729104975,0.020554735577454145,1.2586145566124721e-18,6.121940334610039e-17
246.504,0.5149316171160088,0.0,0.46264833126071464,0.999911127172762,0.013331832435815292,8.163392959645029e-19,6.122689806619725e-17
246.527,0.514779364972338,0.0,0.4637298824945675,0.9999813514594127,0.006107105157644624,3.7395233916828903e-19,6.123119806359071e-17
246.557,0.5145691760813002,0.0,0.4651418166687623,0.999994496891495,-0.0033175573432558027,-2.031417990703008e-19,6.123200298915687e-17
246.586,0.5143535180882566,0.0,0.4665078377564102,0.9999227774617768,-0.012427353424037689,-7.609559296310328e-19,6.122761144065481e-17
246.63,0.5140029127693371,0.0,0.46858221438676145,0.9996555853225091,-0.026243298830591753,-1.6069385955975834e-18,6.121125064074924e-17
246.655,0.5137911504574687,0.0,0.46976161202464883,0.9994188400652995,-0.034087858872793406,-2.0872793629176572e-18,6.119675417467647e-17
246.691,0.5134702499075343,0.0,0.47146067381783924,0.9989700684622312,-0.045374026893862905,-2.7783578399997563e-18,6.116927483931418e-17
246.72,0.513198061558491,0.0,0.47282979949000775,0.9985162368211774,-0.05445479597312156,-3.334394579335275e-18,6.114148566598577e-17
246.75,0.5129036561470115,0.0,0.47424635956407046,0.9979603875219442,-0.06383623529823013,-3.908842061379741e-18,6.110744971273005e-17
246.76,0.5128026247056368,0.0,0.4747185659816005,0.9977556474596573,-0.06696019685126431,-4.100129537208876e-18,6.109491299963321e-17
246.808,0.5122975488000797,0.0,0.4769850216772768,0.9966381041420664,-0.08192978318113352,-5.016752336380591e-18,6.102648320729341e-17
246.828,0.5120772849376274,0.0,0.47792919435216613,0.9961069213636818,-0.08815328247642158,-5.397831760954107e-18,6.099395764282786e-17
246.843,0.5119083047721704,0.0,0.478637204499922,0.9956833718273257,-0.09281499375945394,-5.683279251019842e-18,6.096802271362891e-17
246.899,0.5112488630196564,0.0,0.4812791372115276,0.9939128476727166,-0.11016919365735275,-6.745917518856097e-18,6.085960937669116e-17
246.924,0.5109399477574667,0.0,0.4824576913989636,0.9930267963543434,-0.11788885325691013,-7.218610339811351e-18,6.080535438114486e-17
246.96,0.5104794124297464,0.0,0.4841535708866972,0.9916482675379021,-0.12897175461734697,-7.897242323627593e-18,6.07209438360155e-17
246.987,0.510121883585751,0.0,0.4854243558824905,0.9905355882170067,-0.13725614185014975,-8.404514739005048e-18,6.06528118775749e-17
247.022,0.5096429968383882,0.0,0.487070000687519,0.9889937913708289,-0.14795702291528204,-9.059754726228587e-18,6.055840404894454e-17
247.066,0.5090163498192031,0.0,0.4891357324897895,0.9868982509683468,-0.16134386333424033,-9.87946228971727e-18,6.043008920662535e-17
247.098,0.5085434507007852,0.0,0.49063563258862,0.9852657427994267,-0.17103045362126,-1.0472594879199795e-17,6.033012691144286e-17
247.121,0.5081946642565891,0.0,0.49171227418212365,0.9840367226228605,-0.17796552623938064,-1.089724560338159e-17,6.02548711301769e-17
247.151,0.5077285889506119,0.0,0.49311466746747723,0.9823645756960869,-0.18697550753359954,-1.1448947840998725e-17,6.015248166109803e-17
247.184,0.5072013967772984,0.0,0.49465459243697246,0.9804361059268202,-0.19683760361031874,-1.2052827060660617e-17,6.003439694458878e-17
247.217,0.5066590678050803,0.0,0.4961914536640954,0.9784157661825857,-0.20664604638207754,-1.2653420962913338e-17,5.991068681454044e-17
247.236,0.5063399777870365,0.0,0.4970748323613581,0.9772114843168946,-0.21226802613481752,-1.299766793836655e-17,5.983694581793595e-17
247.268,0.5057913093527834,0.0,0.49856003391813764,0.9751164516937096,-0.2216932692624413,-1.3574797629738052e-17,5.970866206813131e-17
247.296,0.5052996846741258,0.0,0.4998567718316785,0.9732156162370164,-0.22989424593148142,-1.407696262111916e-17,5.959226946524404e-17
247.319,0.5048878267601049,0.0,0.5009198803900752,0.971607752561144,-0.23659749610484646,-1.4487418314553928e-17,5.949381621003793e-17
247.341,0.5044871299953527,0.0,0.5019349431714561,0.9700311876471447,-0.24298044158300056,-1.4878261002001603e-17,5.939727945125906e-17
247.379,0.5037795517464126,0.0,0.5036838313374578,0.9672207470482606,-0.25393705219877777,-1.5549159908007378e-17,5.92251895970782e-17
247.396,0.5034566886226585,0.0,0.5044643467572715,0.9659282877984346,-0.25880985844975923,-1.5847533236913862e-17,5.914604929291182e-17
247.436,0.502681696305667,0.0,0.5062960347207102,0.9628034460087547,-0.2702027467544825,-1.6545146446684995e-17,5.895470791813315e-17
247.462,0.5021664825732077,0.0,0.5074828544821018,0.9607105872556723,-0.2775520987758179,-1.699516446812177e-17,5.882655727948165e-17
247.496,0.5014791918649601,0.0,0.5090301441228676,0.9579023600619293,-0.28709418069300163,-1.7579448471975814e-17,5.865460295727685e-17
247.525,0.5008809077567777,0.0,0.510345506591998,0.9554447472263942,-0.2951700103287795,-1.807395041767155e-17,5.850411757264778e-17
247.549,0.5003774241680219,0.0,0.5114309142502945,0.9533685528600074,-0.301808552591896,-1.8480443894348052e-17,5.837698733338762e-17
247.581,0.49969441487380056,0.0,0.5128735027961328,0.9505422483522019,-0.31059528988305823,-1.9018476379276577e-17,5.820392609494263e-17
247.598,0.49932615640542133,0.0,0.5136376666517297,0.9490144247197956,-0.31523264690345054,-1.9302432600852924e-17,5.811037387888823e-17
247.625,0.4987336023041625,0.0,0.5148480918448194,0.9465512568577756,-0.32255343455149466,-1.975070155887366e-17,5.795954834698895e-17
247.653,0.4981092082620381,0.0,0.516099024907898,0.9439505746091333,-0.3300868259944449,-2.0211988744740315e-17,5.7800302487419e-17
247.68,0.49749763318653384,0.0,0.5173009889524433,0.9413994664748411,-0.33729370661321956,-2.065328290882129e-17,5.7644092166872e-17
247.713,0.4967375982184701,0.0,0.5187641550299401,0.938225628187558,-0.3460240896412594,-2.1187864690352257e-17,5.744975062189537e-17
247.743,0.4960347602480353,0.0,0.5200885009656209,0.9352889487512834,-0.35388498462596435,-2.1669205684424877e-17,5.726993086830761e-17
247.774,0.4952966834228636,0.0,0.5214510047096647,0.9322050034093885,-0.3619307000221203,-2.2161863664762525e-17,5.708109367872275e-17
247.797,0.4947413760674402,0.0,0.5224578578668241,0.9298856869528599,-0.36784862266998886,-2.2524231916178218e-17,5.693907650498787e-17
247.835,0.4938096528084214,0.0,0.5241136082449748,0.9259979789535472,-0.3775284664418644,-2.3116951400751908e-17,5.670102304711898e-17
247.859,0.49321211262643894,0.0,0.5251542476766605,0.9235082605425399,-0.3835785352567219,-2.3487411271188734e-17,5.654857176297807e-17
247.893,0.49235366607392056,0.0,0.5266215449426299,0.9199379275422259,-0.39206403745984447,-2.4006998426799326e-17,5.632995191894184e-17
247.924,0.4915588763954521,0.0,0.5279521063234347,0.9166406086855494,-0.3997123897361521,-2.44753249334959e-17,5.612804936976198e-17
247.946,0.49098789631715134,0.0,0.5288920712171651,0.9142774948313834,-0.4050884624928853,-2.4804514448171734e-17,5.598335037888573e-17
247.986,0.48993513616181233,0.0,0.5305917206313044,0.909934655805856,-0.4147516391329617,-2.5396213365264985e-17,5.571742818329451e-17
248.019,0.4890525517096294,0.0,0.5319846031683775,0.9063096926451149,-0.42261417512610416,-2.5877654842124122e-17,5.549546320670307e-17
248.036,0.48859297410691216,0.0,0.5326987845770507,0.9044283745322055,-0.4266254977624201,-2.6123277513469703e-17,5.538026569644545e-17
248.077,0.4874709723582797,0.0,0.5344116062933255,0.8998548565382523,-0.4361894510009629,-2.6708900749508525e-17,5.5100218487838566e-17
248.115,0.4864140726260793,0.0,0.5359866908956474,0.895573877230386,-0.444912834634531,-2.7243053941737704e-17,5.483808410750884e-17
248.142,0.48565330243201743,0.0,0.5370984030052816,0.8925098561490588,-0.45102788902326924,-2.7617493030926717e-17,5.465046692702047e-17
248.174,0.4847412108799681,0.0,0.5384078294640843,0.8888567804887323,-0.4581851413775937,-2.805574834024738e-17,5.4426780556297375e-17
248.208,0.4837598475324445,0.0,0.5397892082099449,0.8849523114410026,-0.4656816578685773,-2.85147775865193e-17,5.4187700780213776e-17
248.235,0.48297163113504277,0.0,0.5408787904116449,0.881836714081969,-0.4715548851375793,-2.887440903530172e-17,5.399692546355515e-17
248.257,0.48232361827407527,0.0,0.541761677662415,0.8792894070754931,-0.47628787366972497,-2.916422099811638e-17,5.3840947894958834e-17
248.29,0.48134200102210756,0.0,0.5430775917232611,0.8754557411617612,-0.4832982984316325,-2.9593485710383055e-17,5.360620356044623e-17
248.32,0.48043974097914466,0.0,0.544264970942597,0.8719594060941442,-0.4895781797874035,-2.9978017540451556e-17,5.339211478298104e-17
248.34,0.47983306589407604,0.0,0.5450517721545849,0.8696236551190836,-0.49371519974305556,-3.0231336952786455e-17,5.324909128522038e-17
248.386,0.4784222338538934,0.0,0.5468466354645122,0.8642403758562496,-0.5030790919327184,-3.080470998266803e-17,5.2919460499313076e-17
248.418,0.47742823961705594,0.0,0.5480828756303243,0.8604895036808533,-0.509468167852594,-3.1195928051407283e-17,5.268978581913258e-17
248.444,0.47661315655170156,0.0,0.5490797199498327,0.8574402908219443,-0.51458347007573,-3.150914997611903e-17,5.250307538075349e-17
248.471,0.47575973442029906,0.0,0.5501075896483258,0.8542737889024984,-0.5198233292130795,-3.182999881214593e-17,5.230918305874632e-17
248.508,0.4745788266089945,0.0,0.5515038704373498,0.8499371674006293,-0.5268840588507064,-3.2262343809664166e-17,5.204364157667744e-17
248.528,0.4739350822964162,0.0,0.5522526255654052,0.8475955263197212,-0.5306428401126267,-3.249250278171945e-17,5.190025741395314e-17
248.555,0.47306008216130613,0.0,0.5532566889994662,0.8444383982216144,-0.5356526781496703,-3.2799266887535056e-17,5.17069390729609e-17
248.583,0.4721455508303619,0.0,0.5542896481404972,0.841170731601467,-0.5407696369962469,-3.31125902511765e-17,5.15068521996087e-17
248.612,0.47119082179620164,0.0,0.5553504876293727,0.8377949363137382,-0.5459850224017682,-3.343194050333606e-17,5.130014435492401e-17
248.637,0.47036171405139726,0.0,0.5562575577223926,0.8348931273861739,-0.5504120872976301,-3.3703020046052815e-17,5.1122459804180065e-17
248.66,0.46959404371551516,0.0,0.5570859060204538,0.8322313352470107,-0.5544285387973619,-3.3948956769706666e-17,5.095947204301897e-17
248.689,0.4686195255335186,0.0,0.5581218463959678,0.8288873209830933,-0.5594155960584855,-3.425432595530664e-17,5.075471022478849e-17
248.721,0.46753580547178714,0.0,0.5592538265578127,0.8252150828676544,-0.5648186142539304,-3.4585165402245975e-17,5.0529850492099544e-17
248.771,0.4658252512630848,0.0,0.5609988322893972,0.8195198224739532,-0.5730508359406347,-3.5089243599170665e-17,5.0181116371526696e-17
248.793,0.46506608528356036,0.0,0.5617573509444646,0.8170323109989888,-0.5765918858114911,-3.530607036866894e-17,5.002880022324382e-17
248.816,0.4642682339239204,0.0,0.5625442094895654,0.8144449016608283,-0.5802409001084669,-3.552950805261065e-17,4.987036709504071e-17
248.843,0.46332626003061717,0.0,0.5634598363434608,0.8114258083572208,-0.5844554367373366,-3.578757399223238e-17,4.96855009475112e-17
248.871,0.46234338128879404,0.0,0.564400076093643,0.8083171450909643,-0.5887473082333311,-3.605037532672845e-17,4.949515022157881e-17
248.895,0.46149612374751287,0.0,0.5651983902835976,0.8056717217810885,-0.592362285026905,-3.627172881469057e-17,4.9333164762137343e-17
248.926,0.46039532972123776,0.0,0.5662190568485501,0.8022824558510645,-0.5969446046607547,-3.655231496830377e-17,4.912563207850419e-17
248.957,0.45928744535898797,0.0,0.5672277855837848,0.7989262866030448,-0.6014289555505867,-3.6826902266478093e-17,4.8920125982154985e-17
248.987,0.4582086985403815,0.0,0.568192494279132,0.7957117304961221,-0.6056755253028363,-3.708692966920051e-17,4.8723291189803866e-17
249.015,0.45719614055680524,0.0,0.5690826046223261,0.7927426290258454,-0.6095564978943223,-3.732457070228761e-17,4.854148615920796e-17
249.034,0.4565059604285491,0.0,0.5696809076983617,0.7907457411077319,-0.6121447320037835,-3.748305433316739e-17,4.841921203934927e-17
249.062,0.4554843932638844,0.0,0.5705541529844657,0.7878303127860674,-0.6158923593091631,-3.7712530322363905e-17,4.8240693541235777e-17
249.1,0.454089677309088,0.0,0.5717230041173785,0.7839279922022574,-0.6208517560913696,-3.801620579211545e-17,4.800174532062529e-17
249.134,0.45283389504472904,0.0,0.5727527864040172,0.7804919622677667,-0.625165815472512,-3.8280365742737834e-17,4.7791349167572864e-17
249.152,0.4521661351336693,0.0,0.5732917834650022,0.7786949577503571,-0.62740271180014,-3.8417336139120536e-17,4.7681314376057914e-17
249.174,0.4513472866200718,0.0,0.5739447062007228,0.7765200087983287,-0.6300925931447245,-3.858204386805712e-17,4.754813716243739e-17
249.209,0.45003859857724837,0.0,0.5749700921338948,0.7731098013050187,-0.6342722090129084,-3.883797152778896e-17,4.733932217788187e-17
249.248,0.4485719658057383,0.0,0.5760931833680192,0.7693847286434073,-0.6387856755832197,-3.9114341647208485e-17,4.711122726230019e-17
249.275,0.4475516016252142,0.0,0.576858575391596,0.7668537383340346,-0.6418218943002147,-3.930025642387244e-17,4.695624880324787e-17
249.298,0.4466792719951778,0.0,0.5775026886228193,0.7647295579437607,-0.6443513817841476,-3.9455142861406526e-17,4.682618026745985e-17
249.33,0.44546094415008547,0.0,0.578386695384328,0.7618242054307804,-0.6477838219805739,-3.9665319206397434e-17,4.664827873468905e-17
249.358,0.444390602085182,0.0,0.5791485273176752,0.7593309954361904,-0.6507045714991436,-3.9844163533848815e-17,4.6495613652715206e-17
249.382,0.4434700700103327,0.0,0.579792798309189,0.7572312362768785,-0.6531468860881067,-3.999371217104304e-17,4.636704048604362e-17
249.417,0.4421226805202022,0.0,0.5807178252996268,0.7542322722065489,-0.6566077059874841,-4.020562627165294e-17,4.618340689856926e-17
249.454,0.4406921672831235,0.0,0.5816768299854831,0.75114553730436,-0.6601366387254568,-4.042171108075117e-17,4.599439889768016e-17
249.492,0.4392167437927502,0.0,0.5826413992240476,0.7480672972981552,-0.6636228738621307,-4.0635181415811307e-17,4.5805911059149866e-17
249.513,0.438398780410077,0.0,0.5831655444144568,0.7464070414931615,-0.6654896906860585,-4.074949097821218e-17,4.5704249711282296e-17
249.557,0.43667925057100393,0.0,0.5842430569323518,0.7430249624250673,-0.6692637037918815,-4.09805826317115e-17,4.5497157096022056e-17
249.585,0.4355811735769694,0.0,0.5849140724207005,0.7409421432725318,-0.6715688649146169,-4.112173304123534e-17,4.536962120560429e-17
249.617,0.43432278169185246,0.0,0.5856668831878269,0.7386292832887623,-0.6741118467052254,-4.127744576674327e-17,4.5227999376804316e-17
249.649,0.43306090433951316,0.0,0.5864046112587487,0.7363897003956554,-0.6765576170225244,-4.142720600626976e-17,4.5090864475730895e-17
249.675,0.43203320069288126,0.0,0.586992852746358,0.7346248823220344,-0.6784734941567998,-4.154451964627227e-17,4.498280053548402e-17
249.699,0.4310827193543767,0.0,0.5875269221825252,0.7330400836697619,-0.6801854421651704,-4.164934622871015e-17,4.4885759605644095e-17
249.737,0.42957440663106283,0.0,0.5883549320516703,0.730618990096026,-0.6827853918407035,-4.180854723111445e-17,4.47375103808685e-17
249.76,0.42865958800456017,0.0,0.5888455693355492,0.7292068005667689,-0.6842933888378409,-4.190088541589785e-17,4.4651038711528794e-17
249.771,0.42822158932795573,0.0,0.5890774057979326,0.7285457436173945,-0.6849971528823879,-4.1943978535123326e-17,4.4610560647673523e-17
249.801,0.4270255610227797,0.0,0.5897003967837765,0.7267904505815532,-0.6868592584681834,-4.205799961738927e-17,4.450307994777809e-17
249.846,0.425227740731444,0.0,0.5906092894343391,0.7242896363050898,-0.6894958467902768,-4.221944408985531e-17,4.434994923783144e-17
249.876,0.42402692088206206,0.0,0.5911980749230324,0.7227117151465627,-0.6911496052157692,-4.232070758797243e-17,4.425332943302659e-17
249.904,0.4229046894872285,0.0,0.59173518001624,0.7213042456985672,-0.6926183546060709,-4.2410642549951557e-17,4.4167146785307317e-17
249.932,0.4217811834262873,0.0,0.5922602434126834,0.7199604025946064,-0.6940151429873935,-4.249617117096521e-17,4.408486012751622e-17
249.961,0.42061635561136845,0.0,0.5927913222876934,0.7186362550700685,-0.6953861753722657,-4.258012269204826e-17,4.400377947614001e-17
249.99,0.41945046216256965,0.0,0.5933093990694276,0.7173815858367923,-0.6966804578156969,-4.265937463462529e-17,4.3926953143113996e-17
250.019,0.41828365705104537,0.0,0.5938144331676022,0.7161969700271688,-0.6978982018345532,-4.273393995036895e-17,4.3854416345140255e-17
250.048,0.41711609453957665,0.0,0.5943063857633224,0.7150829497641893,-0.6990396090040577,-4.280383098220183e-17,4.3786202277678097e-17
250.082,0.41574647173123486,0.0,0.5948664489068292,0.713867442895361,-0.7002808536394799,-4.287983529568826e-17,4.371177394786549e-17
250.106,0.414779315702003,0.0,0.5952509000539972,0.7130686987701591,-0.7010941668807638,-4.292963636857038e-17,4.366286497605218e-17
250.134,0.4136507194813446,0.0,0.5956880096774229,0.7121991936921442,-0.7019774273466772,-4.29837204736901e-17,4.360962314552051e-17
250.157,0.4127235522059976,0.0,0.5960378472599075,0.7115354455964027,-0.7026502043406296,-4.3024916183299287e-17,4.3568980296476014e-17
250.192,0.4113126472673469,0.0,0.5965542223994225,0.7106132207822479,-0.703582866796428,-4.3082025287858205e-17,4.3512510313138566e-17
250.21,0.410587116921612,0.0,0.5968122598482942,0.7101803805592539,-0.7040197632657149,-4.310877748099176e-17,4.3486006493456974e-17
250.255,0.4087738181974046,0.0,0.5974349353404624,0.7092220425997855,-0.7049851730998234,-4.3167891784152077e-17,4.342732521772875e-17
250.288,0.4074448075769021,0.0,0.5978711683729236,0.7086320953416718,-0.7055781696252171,-4.320420234898852e-17,4.339120136666302e-17
250.316,0.40631784736889753,0.0,0.5982277438053418,0.7082067024458305,-0.7060051463061745,-4.323034713027077e-17,4.336515356424942e-17
250.356,0.4047092883219551,0.0,0.5987155020385718,0.7077190748470479,-0.7064939568726959,-4.326027814505476e-17,4.333529498534816e-17
250.37,0.40414674349106905,0.0,0.598880196238976,0.7075818488403004,-0.7066313941453085,-4.326869375085419e-17,4.332689231585201e-17
250.389,0.40338371253944255,0.0,0.5990987107303558,0.7074233926345613,-0.706790027910275,-4.3278407267479336e-17,4.331718967159384e-17
250.434,0.40157871550461993,0.0,0.5995932596015009,0.7071758532765148,-0.7070377023487738,-4.3293572952896245e-17,4.33020322574691e-17
250.462,0.40045735519504105,0.0,0.5998846482906374,0.7071125862160236,-0.7071009761094144,-4.329744735331817e-17,4.3298158267313004e-17
250.491,0.3992975405948686,0.0,0.6001732236609452,0.7071204953746487,-0.7070930667324573,-4.329696304365948e-17,4.329864256360272e-17
250.52,0.3981395025430117,0.0,0.6004483376041239,0.7072031248184917,-0.7070104244259493,-4.3291902661852527e-17,4.33037021577986e-17
250.549,0.3969833970510326,0.0,0.6007099823670031,0.7073604372289073,-0.7068530341190657,-4.328226528507544e-17,4.3313334764792677e-17
250.568,0.396227071310921,0.0,0.6008740987247655,0.7075039652499602,-0.7067093738981981,-4.327346863359292e-17,4.3322123321371195e-17
250.603,0.39483633334693113,0.0,0.601161272792569,0.7078521016565831,-0.7063606742878303,-4.325211694050788e-17,4.334344052817307e-17
250.632,0.393686620315698,0.0,0.6013843412014305,0.7082226534347795,-0.705989145215279,-4.322936734603337e-17,4.33661302806274e-17
250.664,0.3924209184985747,0.0,0.601614839359772,0.7087176669389237,-0.705492217227553,-4.3198939282554597e-17,4.339644111579664e-17
250.687,0.3915132179851634,0.0,0.6017703710401501,0.7091291278103103,-0.7050786339770824,-4.3173614612361107e-17,4.342163582775254e-17
250.719,0.39025330684033155,0.0,0.601972659675303,0.7097788031330318,-0.7044246238051599,-4.3133568039178376e-17,4.3461416967975336e-17
250.754,0.38887946839657583,0.0,0.6021751287251682,0.7105918666991174,-0.7036044335996353,-4.308334587368399e-17,4.351120275266084e-17
250.782,0.3877837262307525,0.0,0.6023229813492645,0.7113190593076567,-0.7028692594399547,-4.3038329439610553e-17,4.3555730457681404e-17
250.812,0.386613170855208,0.0,0.6024674738392207,0.7121735153659722,-0.7020034786318893,-4.298531565484253e-17,4.360805080152281e-17
250.846,0.3852910718889607,0.0,0.6026138370683933,0.713235577651673,-0.7009243973296153,-4.291924098170005e-17,4.367308336045674e-17
250.869,0.38439956024671085,0.0,0.6027023769408235,0.7140101515186311,-0.700135346578318,-4.2870925557853e-17,4.3720512330800416e-17
250.898,0.3832788939990182,0.0,0.6028019827257668,0.7150509479530638,-0.6990723437752525,-4.2805835408840055e-17,4.378424273190001e-17
250.926,0.38220061792053306,0.0,0.6028854341055887,0.716123343184802,-0.6979737511868354,-4.273856601399145e-17,4.384990800129846e-17
250.954,0.38112616182506776,0.0,0.6029564048620079,0.717261580805299,-0.696804007379897,-4.266693986354198e-17,4.3919604954229006e-17
250.983,0.38001750574994836,0.0,0.6030167715967918,0.7185093632025136,-0.6955172859033185,-4.2588150896657675e-17,4.3996009590168065e-17
251.012,0.37891324666632875,0.0,0.6030637899106619,0.7198266821018346,-0.6941538357844493,-4.2504663655464165e-17,4.4076672108843555e-17
251.046,0.37762440178011747,0.0,0.6031019466095618,0.7214588621975572,-0.6924572984355108,-4.240078070376359e-17,4.4176614315336487e-17
251.068,0.37679388959518456,0.0,0.6031168943428252,0.7225649850907123,-0.6913030032633003,-4.233010050936765e-17,4.424434480836479e-17
251.086,0.37611644858024695,0.0,0.6031234405201127,0.723498976194366,-0.6903254532796138,-4.227024283644124e-17,4.430153526914087e-17
251.119,0.37487943578952326,0.0,0.6031221793363928,0.7252784517433334,-0.6884556394109886,-4.215574975798058e-17,4.4410496720901064e-17
251.152,0.3736490323200134,0.0,0.6031037916778047,0.7271439291499875,-0.6864850372006064,-4.2035085173513714e-17,4.45247242676481e-17
251.18,0.37261040057963885,0.0,0.6030747934803118,0.7287933695132256,-0.6847336887824047,-4.192784601178659e-17,4.46257233607093e-17
251.205,0.3716873146671233,0.0,0.6030385353359641,0.7303171421089082,-0.6831082432103105,-4.182831617593392e-17,4.4719027522305854e-17
251.235,0.37058506003834324,0.0,0.602982148273993,0.7322084802424981,-0.681080568993839,-4.1704156938988146e-17,4.483483858187616e-17
251.259,0.3697076392206881,0.0,0.6029269494692965,0.7337702892806296,-0.6793976468674447,-4.1601107679223e-17,4.4930471803847525e-17
251.293,0.36847146991920626,0.0,0.6028334444605039,0.7360559649734744,-0.6769206869545114,-4.144943762777349e-17,4.507042907490409e-17
251.332,0.3670636675101102,0.0,0.6027041654406836,0.7387815908163252,-0.6739449243602179,-4.12672247209673e-17,4.523732552311011e-17
251.365,0.36588117717504637,0.0,0.6025764675972198,0.7411728947218716,-0.6713141888338138,-4.110613862887659e-17,4.5383750656795914e-17
251.397,0.36474237404947074,0.0,0.60243667703562,0.7435646867759454,-0.6686640087366675,-4.0943861900219884e-17,4.5530205680958295e-17
251.408,0.36435273198810464,0.0,0.6023850053100144,0.7444032041759466,-0.6677303869171928,-4.088669405157819e-17,4.5581550063455334e-17
251.449,0.3629088157576578,0.0,0.6021761574738471,0.7476009467247141,-0.6641481946495911,-4.066734803685575e-17,4.5777355322297606e-17
251.482,0.3617564472491033,0.0,0.6019895133474145,0.7502560862300086,-0.6611473399136004,-4.0483598679498896e-17,4.5939935727120035e-17
251.51,0.3607857091826676,0.0,0.6018182365157974,0.7525645056782013,-0.6585185379268562,-4.032263098256597e-17,4.6081285651535966e-17
251.528,0.3601651340334341,0.0,0.6017018938593816,0.7540749203804876,-0.6567884091951998,-4.021669115189917e-17,4.617377187806297e-17
251.573,0.3586258273951589,0.0,0.6013897806473739,0.7579393865706259,-0.6523249851760573,-3.994338525498516e-17,4.6410402185571266e-17
251.587,0.35815052727678465,0.0,0.6012865096516933,0.759166908535031,-0.6508960016664442,-3.985588525093106e-17,4.648556622780086e-17
251.626,0.3568356661915918,0.0,0.6009834677091263,0.7626479050852861,-0.6468138626135223,-3.9605926324689293e-17,4.66987157919565e-17
251.649,0.356066677107637,0.0,0.600794198712761,0.7647422778536457,-0.6443362852293958,-3.945421846403378e-17,4.682695913730615e-17
251.683,0.35493883986349917,0.0,0.6005001461104135,0.7678930452907009,-0.6405780756427538,-3.9224094496993477e-17,4.701988800013852e-17
251.717,0.35382185095782726,0.0,0.6001891668520476,0.7711072251050141,-0.6367053065515045,-3.8986955783421715e-17,4.721669975121265e-17
251.74,0.3530725026536754,0.0,0.59996925253215,0.7733163877428896,-0.6340203186399384,-3.8822547690839275e-17,4.735197194887616e-17
251.768,0.3521671847432731,0.0,0.5996911872165654,0.77604264454878,-0.6306804371801426,-3.861803893387575e-17,4.751890703242553e-17
251.792,0.35139734179430315,0.0,0.599443848694885,0.7784107430183325,-0.6277552987857988,-3.8438925865290943e-17,4.766391124296569e-17
251.82,0.3505064651426636,0.0,0.5991448453088202,0.7812089228256478,-0.6242696684106885,-3.822549256119646e-17,4.7835250340189064e-17
251.865,0.3490913960802878,0.0,0.5986408984450197,0.7857827217029066,-0.6185026388570807,-3.787236384702576e-17,4.8115314747938004e-17
251.888,0.34837622211992797,0.0,0.5983722557427116,0.7881554637326706,-0.615476209928815,-3.768704852203339e-17,4.8260603294535647e-17
251.923,0.34729859108646915,0.0,0.5979491885753073,0.7918094796804804,-0.6107681621434822,-3.739876373950635e-17,4.848434724126158e-17
251.956,0.34629452078312756,0.0,0.597534635209535,0.7953004585616339,-0.6062154572523327,-3.711999096588592e-17,4.869810804689636e-17
251.972,0.3458119422951058,0.0,0.5973282024539492,0.7970083485070422,-0.603968287586424,-3.698239150896111e-17,4.880268614464337e-17
252.011,0.3446474300881456,0.0,0.5968102477724493,0.8012111529999816,-0.598381724577581,-3.664031318361038e-17,4.9060033698129384e-17
252.04,0.3437924757623495,0.0,0.5964116092439569,0.8043711276333254,-0.5941271657060402,-3.6379796588419564e-17,4.925352633913495e-17
252.067,0.3430050128613685,0.0,0.5960301975373723,0.8073382854622897,-0.590088885530655,-3.6132523243877274e-17,4.943521235602526e-17
252.095,0.3421971803272543,0.0,0.5956242771882148,0.81043947422382,-0.5858223780462968,-3.58712750071644e-17,4.9625105400543254e-17
252.123,0.341398411717189,0.0,0.595207860805106,0.8135637711522398,-0.5814757004970595,-3.560511776978445e-17,4.981641341219201e-17
252.152,0.34058078683370224,0.0,0.594765589737345,0.8168224097999408,-0.576889201535804,-3.5324275706174737e-17,5.0015947481666256e-17
252.169,0.34010611205345376,0.0,0.5945011661317608,0.8187427475969876,-0.5741605291704885,-3.5157192712269467e-17,5.013353425848801e-17
252.189,0.3395520850596972,0.0,0.5941852249222537,0.8210109606780552,-0.5709124297530198,-3.495830398452369e-17,5.027242225296369e-17
252.229,0.33845849507748,0.0,0.5935377108402894,0.8255743868745661,-0.5642933029344618,-3.455299936094882e-17,5.05518515171988e-17
252.263,0.33754429496955085,0.0,0.5929710835233846,0.829478810205657,-0.5585381843883261,-3.420059998563689e-17,5.0790928493945636e-17
252.281,0.3370660855411853,0.0,0.5926651169009434,0.8315543224061465,-0.5554434344626414,-3.4011101206104324e-17,5.091801696259167e-17
252.327,0.33586239548796737,0.0,0.5918645549283695,0.8368815609932251,-0.5473840085986645,-3.351760370174009e-17,5.1244216246789676e-17
252.354,0.33516833886242425,0.0,0.5913822924244927,0.8400217423872072,-0.5425527368991521,-3.322177363060913e-17,5.143649690143379e-17
252.365,0.3348882436158559,0.0,0.5911832154481144,0.8413034725430575,-0.5405631018549019,-3.3099943621188513e-17,5.1514980238070426e-17
252.422,0.33346186214524054,0.0,0.5901277758537785,0.8479628603799597,-0.5300556455847225,-3.245654748676571e-17,5.1922750138007584e-17
252.456,0.3326312448300166,0.0,0.5894793850459223,0.8519453427303587,-0.5236307219788117,-3.2063134380328466e-17,5.216660685116143e-17
252.484,0.33195869562365043,0.0,0.5889349934594831,0.8552281919556951,-0.5182516181201876,-3.173375926419121e-17,5.236762339095601e-17
252.49,0.33181593797214015,0.0,0.5888171230526704,0.8559318569952802,-0.5170886347432239,-3.16625470706882e-17,5.2410710447875994e-17
252.542,0.33059899658279984,0.0,0.5877777996660365,0.8620299427455894,-0.5068573544993067,-3.103606184059356e-17,5.2784110507628114e-17
252.572,0.3299136177224117,0.0,0.5871638433777745,0.8655450558016949,-0.5008310657070315,-3.0667058076583693e-17,5.299934910526815e-17
252.605,0.32917398218252875,0.0,0.5864765406650169,0.8694061067573857,-0.49409819017373985,-3.0254788353038536e-17,5.323577028997972e-17
252.644,0.32831935084093344,0.0,0.5856483439786926,0.8739580022675426,-0.4860014508954947,-2.975900606100686e-17,5.351449350330806e-17
252.66,0.327974890581997,0.0,0.5853036365563704,0.8758209626963819,-0.482636137583566,-2.955294005222778e-17,5.362856692961388e-17
252.692,0.32729680617348644,0.0,0.5846057098364941,0.8795373556726102,-0.4758298435117667,-2.9136174739773556e-17,5.385613036774946e-17
252.727,0.3265718210250197,0.0,0.5838295061347816,0.8835851351526411,-0.46827055100367865,-2.867330157108112e-17,5.410398537694317e-17
252.765,0.325804599483386,0.0,0.5829717990878505,0.8879560181254232,-0.4599283747224595,-2.816249059704522e-17,5.437162476904644e-17
252.788,0.32535038043800746,0.0,0.5824451936201948,0.8905877770095643,-0.4548114020571194,-2.784916638724856e-17,5.453277352372598e-17
252.811,0.3249038717344016,0.0,0.5819130274006217,0.8932080189137501,-0.4496436755344991,-2.753273440000877e-17,5.469321706677363e-17
252.855,0.32407132584885645,0.0,0.5808796873526125,0.8981852028798295,-0.4396172668671233,-2.6918793935936518e-17,5.4997981687414966e-17
252.883,0.3235564396714006,0.0,0.5802118101556665,0.9013258376263293,-0.4331417024799111,-2.6522279975962915e-17,5.519029010189456e-17
252.911,0.32305324620366505,0.0,0.5795360514566802,0.9044437599887839,-0.4265928797077502,-2.612128023365741e-17,5.5381207783953057e-17
252.934,0.322648708959669,0.0,0.5789751439144997,0.9069867584665955,-0.4211591385287247,-2.578855954654297e-17,5.553692153125748e-17
252.967,0.3220822376280276,0.0,0.5781613227542667,0.9106048748886671,-0.41327806841035597,-2.5305983181827165e-17,5.575846726601911e-17
252.987,0.32174696880932996,0.0,0.5776629792223645,0.9127791591393699,-0.4084534326466419,-2.5010559444572952e-17,5.589160377842209e-17
253.029,0.32106280705147794,0.0,0.5766040913708087,0.9172966249880312,-0.39820459789606544,-2.4382999310958768e-17,5.616821878301312e-17
253.06,0.3205752386015199,0.0,0.575811962693986,0.920586193504479,-0.39053944785249795,-2.3913644237666814e-17,5.636964676072531e-17
253.078,0.32029896084816945,0.0,0.5753479664770114,0.9224778486436084,-0.38605002106185676,-2.3638746130208558e-17,5.648547723128658e-17
253.127,0.31957244424464276,0.0,0.5740700660254422,0.927554933771422,-0.37368682721805047,-2.2881718841805777e-17,5.679635903382536e-17
253.157,0.3191462129164302,0.0,0.5732771939184855,0.9306083370253692,-0.36601656118115333,-2.241205050427104e-17,5.698332605989798e-17
253.189,0.31870722186826694,0.0,0.5724228800527349,0.9338166537790996,-0.3577519491558434,-2.1905988971121514e-17,5.717977880205332e-17
253.214,0.31837556291551966,0.0,0.5717493916916676,0.9362867713198062,-0.35123650415572266,-2.150703302790059e-17,5.733102987904053e-17
253.237,0.3180792338659529,0.0,0.5711251693676288,0.9385300806869862,-0.3451974618181299,-2.113724833446817e-17,5.746839296084124e-17
253.281,0.3175359555955108,0.0,0.5699189295638122,0.9427405892883086,-0.3335268824372822,-2.042263145032066e-17,5.772621225491083e-17
253.305,0.3172527581299239,0.0,0.5692544295016558,0.9449907089474259,-0.32709717211104333,-2.0028925241797005e-17,5.786399234682266e-17
253.339,0.3168675195446758,0.0,0.5683053209397145,0.9481199550635081,-0.31791280378489234,-1.9466544878156447e-17,5.805560340881288e-17
253.375,0.31648010905993923,0.0,0.5672907162850639,0.9513560620479817,-0.3080935624198543,-1.8865289752768992e-17,5.825375781182457e-17
253.396,0.31626389525685716,0.0,0.5666943721974639,0.9532059606168511,-0.30232167743068983,-1.8511863728917644e-17,5.836703142988023e-17
253.424,0.3159868599619184,0.0,0.5658942064897658,0.9556279173774237,-0.29457644768190117,-1.80376051878919e-17,5.851533350960566e-17
253.458,0.3156678099244964,0.0,0.5649149951911876,0.9584985936257792,-0.28509725712009815,-1.745717216889091e-17,5.86911117335525e-17
253.486,0.31541940761252657,0.0,0.5641024881854553,0.960803246538247,-0.2772311696789603,-1.6975513228560773e-17,5.883223102417247e-17
253.51,0.31521684133528904,0.0,0.5634017707354957,0.9627348858227164,-0.2704469256987797,-1.656009809481263e-17,5.895050981751411e-17
253.528,0.3150712043169714,0.0,0.5628736881016858,0.9641565883661967,-0.26533388986342565,-1.6247014946328027e-17,5.903756399097475e-17
253.556,0.31485539993638106,0.0,0.5620479764122964,0.9663212318257163,-0.2573388367946631,-1.5757459138844363e-17,5.917011017517454e-17
253.594,0.3145835067471827,0.0,0.5609192927038852,0.9691657147488875,-0.2464098564491244,-1.508825209893895e-17,5.93442845205291e-17
253.628,0.31436079107917453,0.0,0.5599017697860921,0.9716175724787869,-0.2365571661362837,-1.4484948816208424e-17,5.949441750657339e-17
253.664,0.31414621585263747,0.0,0.5588167808537545,0.9741153550020135,-0.2260514878281077,-1.3841661550559447e-17,5.964736257517518e-17
253.692,0.31399447782223944,0.0,0.5579676571813385,0.9759867041124544,-0.21783010213399898,-1.3338246866817144e-17,5.976194966008461e-17
253.717,0.3138702334056893,0.0,0.5572057483211204,0.9776038281380132,-0.21045368899095612,-1.2886571829576348e-17,5.986096994817085e-17
253.738,0.31377407788739897,0.0,0.5565630711327468,0.9789224860011092,-0.20423213851254696,-1.2505611735620476e-17,5.99417144547314e-17
253.778,0.31361171218174216,0.0,0.5553323752784626,0.9813322874865374,-0.19231989376151343,-1.1776197115369822e-17,6.008927223851692e-17
253.807,0.313511085968345,0.0,0.5544349265272345,0.9829944953834514,-0.1836350240172986,-1.1244402218706602e-17,6.019105311754057e-17
253.836,0.31342486011303217,0.0,0.5535332735318983,0.9845841900106161,-0.1749113283385009,-1.0710229919217843e-17,6.028839383937953e-17
253.864,0.31335529957200975,0.0,0.552658858054426,0.9860493483344505,-0.1664532446340581,-1.0192321662439531e-17,6.037810891195592e-17
253.883,0.3133157718351456,0.0,0.5520634154050794,0.9870041199466194,-0.1606949507868847,-9.83972785601499e-18,6.043657181189389e-17
253.923,0.31325287332220697,0.0,0.5508045339806095,0.9889086776937078,-0.14852483691989776,-9.094523306391771e-18,6.055319233933204e-17
253.952,0.31322452846400867,0.0,0.5498875110299981,0.9901990242935518,-0.13966349661990432,-8.55192270466465e-18,6.063220328099653e-17
253.981,0.3132107146699703,0.0,0.5489670093966186,0.9914124342992434,-0.13077226432561478,-8.007491746180787e-18,6.07065032149727e-17
254.021,0.3132155431446588,0.0,0.547691914212321,0.9929584838541868,-0.11846286060193954,-7.253758152700218e-18,6.080117144691193e-17
254.038,0.3132259905460047,0.0,0.5471481731401453,0.9935703527578695,-0.1132164039377802,-6.9325053346688154e-18,6.083863761163158e-17
254.076,0.31326747377912156,0.0,0.545929013731901,0.9948396891571665,-0.10145931636706645,-6.21259135163033e-18,6.091636204955358e-17
254.103,0.3133121874484478,0.0,0.5450597747303791,0.9956583983291446,-0.09308251090641267,-5.699659951906844e-18,6.096649352789837e-17
254.134,0.3133791528306711,0.0,0.5440588661045944,0.9965125266286396,-0.0834432997442263,-5.109428497102995e-18,6.101879380230026e-17
254.162,0.3134540069147634,0.0,0.5431523045984269,0.9972046192308122,-0.07471912328668562,-4.5752267584068e-18,6.106117225179846e-17
254.202,0.3135846167404524,0.0,0.541853348279492,0.9980618177285668,-0.062230281956207625,-3.810505780385348e-18,6.111366052162392e-17
254.22,0.31365248275571544,0.0,0.541267424111625,0.9983968432063541,-0.05660162078586371,-3.4658496860980147e-18,6.113417491557418e-17
254.258,0.3138142942592735,0.0,0.5400278393242617,0.9990002798860277,-0.044703923626884655,-2.7373258489496015e-18,6.117112475548669e-17
254.277,0.31390463681646197,0.0,0.5394067890400664,0.9992489930509111,-0.038748546898435696,-2.3726641965390188e-18,6.118635404455071e-17
254.315,0.31410419776703,0.0,0.538162381909909,0.999640077695202,-0.02682750576424233,-1.642710953164327e-18,6.121030107244204e-17
254.344,0.31427342631054944,0.0,0.5372108037446387,0.9998429371614849,-0.017722895031428907,-1.085214333593197e-18,6.122272263224504e-17
254.363,0.31439224658388243,0.0,0.5365865444834225,0.9999309006433766,-0.011755591798189075,-7.198223933867565e-19,6.122810884207207e-17
254.413,0.31473498211465767,0.0,0.5349410316554566,0.9999921922610189,0.003951634725211799,2.4196784088150804e-19,6.123186187124008e-17
254.442,0.31495371445120574,0.0,0.5339850533324422,0.9999146974939933,0.013061306806588064,7.997743786684805e-19,6.122711668532064e-17
254.47,0.3151787896092282,0.0,0.5330611126045914,0.999761168931519,0.021854178014345128,1.338182457663211e-18,6.121771577219005e-17
254.498,0.3154174969830522,0.0,0.5321363968836589,0.9995304046975794,0.030642618770156713,1.876319249718251e-18,6.120358553816745e-17
254.516,0.3155781453138849,0.0,0.5315415900139919,0.9993413313923288,0.036289163272355505,2.222070382261293e-18,6.119200813726349e-17
254.555,0.3159455120128498,0.0,0.5302521034578871,0.9988225856415609,0.048512291352881244,2.9705211162304918e-18,6.116024412110104e-17
254.579,0.3161846947047812,0.0,0.5294581959060332,0.9984293633169284,0.05602505213342502,3.430545038363127e-18,6.113616619804031e-17
254.607,0.31647635076598335,0.0,0.5285317420270899,0.997899612850692,0.06477933831430376,3.9665904658747795e-18,6.110372833739914e-17
254.642,0.31685999173198864,0.0,0.527373524094735,0.9971303666175435,0.07570357963242715,4.635507324042433e-18,6.105662559054007e-17
254.67,0.31718213799148076,0.0,0.5264469925964097,0.9964297565079442,0.08442594592611354,5.169598222170123e-18,6.101372559413151e-17
254.693,0.3174568720415997,0.0,0.5256860441870241,0.9957978978321212,0.0915780905737186,5.607540774656544e-18,6.097503540888851e-17
254.732,0.3179435369293308,0.0,0.5243962314463578,0.9946110514703599,0.1036766911751385,6.348366399691101e-18,6.090236202898799e-17
254.755,0.31824279571847947,0.0,0.5236359852002191,0.9938434923018401,0.11079310813079626,6.784121261998312e-18,6.085536258504378e-17
254.779,0.3185647379487293,0.0,0.5228431093755712,0.9929894610696297,0.11820291961134617,7.23784135759535e-18,6.080306825429886e-17
254.814,0.3190519085043168,0.0,0.5216877807215542,0.9916475335323621,0.12897739817186088,7.897587891676155e-18,6.072089889113874e-17
254.837,0.3193834410651656,0.0,0.520929288029417,0.9907038909477307,0.13603602633503725,8.329804210996421e-18,6.066311744759834e-17
254.87,0.3198748606256177,0.0,0.5198421874405544,0.9892651927034914,0.14613137413069116,8.947965979207764e-18,6.057502258761101e-17
254.888,0.32015071124799194,0.0,0.5192498738260051,0.9884386958264868,0.15162105590198854,9.28411203968561e-18,6.052441424986456e-17
254.923,0.3207028155346044,0.0,0.5180996273366201,0.9867481435379982,0.16225936405740662,9.935520541229406e-18,6.042089777742013e-17
254.938,0.32094577718419226,0.0,0.5176073118316457,0.9859901707148032,0.16680342698455933,1.021376414717249e-17,6.037448532783181e-17
254.974,0.32154437534348224,0.0,0.5164274971829842,0.9840901203315296,0.17767001735204344,1.0879150902731735e-17,6.025814079682708e-17
255.018,0.3223055962442621,0.0,0.5149891761547601,0.981614873761582,0.19087231231908267,1.1687558316370925e-17,6.010657565737773e-17
255.052,0.3229160221241736,0.0,0.5138808157089892,0.9795890006326706,0.201010919702104,1.2308368970342364e-17,5.998252670523773e-17
255.084,0.32350815380296477,0.0,0.5128403278281771,0.9775938285689378,0.21050013383351118,1.2889415755964947e-17,5.98603576511578e-17
255.11,0.32400179060224304,0.0,0.511996978492755,0.9759106261802604,0.21817068938895537,1.3359101821397781e-17,5.975729123027725e-17
255.139,0.32456559012512304,0.0,0.5110586215329487,0.9739685814565644,0.22668304377585807,1.3880333199054196e-17,5.963837528754349e-17
255.174,0.32526450988183037,0.0,0.5099295525330202,0.9715356032865183,0.23689358696828616,1.4505548650962338e-17,5.948939834112637e-17
255.192,0.32563179248084434,0.0,0.5093504262099992,0.9702470487061818,0.24211704705977216,1.4825393335037953e-17,5.941049712900958e-17
255.225,0.3263189162817712,0.0,0.5082915486279174,0.967820123044236,0.2516430198329366,1.5408690938308985e-17,5.926189079182605e-17
255.249,0.32682979695914655,0.0,0.50752387543469,0.966003502093261,0.2585289808581528,1.5830334444738208e-17,5.915065484018228e-17
255.297,0.3278795901447356,0.0,0.5059949931043697,0.9622432373152114,0.27219102160273706,1.6666893168122e-17,5.892040502896303e-17
255.323,0.32846375468900896,0.0,0.5051706289006791,0.9601374741479239,0.2795282288729434,1.7116167538028942e-17,5.879146422283398e-17
255.35,0.32908187270259354,0.0,0.5043175088069423,0.9579008216164541,0.28709931373398,1.7579762780086017e-17,5.865450875466051e-17
255.372,0.32959414078118804,0.0,0.5036246737686725,0.9560415688877928,0.2932311691457232,1.7955230635227303e-17,5.854066235951247e-17
255.405,0.33037698221908646,0.0,0.502589435006891,0.9531922305766001,0.3023649641879921,1.851451427835643e-17,5.836619070738796e-17
255.416,0.33064176499451325,0.0,0.5022454560441058,0.9522266541390629,0.30539220544592405,1.8699879344195087e-17,5.830706620270986e-17
255.472,0.3320193050164027,0.0,0.5005031763936864,0.9471924338172836,0.32066570337236067,1.9635111361564807e-17,5.799880911254638e-17
255.491,0.3324978496331375,0.0,0.4999155356684836,0.945440664706294,0.32579433623026827,1.994914955223673e-17,5.789154419081544e-17
255.516,0.33313607716164345,0.0,0.4991451208436042,0.9431031332456035,0.3325003459582044,2.035977421965513e-17,5.77484116697534e-17
255.549,0.33399336245690897,0.0,0.49813317625393594,0.9399625327520219,0.3412776538573896,2.0897229320848527e-17,5.755610535266014e-17
255.583,0.33489416059497507,0.0,0.49709671463129074,0.9366635645548091,0.35023044818444726,2.1445429866651315e-17,5.735410181049986e-17
255.613,0.33570366152617936,0.0,0.4961875424013004,0.933701547411566,0.3580522592600796,2.192437766151674e-17,5.717273056982525e-17
255.638,0.3363886909414009,0.0,0.49543384386651096,0.9311979609936738,0.3645138645390933,2.2320036872631625e-17,5.701943011517223e-17
255.669,0.33725123159064996,0.0,0.49450437379135476,0.9280507545621639,0.3724537514331117,2.280621472614921e-17,5.6826719301042e-17
255.698,0.33807117448139606,0.0,0.4936401307218617,0.925065470477708,0.37980768203112564,2.3256513104549684e-17,5.664392337111328e-17
255.717,0.33861517665921037,0.0,0.4930767246639892,0.9230888935056106,0.38458665432719774,2.3549140760829614e-17,5.65228929380059e-17
255.756,0.33974855771035295,0.0,0.4919274345022201,0.9189827182318164,0.3942978107867985,2.4143777594543075e-17,5.62714622177164e-17
255.79,0.34075486950059447,0.0,0.49093356384486786,0.9153519764229637,0.4026546401801102,2.4655485812920062e-17,5.60491434009793e-17
255.826,0.3418387225069939,0.0,0.489889669458229,0.9114592274440788,0.4113904188323337,2.5190397981145324e-17,5.581078127213552e-17
255.853,0.34266389262192243,0.0,0.48911258874064045,0.9085090000390968,0.41786528552628094,2.5586869219727738e-17,5.563013194472213e-17
255.878,0.3434372513544298,0.0,0.4883976316592009,0.9057552870049014,0.4238010854901964,2.595033214103714e-17,5.546151565206724e-17
255.922,0.3448199210902792,0.0,0.48715021100159694,0.9008609545175762,0.4341077523215654,2.6581433468282853e-17,5.516182422133895e-17
255.936,0.3452655829124121,0.0,0.4867562780140602,0.8992917265614495,0.43734927750955205,2.677991964057402e-17,5.50657367216588e-17
255.966,0.3462297955631252,0.0,0.4859170677802831,0.8959111448484238,0.44423329516863824,2.720144415014771e-17,5.4858735792953145e-17
255.994,0.34714099492764405,0.0,0.48513997043302604,0.892735326138606,0.4505814437637182,2.7590156143021533e-17,5.466427298207061e-17
256.034,0.3484613960660818,0.0,0.4840403791167689,0.888167297875681,0.4595202400158357,2.813749955394083e-17,5.438456192254033e-17
256.066,0.3495333849526606,0.0,0.48316983003567715,0.8844894179640713,0.46656025281798097,2.856857601114601e-17,5.415935672947027e-17
256.098,0.3506191490619222,0.0,0.4823075645105553,0.8807933955114664,0.47350078608528356,2.8993561103654904e-17,5.3933040626162303e-17
256.121,0.3514079709721061,0.0,0.4816930164144947,0.878127074335179,0.47842746714579326,2.929523331321356e-17,5.3769775541460345e-17
256.167,0.35300652815804556,0.0,0.48047723630612366,0.8727739135097671,0.488124672493458,2.988901588769817e-17,5.344198897795226e-17
256.186,0.35367485816553634,0.0,0.4799803333538166,0.8705562255936735,0.492068956631179,3.013053363490756e-17,5.330619475755467e-17
256.209,0.3544901266987253,0.0,0.4793830056053115,0.8678675754587466,0.49679560330920486,3.0419957271154796e-17,5.31415624184664e-17
256.244,0.3557437409723478,0.0,0.4784829470039801,0.8637695622813422,0.503887034241107,3.085418218076123e-17,5.28906314824378e-17
256.273,0.3567942000891722,0.0,0.4777454619726061,0.8603700892165884,0.5096698044630853,3.120827473288874e-17,5.2682473792060885e-17
256.306,0.3580023478107809,0.0,0.4769155306536472,0.8564998501541392,0.5161472722837321,3.1604905244545497e-17,5.2445489998072713e-17
256.329,0.3588523598500495,0.0,0.47634301512333843,0.8538026119754738,0.5205968687803054,3.1877364449896784e-17,5.228033179297068e-17
256.352,0.35970885149661425,0.0,0.4757754257202653,0.8511065892832885,0.52499292726528,3.214654539752122e-17,5.2115248014950017e-17
256.386,0.36098671315663666,0.0,0.4749455178935542,0.8471253310736473,0.5313931439653352,3.253844564229982e-17,5.18714662587992e-17
256.415,0.3620875964374104,0.0,0.4742463835636118,0.843735437454522,0.5367592678132596,3.2867025962009265e-17,5.1663895140293605e-17
256.445,0.3632369061965723,0.0,0.4735317153195626,0.8402363926981683,0.5422202544958733,3.3201414955061725e-17,5.1449640442246517e-17
256.484,0.36474669859056,0.0,0.4726158691105212,0.8357026509280421,0.5491821912915995,3.3627710635699336e-17,5.117202882489923e-17
256.504,0.3655277422413389,0.0,0.4721520759304427,0.8333855241496686,0.5526921097118921,3.384263115363332e-17,5.103014573028154e-17
256.528,0.366470997302732,0.0,0.47160083923201596,0.8306130787044957,0.5568499919053956,3.4097228009608615e-17,5.086038240826946e-17
256.566,0.36797771023253556,0.0,0.47074003789490815,0.8262437880640869,0.5633127041754945,3.449295500437796e-17,5.059284051840341e-17
256.589,0.36889744027399246,0.0,0.4702262470369294,0.823612800975647,0.5671524963085759,3.472807446163643e-17,5.043173902258061e-17
256.618,0.3700653346366155,0.0,0.4695862748867461,0.820311679482816,0.5719167321420853,3.5019799769830947e-17,5.022960362909101e-17
256.646,0.37120155893835016,0.0,0.46897676371875385,0.8171430462560996,0.5764349416502281,3.529646031043216e-17,5.003558080215249e-17
256.675,0.3723871450401185,0.0,0.4683542689977126,0.813882225809833,0.5810298809104674,3.557781919329858e-17,4.9835913136046767e-17
256.714,0.3739954143418098,0.0,0.46753137687783913,0.8095335732200114,0.587073584680524,3.5947889317148314e-17,4.956963496231032e-17
256.754,0.3756611258439756,0.0,0.4667045853038355,0.8051208946474361,0.5931107358681953,3.631755821104583e-17,4.92994363278318e-17
256.785,0.37696311627366685,0.0,0.4660759509783324,0.8017368530637041,0.5976771858114617,3.659717262637022e-17,4.9092223543146853e-17
256.814,0.3781896923448382,0.0,0.4654975673169031,0.7986013488732784,0.6018603538843378,3.6853317795907375e-17,4.890022928462096e-17
256.84,0.3792963215330064,0.0,0.4649870558933878,0.795816376837473,0.605538020571192,3.707850993272672e-17,4.8729698930152754e-17
256.864,0.3803235599683945,0.0,0.4645226162487254,0.7932686138946974,0.6088718306914729,3.728264692736507e-17,4.857369344350994e-17
256.901,0.38191781831913596,0.0,0.46381951050111725,0.7893861181661443,0.6138970243017847,3.759035129086328e-17,4.833595914517615e-17
256.937,0.3834810857440224,0.0,0.4631505777757644,0.7856639698043939,0.6186534785735875,3.788160011582598e-17,4.8108043291317685e-17
256.951,0.38409218655775546,0.0,0.46289451171397494,0.7842318549448187,0.6204678861067742,3.799270053471927e-17,4.8020351547378184e-17
256.99,0.38580370136565095,0.0,0.4621933158018864,0.7802896894761723,0.6254182604443036,3.8295823539071106e-17,4.7778963531233826e-17
257.024,0.3873065820059803,0.0,0.4615966980855683,0.7769118694122391,0.6296093607677541,3.8552454418872056e-17,4.7572131704764254e-17
257.055,0.38868540953656827,0.0,0.46106475118786305,0.7738819885413306,0.6333298254553593,3.878026717742289e-17,4.738660500924646e-17
257.081,0.3898480030465789,0.0,0.46062751731309576,0.7713787867003931,0.6363762781787434,3.896680860624519e-17,4.723332810314026e-17
257.118,0.39151192914430377,0.0,0.4600194313284807,0.7678783432010583,0.6405956993633329,3.922517363864329e-17,4.701898775678744e-17
257.152,0.3930505100028552,0.0,0.45947539808080734,0.7647278736347569,0.6443533807516364,3.945526526286336e-17,4.6826077133278335e-17
257.204,0.39542080079957376,0.0,0.4586709290958663,0.7600369764618367,0.6498798307462308,3.9793662727689757e-17,4.653884252288103e-17
257.243,0.3972116898626929,0.0,0.4580896694780906,0.7566238104415707,0.6538504488588183,4.00367929658006e-17,4.6329846380797165e-17
257.276,0.39873557226928735,0.0,0.45761275526472556,0.7538085255136716,0.6570941385090148,4.0235411673177624e-17,4.615745989701519e-17
257.312,0.4004066133320513,0.0,0.4571081991160802,0.7508155764918307,0.6605119000421111,4.0444689209265393e-17,4.597419462503476e-17
257.352,0.4022735344297156,0.0,0.4565669495805393,0.7475884817841437,0.6641622255922712,4.066820718430786e-17,4.577659206481905e-17
257.387,0.4039156000512226,0.0,0.45611019729026125,0.7448519700697993,0.6672297525464065,4.085603903759186e-17,4.560902904922899e-17
257.42,0.40547085234660646,0.0,0.4556940355544188,0.7423481603010148,0.6700143348449336,4.102654552753454e-17,4.54557149182782e-17
257.448,0.4067956290109719,0.0,0.4553520191558774,0.740282984515167,0.6722953984948261,4.116622039240915e-17,4.5329259372487446e-17
257.484,0.40850564752339164,0.0,0.45492732498725114,0.737709252183422,0.6751185519914086,4.133908868706372e-17,4.5171663719390766e-17
257.507,0.4096019993902638,0.0,0.4546648927482091,0.7361137104840996,0.6768578914641767,4.144559251296153e-17,4.50739649676417e-17
257.537,0.4110363710126712,0.0,0.4543330659762098,0.7340906493676617,0.6790514844332238,4.1579911343370316e-17,4.495008820160544e-17
257.571,0.41266773783083405,0.0,0.4539713945108237,0.7318785152773973,0.6814351318176606,4.1725867650352637e-17,4.481463405495909e-17
257.596,0.4138710249356922,0.0,0.45371526122451966,0.7303074199782766,0.6831186370790018,4.18289526168351e-17,4.4718432213497917e-17
257.629,0.4154640423197006,0.0,0.45338993747351247,0.7283065819492683,0.6852514302716731,4.195954853466751e-17,4.4595916219106046e-17
257.659,0.416916678483094,0.0,0.4531068490236635,0.7265606590862274,0.6871023276544673,4.2072883312436966e-17,4.448900927681698e-17
257.683,0.41808170776724224,0.0,0.4528890912364183,0.7252145978120396,0.6885229023934655,4.215986842779015e-17,4.440658679527247e-17
257.722,0.4199801663207523,0.0,0.45255181423904256,0.7231244961126587,0.6907177159461116,4.229426199738882e-17,4.427860497747051e-17
257.754,0.42154252647006313,0.0,0.4522904601819671,0.7215005227261355,0.6924138904628597,4.239812273202536e-17,4.41791652869852e-17
257.783,0.4229618411935626,0.0,0.45206563064782807,0.720100459834423,0.6938698204607638,4.2487272732611155e-17,4.4093436160038163e-17
257.813,0.4244333473864633,0.0,0.45184511467247634,0.7187245321087692,0.6952949352217596,4.2574535844134704e-17,4.400918488578416e-17
257.842,0.4258587776388461,0.0,0.45164364601656587,0.717465096589675,0.6965944553149761,4.2654108500263974e-17,4.3932066701924605e-17
257.871,0.42728696719561404,0.0,0.45145370628767645,0.7162756762438014,0.6978174228417381,4.272899366361948e-17,4.385923571095386e-17
257.899,0.4286683741374888,0.0,0.45128128223009645,0.7151942165952744,0.6989257704139058,4.279686037894938e-17,4.379301540610508e-17
257.928,0.4301015116842035,0.0,0.45111408369607797,0.7141439677759159,0.6999988523485389,4.286256769677294e-17,4.37287062133583e-17
257.952,0.4312892840176276,0.0,0.4509844898185583,0.7133288728376344,0.7008294508482004,4.2913427186472296e-17,4.367879604299991e-17
257.984,0.4328752434696284,0.0,0.45082408776291116,0.7123187291534119,0.7018561306259768,4.297629319165246e-17,4.361694258152181e-17
258.014,0.4343642498241625,0.0,0.4506865943456286,0.7114517311894296,0.702734967244098,4.3030106414220237e-17,4.3563854267448906e-17
258.043,0.43580544322100273,0.0,0.45056555660670294,0.7106876416484199,0.7035076943489723,4.3077422303000173e-17,4.351706727691593e-17
258.077,0.4374971731982048,0.0,0.4504385380190396,0.7098849344631869,0.7043176696790994,4.312701898777159e-17,4.346791563766352e-17
258.123,0.439789062621769,0.0,0.45029231030998407,0.7089597420405276,0.7052489519069338,4.3184043577742606e-17,4.341126394071327e-17
258.133,0.4402877110055221,0.0,0.45026442537570144,0.7087831797529407,0.7054263987825453,4.319490906515442e-17,4.3400452618696097e-17
258.159,0.4415847979773197,0.0,0.4501984557764559,0.7083653035744552,0.7058460148586729,4.322060313937945e-17,4.3374865082474984e-17
258.206,0.4439314137747459,0.0,0.45010316415230217,0.7077612720676154,0.7064516839538504,4.3257689675317026e-17,4.333787881990321e-17
258.256,0.44642979836466506,0.0,0.45003569531600085,0.7073333038388427,0.7068801859441439,4.328392785485909e-17,4.331167332382805e-17
258.291,0.4481794403546602,0.0,0.45000928080095814,0.7071656838619926,0.7070478736040441,4.3294195762656745e-17,4.330140956042192e-17
258.322,0.4497293858205077,0.0,0.45000020504987925,0.7071080826319899,0.7071054797387097,4.3297723121078227e-17,4.329788250232443e-17
258.357,0.4514793562853655,0.0,0.45000612795005557,0.7071456741151383,0.7070678861186149,4.329542117575235e-17,4.3300184316800073e-17
258.367,0.451979315328143,0.0,0.4500109700552501,0.7071764045876276,0.707037150929508,4.32935391882043e-17,4.330206601553859e-17
258.41,0.4541287472578097,0.0,0.45004774030502637,0.7074097257594409,0.7068037067679771,4.3279244855944376e-17,4.331635281685031e-17
258.426,0.4549282997310168,0.0,0.4500680269985089,0.7075384210330701,0.7066748776927266,4.327135635021225e-17,4.332423312959608e-17
258.455,0.45637703205436975,0.0,0.45011392299099345,0.7078294946145222,0.7063833283379147,4.325350410100406e-17,4.334205624608816e-17
258.504,0.45882314634547,0.0,0.4502181820787046,0.7084902822300948,0.7057205679201369,4.3212921729792396e-17,4.338251781800452e-17
258.533,0.4602695407986729,0.0,0.45029567959736305,0.708981072878497,0.7052275081844549,4.3182730528437824e-17,4.341257007783538e-17
258.561,0.46166494699591293,0.0,0.45038163499041795,0.7095250439486264,0.7046802196810266,4.314921877274114e-17,4.3445878699328517e-17
258.579,0.4625613465049264,0.0,0.4504426607858864,0.7099110025615055,0.7042913945535031,4.312541010034866e-17,4.346951184832181e-17
258.608,0.46400436478609025,0.0,0.4505504660335123,0.7105923213685996,0.7036039744145742,4.308331775670823e-17,4.351123059313714e-17
258.647,0.46594242081375004,0.0,0.45071387678925,0.7116238496032201,0.7025606711707492,4.301943385780371e-17,4.357439348067505e-17
258.672,0.4671830556008212,0.0,0.45082972885439176,0.7123542782900211,0.7018200497292046,4.2974083873915334e-17,4.361911933833986e-17
258.721,0.46961036678083906,0.0,0.4510819013687455,0.7139416396498569,0.7002052093308603,4.287520341766702e-17,4.3716317188760516e-17
258.764,0.4717352098760366,0.0,0.4513305114451977,0.7155031539655627,0.6986095022724299,4.277749454059284e-17,4.381193236418811e-17
258.807,0.4738545904257871,0.0,0.451604570942182,0.7172205676621382,0.6968462221483304,4.266952477259391e-17,4.3917093623504256e-17
258.855,0.47621330567463205,0.0,0.45194044766071345,0.7193197011205034,0.6946791832061111,4.2536831907383086e-17,4.404562847704276e-17
258.893,0.47807483767556935,0.0,0.4522286706615251,0.7211160258356459,0.6928143165978919,4.242264176125347e-17,4.4155621642674194e-17
258.924,0.4795893926684194,0.0,0.45247835377631845,0.7226684200827133,0.6911948745579318,4.232347953572138e-17,4.425067837495848e-17
258.948,0.4807593083248347,0.0,0.4526806091149311,0.7239233866329526,0.6898803738952692,4.224298958427104e-17,4.432752291339786e-17
258.972,0.48192681707079044,0.0,0.45289065475622553,0.7252242721157365,0.6885127123983988,4.2159244470548063e-17,4.440717917552529e-17
259.017,0.4841090914594857,0.0,0.45330541234857463,0.7277857522052433,0.6858045631862244,4.1993418157332925e-17,4.456402459516e-17
259.048,0.4856070150114046,0.0,0.4536069450340173,0.7296419053422178,0.6838294304638971,4.1872476159018454e-17,4.4677681195056156e-17
259.078,0.48705219609568184,0.0,0.4539109762559487,0.7315082499910227,0.6818325895665822,4.17502049183533e-17,4.479196184506939e-17
259.121,0.48911568199981414,0.0,0.45436762639068007,0.7343016470955337,0.6788233135896161,4.156593990870617e-17,4.4963008086208734e-17
259.148,0.490406373784206,0.0,0.45466686803035533,0.7361257345106672,0.6768448145558409,4.144479178326472e-17,4.5074701226924144e-17
259.185,0.49216858026731725,0.0,0.45509252821956875,0.7387116429235158,0.6740215935778616,4.127191935656632e-17,4.5233042449958305e-17
259.209,0.4933074643784099,0.0,0.455378225705973,0.7404414632977905,0.6721208518037711,4.115553249008404e-17,4.533896339918108e-17
259.243,0.4949150680818668,0.0,0.45579582041389677,0.7429614636454437,0.6693341942093054,4.098489892491494e-17,4.549326891716126e-17
259.278,0.49656259348882315,0.0,0.45624136026569845,0.7456390334473322,0.6663500820137477,4.080217475248562e-17,4.565722278153008e-17
259.318,0.49843598974770237,0.0,0.4567698824210099,0.7488004236914795,0.6627955382163195,4.0584521718288144e-17,4.585080210369761e-17
259.359,0.500345310140281,0.0,0.45733286927786043,0.7521501208941506,0.6589918024064599,4.035161007407081e-17,4.6055911901565815e-17
259.39,0.5017813480943936,0.0,0.4577727238543292,0.7547543269011006,0.6560075502797713,4.0168877333330916e-17,4.6215373529102396e-17
259.429,0.503578372397964,0.0,0.45834330785073,0.7581156275543128,0.6521201540037928,3.993084296301119e-17,4.642119383339881e-17
259.463,0.505136010628797,0.0,0.4588562825739532,0.761121181933819,0.6486097026807929,3.971588981419747e-17,4.660523096092508e-17
259.498,0.506730438493538,0.0,0.45939935133954896,0.7642860855556177,0.6448773367285215,3.948734831336269e-17,4.6799025415427367e-17
259.538,0.5085410992833763,0.0,0.46003849260608154,0.7679884056710391,0.640463745074501,3.9217093768770704e-17,4.7025727139365854e-17
259.57,0.5099805135828799,0.0,0.46056389029387057,0.7710135574701316,0.6368187294648706,3.89939009338119e-17,4.721096426275052e-17
259.591,0.5109206221525111,0.0,0.46091543628351733,0.7730284428261301,0.634371363305287,3.884404297712812e-17,4.733434040784415e-17
259.625,0.5124349675006465,0.0,0.46149587253990126,0.776338899218525,0.6303157252997651,3.8595706772029984e-17,4.753704739907731e-17
259.65,0.5135422381433623,0.0,0.4619314908899178,0.7788100018648869,0.6272598990810865,3.840859138215722e-17,4.7688358796388896e-17
259.675,0.5146441350185855,0.0,0.46237453559172603,0.78131139633715,0.6241414118240297,3.82176391102804e-17,4.7841525033081986e-17
259.704,0.5159154816242147,0.0,0.46289770614273434,0.7842497453811986,0.620445273065663,3.7991315885298485e-17,4.8021447020660584e-17
259.747,0.5177867388569947,0.0,0.463691545690933,0.7886762160394057,0.614808772102159,3.764617974213118e-17,4.8292490176815234e-17
259.783,0.5193403593925842,0.0,0.464372617524328,0.7924429042181133,0.6099460988926498,3.734842688306493e-17,4.852313330788725e-17
259.815,0.5207111668018709,0.0,0.46499047477069605,0.7958350818466796,0.6055134370945774,3.707700462892932e-17,4.8730844281635404e-17
259.851,0.5222416208393934,0.0,0.46569943588882506,0.799698094045115,0.600402330425699,3.6764039607822194e-17,4.896738555782946e-17
259.885,0.5236754416647875,0.0,0.4663823547428545,0.8033893892838426,0.5954540193718859,3.646104294316031e-17,4.919341220277024e-17
259.925,0.5253475488511857,0.0,0.4672021909130634,0.8077818697580967,0.589481510219034,3.609533223231439e-17,4.946237406042587e-17
259.938,0.5258874969526826,0.0,0.46747241924092225,0.8092203474966778,0.5875052588678301,3.597432173773627e-17,4.955045541833577e-17
259.987,0.5279070277183309,0.0,0.46850745467691557,0.8146869679628944,0.5799009779535,3.550869382365868e-17,4.988518938114105e-17
260.021,0.5292935437775785,0.0,0.4692407826749451,0.818518530888072,0.5744801254985522,3.5176762343278584e-17,5.0119804944743566e-17
260.051,0.530506681733166,0.0,0.4698979989379359,0.8219229406967554,0.5695987004518163,3.4877861265340444e-17,5.032826492350307e-17
260.09,0.532069136492377,0.0,0.47076644235826115,0.8263785334605074,0.5631150143937392,3.448084999645542e-17,5.0601091294324713e-17
260.125,0.5334570267546273,0.0,0.4715591706905355,0.830402694306344,0.5571636790825157,3.41164358094783e-17,5.0847500079280105e-17
260.159,0.5347920781513503,0.0,0.47234117683160676,0.8343319945697957,0.5512622994883528,3.3755080527951044e-17,5.108810032880636e-17
260.193,0.5361139309337839,0.0,0.4731347743598066,0.8382782433682946,0.5452426860539866,3.3386485511726e-17,5.13297383767924e-17
260.227,0.5374223845927223,0.0,0.47393979945086134,0.8422385682992757,0.5391049935487393,3.3010660237690906e-17,5.1572238339307867e-17
260.27,0.5390576962774581,0.0,0.47497402543849665,0.847262858692949,0.5311738399803324,3.252501714613612e-17,5.187988739673781e-17
260.287,0.5396981288363148,0.0,0.4753877986027654,0.8492528398492248,0.5279863767257891,3.232984131253231e-17,5.200173859940765e-17
260.316,0.5407825744474563,0.0,0.4760999604086916,0.8526507893262838,0.5224812259414353,3.199274804818819e-17,5.220980299694488e-17
260.341,0.5417092099027149,0.0,0.47672021199386716,0.8555821731956004,0.5176670212693615,3.1697963031083415e-17,5.238929849057642e-17
260.377,0.5430300162959539,0.0,0.4776235069169228,0.8598043296644345,0.5106236526937352,3.126668109201563e-17,5.264783101082927e-17
260.415,0.5444066306888662,0.0,0.47858975131074966,0.8642587763893218,0.5030474802978663,3.080277432829616e-17,5.292058720700955e-17
260.441,0.545337997218114,0.0,0.4792582943277431,0.8673031060165426,0.4977803956505899,3.0480258410589897e-17,5.310699863368582e-17
260.48,0.5467188072638738,0.0,0.4802722252555912,0.8718610333098967,0.4897533446499362,2.9988743294862744e-17,5.3386091187213443e-17
260.508,0.5476980070847055,0.0,0.48100826682463055,0.8751248337206122,0.4838972260774707,2.963015945160288e-17,5.3585941323515374e-17
260.54,0.5488045137533839,0.0,0.4818575890033775,0.8788437136598307,0.47710976405917066,2.921454726985061e-17,5.381365704421423e-17
260.56,0.5494892051694804,0.0,0.48239275417793553,0.8811608993670329,0.4728165282926156,2.8951662397875784e-17,5.395554374718199e-17
260.594,0.5506409275045998,0.0,0.48331006838252066,0.8850855445403149,0.4654283820801804,2.8499268917341215e-17,5.419585895464443e-17
260.619,0.5514778541049218,0.0,0.48399052228043277,0.8879581239932697,0.4599243090274236,2.816224164502462e-17,5.437175371626231e-17
260.653,0.5526024390821948,0.0,0.4849238908489273,0.8918445225776375,0.45234206917803466,2.7697963356928538e-17,5.4609726995590154e-17
260.693,0.5539051548815506,0.0,0.4860334632995151,0.8963830693068714,0.4432802646858898,2.7143087863638325e-17,5.4887632831827004e-17
260.718,0.5547080827707467,0.0,0.4867331214548612,0.8991991311851875,0.43753962389228696,2.67915749949913e-17,5.5060066890101036e-17
260.742,0.5554706667267533,0.0,0.48740917475870293,0.9018863729695147,0.43197334437658697,2.6450738675388226e-17,5.5224612992586605e-17
260.782,0.5567235789295963,0.0,0.48854527576354806,0.9063270307631903,0.4225769909826836,2.587537797001317e-17,5.549652486024329e-17
260.811,0.557617700559468,0.0,0.48937609540023486,0.9095144172566817,0.4156723767611201,2.545259228472392e-17,5.569169599358827e-17
260.829,0.5581666045168976,0.0,0.4898947348580641,0.9114783119590569,0.4113481333715616,2.5187808743436073e-17,5.581194986164459e-17
260.863,0.5591906505684542,0.0,0.49088044576650697,0.9151558528219381,0.4031001923166882,2.4682768012815735e-17,5.603713429396763e-17
260.898,0.560227237355067,0.0,0.49190324100993355,0.9188952136866376,0.39450169361333365,2.4156261817088943e-17,5.626610410965819e-17
260.928,0.561101427831605,0.0,0.49278628797193097,0.9220606067800449,0.38704552371060374,2.3699703086825095e-17,5.645992853565241e-17
260.938,0.5613898705970056,0.0,0.49308191619175035,0.9231072161740247,0.38454267311631674,2.354644768837321e-17,5.652401487786716e-17
260.986,0.5627536900797425,0.0,0.49450961735304,0.9280686939206804,0.3724090484458756,2.2803477457637656e-17,5.682781776994129e-17
261.004,0.5632562339921634,0.0,0.49504863095898965,0.9299016127805881,0.36780836117203913,2.2521766610448568e-17,5.694005168068544e-17
261.043,0.5643283132841395,0.0,0.49622306814483835,0.9338184803116862,0.3577471814401519,2.190569703273347e-17,5.717989064491761e-17
261.071,0.5650837730861114,0.0,0.49707165745870135,0.9365827826344881,0.35044641712056235,2.1458654149967745e-17,5.734915534449235e-17
261.105,0.5659850012926495,0.0,0.49810796511219774,0.9398832741058292,0.3414958726779969,2.091059136985705e-17,5.75512521602919e-17
261.136,0.5667912040239442,0.0,0.49905828032050575,0.9428367449847508,0.3332549659143282,2.0405981365347116e-17,5.773210009320422e-17
261.161,0.5674305284537315,0.0,0.49982833139072314,0.9451784032846042,0.32655441501282156,1.9995690954644416e-17,5.787548531028483e-17
261.184,0.5680101147485062,0.0,0.5005395897920872,0.9473000923068337,0.320347522411934,1.9615628396827996e-17,5.80054012937778e-17
261.203,0.568482665822987,0.0,0.5011291334071979,0.9490286222948292,0.3151899015913713,1.9299815205372103e-17,5.811124322962925e-17
261.253,0.5696990978736235,0.0,0.5026888367839967,0.9534695130552967,0.30148944869446975,1.8460904416019127e-17,5.838316936238772e-17
261.287,0.5705036770064964,0.0,0.503756006407188,0.956396947441757,0.29206998976972837,1.78841289049249e-17,5.856242301994236e-17
261.317,0.5711983079338708,0.0,0.504701837030768,0.9589156433742225,0.28369136203310946,1.7371085922980024e-17,5.871664866552833e-17
261.346,0.5718560852673126,0.0,0.5056197404334875,0.9612914662901448,0.2755335130936769,1.6871561743399838e-17,5.886212586199458e-17
261.375,0.5725003304380676,0.0,0.5065410416169766,0.9636079302823223,0.26731957784086663,1.636860326761195e-17,5.90039683726626e-17
261.405,0.5731524841488551,0.0,0.5074975376361066,0.9659403267322161,0.25876492264690687,1.5844781712557347e-17,5.914678646499785e-17
261.422,0.5735155543074706,0.0,0.508041039922663,0.9672325874137345,0.2538919491534389,1.5546398143002073e-17,5.922591461036212e-17
261.461,0.574330681393221,0.0,0.509291783170444,0.9701150363700471,0.24264545371537907,1.4857748911009812e-17,5.940241370476482e-17
261.49,0.574920664675686,0.0,0.5102251679938045,0.972182741757701,0.2342236466040078,1.4342061954910948e-17,5.952902414399332e-17
261.518,0.5754771851254814,0.0,0.5111289248284031,0.9741166030945045,0.22604610940165168,1.3841332216922257e-17,5.964743899879889e-17
261.537,0.5758474587268847,0.0,0.511743553035631,0.9753933062801656,0.22047198929534578,1.3500015799609737e-17,5.972561452228794e-17
261.566,0.5764010942533245,0.0,0.5126836930644852,0.9772856724845844,0.21192620025932057,1.2976737140151896e-17,5.984148853304075e-17
261.606,0.5771418059371168,0.0,0.51398421033106,0.979782332221346,0.2000664426306921,1.2250536429223732e-17,5.99943648508e-17
261.635,0.5776621366993278,0.0,0.5149296265331652,0.9815086439960676,0.1914178198627299,1.1720961019732841e-17,6.010007096026217e-17
261.665,0.5781855945621432,0.0,0.5159097173780747,0.9832191206349288,0.18242850878598288,1.1170524467898937e-17,6.020480744730204e-17
261.689,0.5785934798389308,0.0,0.5166952017394738,0.984531576004746,0.17520723686426637,1.0728349090663797e-17,6.028517216068557e-17
261.714,0.5790080466888753,0.0,0.5175146524959254,0.9858452113013313,0.1676580429154339,1.0266094280384785e-17,6.036560912374607e-17
261.742,0.5794598346779993,0.0,0.518433822780557,0.9872509360073995,0.15917157206145058,9.746447812015387e-18,6.045168493683452e-17
261.777,0.5800059034971425,0.0,0.5195846498830832,0.988909519066583,0.148519234779538,9.094180274228773e-18,6.055324385856197e-17
261.804,0.5804129461462837,0.0,0.5204736949023206,0.9901132923174147,0.1402699838752743,8.589059338465277e-18,6.062695371148848e-17
261.837,0.5808935879625673,0.0,0.5215616114892501,0.9914940030444392,0.13015237964368379,7.969534756602424e-18,6.071149786010843e-17
261.866,0.5813006270745847,0.0,0.5225186840932007,0.9926242953370803,0.12123121836624755,7.423271176447944e-18,6.078070830202262e-17
261.884,0.5815460376368123,0.0,0.5231131429824301,0.9932864493091105,0.1156807227626964,7.083401342719426e-18,6.082125353914209e-17
261.923,0.5820587106788884,0.0,0.5244020313337955,0.994616713617648,0.10362235758961234,6.34503942711106e-18,6.090270873551562e-17
261.951,0.5824106757325291,0.0,0.525327980137805,0.9954830077694603,0.09493988225329024,5.8133911456459244e-18,6.095575395352246e-17
261.974,0.5826896984303924,0.0,0.5260888447344783,0.9961386980097865,0.08779347542595303,5.37579993332076e-18,6.099590340122485e-17
262.003,0.5830285151745129,0.0,0.527048412418052,0.9968931407858819,0.07876589270782106,4.823019919330845e-18,6.10420996977691e-17
262.032,0.5833528159776762,0.0,0.5280080833358181,0.9975665118687062,0.06972126216659087,4.2691960272414486e-18,6.108333178483006e-17
262.073,0.5837864993177562,0.0,0.5293647466225897,0.9983793863228838,0.05690870729108042,3.484653311381764e-18,6.113310598975092e-17
262.094,0.5839973580284663,0.0,0.530059451144883,0.9987323263057628,0.0503362731226631,3.082207788033816e-18,6.115471733076712e-17
262.129,0.5843317977016382,0.0,0.531216839738114,0.9992247069024256,0.03936985033958956,2.410708060064435e-18,6.118486694685039e-17
262.163,0.584636321355456,0.0,0.5323404035485085,0.9995879325670641,0.02870479169585369,1.7576615635259374e-18,6.120710810422877e-17
262.187,0.5848391858847689,0.0,0.5331329265411717,0.9997758658212484,0.021171162494605083,1.2963598191623303e-18,6.121861569713828e-17
262.206,0.5849926838351491,0.0,0.5337599354985759,0.9998844011418039,0.015204747722216598,9.310222814927783e-19,6.122526156878391e-17
262.24,0.5852516875944161,0.0,0.5348809165762619,0.9999897629126927,0.00452482815328022,2.770658157303225e-19,6.123171311655749e-17
262.264,0.5854223973916777,0.0,0.5356712885653675,0.9999954550527301,-0.0030149417711167574,-1.8461193948068944e-19,6.123206165961134e-17
262.299,0.5856533655662626,0.0,0.5368223704460141,0.9999018645677097,-0.014009326679664641,-8.57823853823046e-19,6.122633089521579e-17
262.333,0.5858572964034097,0.0,0.5379385878844894,0.9996952698750413,-0.02468536792248336,-1.5115428406021999e-18,6.121368061876094e-17
262.357,0.5859891177607099,0.0,0.5387252015140737,0.9994808931136108,-0.03221714296487306,-1.972731050480223e-18,6.120055382802606e-17
262.39,0.5861539798571868,0.0,0.5398048581623048,0.9990936880306251,-0.042565273843403674,-2.6063713183577434e-18,6.117684435475147e-17
262.419,0.5862831905409386,0.0,0.5407516384405413,0.9986652842409655,-0.05164929865846777,-3.162607414014912e-18,6.1150612188264e-17
262.456,0.5864267700081839,0.0,0.5419566253861338,0.9979994425876075,-0.06322272214026063,-3.871275215122634e-18,6.110984114578781e-17
262.471,0.5864781842399789,0.0,0.5424441195156484,0.9976915518314546,-0.06790852232337091,-4.158197724907139e-18,6.109098827433733e-17
262.501,0.5865692592297514,0.0,0.5434172403738428,0.9970103559594159,-0.07726804067451704,-4.731302934421739e-18,6.104927705712309e-17
262.545,0.586674504737084,0.0,0.5448396870146078,0.9958543319423047,-0.09096235238683077,-5.569837684672295e-18,6.097849100150846e-17
262.564,0.5867095439521277,0.0,0.545452049165866,0.9952978006228915,-0.0968622118023066,-5.931099882101388e-18,6.094441328656123e-17
262.597,0.5867554947717466,0.0,0.5465127696252517,0.9942495796057724,-0.10708769048655803,-6.557229869122288e-18,6.088022826089053e-17
262.621,0.5867770397447767,0.0,0.547281821211169,0.9934225803713449,-0.11450579377629269,-7.011457691598188e-18,6.082958916262359e-17
262.65,0.5867897466828019,0.0,0.5482082832711302,0.9923512016127715,-0.12344671991465997,-7.558931520436408e-18,6.076398613425552e-17
262.684,0.5867860945382186,0.0,0.5492903790212862,0.9909954863723451,-0.1338952799378647,-8.198721299842241e-18,6.068097251776834e-17
262.721,0.5867594050041138,0.0,0.5504626610667731,0.98939926379069,-0.1452208552875259,-8.89221277986548e-18,6.058323207400081e-17
262.743,0.5867323296471764,0.0,0.5511569579423704,0.9883910607047952,-0.1519312710367743,-9.303107238278731e-18,6.052149743989924e-17
262.784,0.5866596129163574,0.0,0.5524451736653088,0.9863959790561033,-0.16438665548623863,-1.0065779573188041e-17,6.039933392214382e-17
262.805,0.5866111672013538,0.0,0.5531020091119758,0.9853162046426914,-0.17073950002422367,-1.0454779109634248e-17,6.033321680818453e-17
262.841,0.5865105023788597,0.0,0.5542231133308395,0.9833751596154027,-0.18158550451889438,-1.1118905344031062e-17,6.021436207920102e-17
262.87,0.5864132622299946,0.0,0.5551215644242461,0.9817299263917366,-0.19027966687713982,-1.1651269249195697e-17,6.011362059914034e-17
262.898,0.586305733515871,0.0,0.5559849423429588,0.9800733422821407,-0.19863595784226457,-1.2162944498354895e-17,6.001218407777359e-17
262.932,0.5861571882367851,0.0,0.5570277369343574,0.9779732279261757,-0.20873036544704376,-1.2781048696478971e-17,5.98835891615798e-17
262.962,0.5860097893202433,0.0,0.5579425832125642,0.9760408544876532,-0.21758733963861884,-1.3323381951171128e-17,5.97652654142676e-17
262.994,0.5858357378106208,0.0,0.5589127918022341,0.9738991595586022,-0.22698111597894732,-1.3898584857525598e-17,5.963412442228698e-17
263.022,0.5856692348921474,0.0,0.5597568126494553,0.9719582319756808,-0.2351535568404374,-1.4399002534637842e-17,5.95152768846969e-17
263.066,0.5853808872348786,0.0,0.5610735513575387,0.9687847186713991,-0.24790354751148277,-1.5179714297860558e-17,5.932095523918991e-17
263.094,0.5851804611280739,0.0,0.5619051862564819,0.9666883730993395,-0.2559562253873738,-1.567279860712429e-17,5.919259109445343e-17
263.122,0.5849669134744121,0.0,0.5627317793427313,0.964533664543013,-0.2639598643036974,-1.6162880146144636e-17,5.90606532476234e-17
263.16,0.5846561864018069,0.0,0.5638452958984065,0.9615182373296186,-0.2747411132003059,-1.6823041243746764e-17,5.887601158337613e-17
263.188,0.5844118782007104,0.0,0.5646595103244474,0.9592308005790232,-0.28262390419164163,-1.7305722981541106e-17,5.873594647863269e-17
263.224,0.5840787094624234,0.0,0.5656983174813028,0.9562103751603696,-0.29268023239649327,-1.7921495488903448e-17,5.855099876258182e-17
263.245,0.5838744961484675,0.0,0.5663000161399366,0.9544082019505707,-0.2985045796122375,-1.8278133897647646e-17,5.844064747993736e-17
263.276,0.5835598058433537,0.0,0.5671823526206599,0.9516950738349271,-0.3070447629228231,-1.880106930541966e-17,5.827451629681237e-17
263.306,0.5832403020772665,0.0,0.5680294065060767,0.94901110406564,-0.3152426436256917,-1.9303044723547656e-17,5.811017054746408e-17
263.336,0.5829061432770005,0.0,0.5688696012953374,0.9462714544289301,-0.32337336707428016,-1.9800907945850963e-17,5.7942415389545e-17
263.37,0.582509796645515,0.0,0.5698133430548696,0.9431014026140768,-0.3325052546763147,-2.0360074791951216e-17,5.774830569913542e-17
263.404,0.5820948094172039,0.0,0.5707478699555615,0.9398646412469605,-0.3415471506742845,-2.0913731241558064e-17,5.755011122674328e-17
263.418,0.5819185379648495,0.0,0.5711299469967112,0.938513078592491,-0.34524368395503596,-2.114007862406876e-17,5.746735188281112e-17
263.451,0.5814906459868935,0.0,0.572024147688337,0.9352853238755819,-0.35389456472648423,-2.1669792296396735e-17,5.726970890868635e-17
263.48,0.5811003125124069,0.0,0.572802408273946,0.9324017632861569,-0.36142350756538444,-2.213080708382786e-17,5.709314174638701e-17
263.519,0.5805544025613444,0.0,0.5738376579179258,0.9284575654446774,-0.37143848638575766,-2.2744047671622794e-17,5.685162928329842e-17
263.543,0.5802065633269011,0.0,0.5744681259652732,0.925994188341249,-0.37753776388360333,-2.3117520704865202e-17,5.67007909390581e-17
263.586,0.5795608360465341,0.0,0.5755848557088141,0.9215153149054405,-0.3883420198674448,-2.377909058025421e-17,5.642653903821065e-17
263.617,0.5790774965236919,0.0,0.5763795065262891,0.9182370366674416,-0.3960312418133139,-2.4249919632451316e-17,5.622580239066666e-17
263.647,0.5785956344931735,0.0,0.5771400370217904,0.9150274629565812,-0.40339154928585513,-2.4700608481800713e-17,5.602927268208503e-17
263.676,0.5781167191865928,0.0,0.5778671509275853,0.9118921161860133,-0.4104299799451721,-2.513158806069837e-17,5.583728806274537e-17
263.706,0.5776078065490724,0.0,0.578610861116976,0.9086167017814571,-0.41763104439659,-2.5572526087242505e-17,5.563672677442434e-17
263.741,0.5769968625695698,0.0,0.5794674490616368,0.904756963307313,-0.42592820679890336,-2.6080580756142446e-17,5.540038595602901e-17
263.766,0.5765492005878241,0.0,0.5800718841439266,0.9019763551885245,-0.43178542666563535,-2.6439232034227226e-17,5.5230122814411135e-17
263.777,0.5763492691201036,0.0,0.5803358552875941,0.9007469951306685,-0.434344161654179,-2.6595909364906543e-17,5.515484622141849e-17
263.819,0.575569355053773,0.0,0.5813324717711426,0.8960221332293951,-0.4440093881474176,-2.7187733799305485e-17,5.4865531871228094e-17
263.853,0.5749189291200605,0.0,0.5821259882808137,0.8921641618087185,-0.45171131088799055,-2.7659340550881628e-17,5.462929925365142e-17
263.876,0.5744693391683635,0.0,0.5826559430811507,0.8895392143630013,-0.4568588251423567,-2.797453489364037e-17,5.4468567579285044e-17
263.905,0.5738915061280045,0.0,0.5833161810591111,0.8862137243518727,-0.46327662877635317,-2.836751202753687e-17,5.4264940044398784e-17
263.934,0.5733015343767525,0.0,0.5839674268967353,0.8828723722367732,-0.46961300486785135,-2.875550316246923e-17,5.406034123576974e-17
263.973,0.5724891473179605,0.0,0.5848288622604985,0.8783570939408025,-0.47800503713231757,-2.926936693502022e-17,5.378386018014874e-17
264.0,0.5719140827459126,0.0,0.5854154490630246,0.8752186828550211,-0.4837274616780837,-2.961976438018696e-17,5.359168792561821e-17
264.018,0.5715250039602459,0.0,0.5858020044026025,0.8731216167135215,-0.48750245376568757,-2.985091597903149e-17,5.346327965872881e-17
264.063,0.570532517518328,0.0,0.586752441820287,0.867865426950208,-0.49679935658627145,-3.042018709309209e-17,5.314143086026116e-17
264.091,0.56990082742698,0.0,0.5873321862076825,0.8645875227842225,-0.502482253861608,-3.07681641909983e-17,5.294071711802187e-17
264.13,0.5690030931678639,0.0,0.5881245933064196,0.8600161415964737,-0.5102668284275533,-3.124483190724374e-17,5.266080075105892e-17
264.143,0.568699260173063,0.0,0.5883847848252013,0.8584915501616349,-0.5128277082033235,-3.140164056826365e-17,5.256744645002478e-17
264.182,0.5677741261582141,0.0,0.589153394477718,0.8539177110638498,-0.5204080540609219,-3.186580288281054e-17,5.22873795794789e-17
264.205,0.5672190228950671,0.0,0.5895981881053269,0.8512216178012444,-0.5248063999112742,-3.213512389116939e-17,5.2122291480266277e-17
264.234,0.5665091505734726,0.0,0.5901499415421674,0.8478252884568235,-0.530275664398343,-3.247001975355834e-17,5.191432628724151e-17
264.263,0.5657882689813397,0.0,0.5906914805099632,0.8444341068969252,-0.5356594432185362,-3.2799681128531685e-17,5.170667630510867e-17
264.303,0.5647760843098838,0.0,0.5914214852905365,0.8397684154221746,-0.5429447563604699,-3.324577789953445e-17,5.142098509859055e-17
264.345,0.5636912843726125,0.0,0.592166588586286,0.8348888701114946,-0.5504185448946572,-3.370341545982929e-17,5.112219912128961e-17
264.378,0.5628233436733627,0.0,0.5927364588833064,0.831072380895919,-0.55616427223617,-3.405523978970714e-17,5.0888506556197855e-17
264.415,0.561834099392585,0.0,0.5933589250886302,0.8268150452951419,-0.5624738935040385,-3.44415926641835e-17,5.062781993537847e-17
264.436,0.5612651523790845,0.0,0.5937043964009963,0.8244102806581596,-0.5659926582078026,-3.465705486075437e-17,5.048057056960931e-17
264.476,0.5601666403747682,0.0,0.5943466209345158,0.8198557754867519,-0.5725700895095872,-3.505980637027147e-17,5.020168756061609e-17
264.521,0.5589079332523907,0.0,0.5950440808273707,0.8147774732000421,-0.579773808623462,-3.550090694800964e-17,4.989073122859e-17
264.553,0.5579983469160477,0.0,0.5955237464543325,0.8111989014382852,-0.5847703329558701,-3.5806855824536914e-17,4.967160690591226e-17
264.57,0.5575102895128426,0.0,0.5957730100221945,0.8093097258928617,-0.5873821307932522,-3.5966782317615416e-17,4.9555928266675743e-17
264.604,0.5565242196729473,0.0,0.5962598822509438,0.8055578606229673,-0.5925171163675764,-3.6281209499978616e-17,4.932619277699533e-17
264.635,0.555613726018123,0.0,0.5966901572718872,0.8021696697349285,-0.5970961572120153,-3.656159488564396e-17,4.911872592069848e-17
264.669,0.554602768775778,0.0,0.5971469915025387,0.7984917934643592,-0.6020056941342592,-3.6862217319500056e-17,4.8893520950577846e-17
264.699,0.5537001727376953,0.0,0.5975368789296117,0.7952817874461547,-0.6062399513034827,-3.712149079395287e-17,4.8696964770805954e-17
264.728,0.5528183764211251,0.0,0.597901919933896,0.7922118406581663,-0.6102461794399044,-3.7366801517149015e-17,4.850898474543282e-17
264.758,0.551896703135278,0.0,0.598267206722114,0.7890718997910663,-0.614300852156431,-3.761507861534324e-17,4.8316718818812516e-17
264.788,0.5509655394828575,0.0,0.5986198597651841,0.7859701028779735,-0.6182645043846425,-3.785778231605386e-17,4.812678853575131e-17
264.816,0.550088017202412,0.0,0.5989375318801475,0.7831109734730092,-0.6218819849667266,-3.807928911684521e-17,4.795171735204442e-17
264.846,0.5491389122760805,0.0,0.5992655290070772,0.7800876105816897,-0.625670296415732,-3.83112562913551e-17,4.776658976766866e-17
264.875,0.5482128236057608,0.0,0.5995703610633811,0.777205827939575,-0.6292464549099659,-3.853023284401545e-17,4.759013147324345e-17
264.901,0.5473754422341511,0.0,0.5998333782053346,0.7746574479727066,-0.6323810862924454,-3.872217365846847e-17,4.743408820477162e-17
264.935,0.5462704488201728,0.0,0.6001625737241448,0.7713770309806233,-0.6363784063554628,-3.896693891948556e-17,4.723322059631045e-17
264.974,0.5449893201300213,0.0,0.6005194684520699,0.767689527831225,-0.6408219634643235,-3.9239028318995293e-17,4.7007426149872634e-17
264.993,0.5443599959285987,0.0,0.6006852786496854,0.7659231426399077,-0.6429321422736677,-3.936823950521989e-17,4.6899266251342226e-17
265.018,0.5435268475017613,0.0,0.60089536389342,0.7636298110923305,-0.6456543282679144,-3.953492532344679e-17,4.6758840194386026e-17
265.042,0.5427216578675476,0.0,0.6010883675497806,0.7614619118478301,-0.648209654976727,-3.9691393957182945e-17,4.6626094650853454e-17
265.083,0.5413341885097592,0.0,0.6013983182531892,0.7578368637393376,-0.6524440879935419,-3.995067819919526e-17,4.640412447271243e-17
265.114,0.5402753316847435,0.0,0.6016160336789207,0.7551634889300626,-0.6555365016434823,-4.014003392309721e-17,4.624042747755744e-17
265.145,0.5392082293230402,0.0,0.6018193463944179,0.752549886452617,-0.6585352446150117,-4.0323653972174665e-17,4.608039048214507e-17
265.164,0.5385501970710753,0.0,0.6019368098892548,0.7509781644163884,-0.6603270375880363,-4.0433369648632135e-17,4.598415026410424e-17
265.198,0.5373652209322431,0.0,0.6021333954504628,0.7482240125414664,-0.6634461749504232,-4.0624361727979536e-17,4.5815507100204794e-17
265.239,0.5359238555461032,0.0,0.6023471254285107,0.7450046971884627,-0.6670592186358921,-4.084559684720899e-17,4.56183808880797e-17
265.275,0.5346473672837153,0.0,0.6025136573519183,0.7422720893742524,-0.6700986086659052,-4.1031705810789783e-17,4.545105691742981e-17
265.299,0.5337908559781691,0.0,0.602613653452716,0.740500280027757,-0.6720560506972714,-4.115156456670123e-17,4.534256488518557e-17
265.315,0.533217443474665,0.0,0.602675402364682,0.7393416027750697,-0.6733305238929772,-4.1229603542687247e-17,4.527161636574815e-17
265.355,0.5317756724400702,0.0,0.602812518155398,0.7365249695220352,-0.6764103556795721,-4.141818884965553e-17,4.509914732086311e-17
265.384,0.5307231971163336,0.0,0.6028964629661463,0.7345555413496869,-0.678548566185552,-4.1549116482258114e-17,4.497855462549227e-17
265.408,0.529847729897717,0.0,0.602956071586269,0.7329725904808984,-0.6802581727577562,-4.165379969308067e-17,4.4881626839758796e-17
265.437,0.5287846193167601,0.0,0.6030161476973414,0.7311173252530021,-0.682251754644058,-4.1775871376875546e-17,4.4768024608613166e-17
265.467,0.527678946949706,0.0,0.6030644956618962,0.7292651324133527,-0.6842312230862716,-4.189707886146405e-17,4.4654610506989155e-17
265.503,0.5263444448046048,0.0,0.6031039346253713,0.7271337869753709,-0.6864957799133625,-4.203574297495326e-17,4.4524103238564066e-17
265.542,0.5248895729728255,0.0,0.6031237192776879,0.7249388772819285,-0.6888131997902022,-4.217764401667587e-17,4.4389703782039484e-17
265.575,0.5236513478689819,0.0,0.6031217706483437,0.7231756155852239,-0.6906641941080575,-4.229098473000594e-17,4.4281735142393064e-17
265.607,0.5224445812459563,0.0,0.6031034771552973,0.7215491104719701,-0.6923632581074104,-4.2395022394423644e-17,4.418214042835591e-17
265.636,0.5213459632309475,0.0,0.6030729169052698,0.7201467296270747,-0.693821798308059,-4.2484332223831246e-17,4.409626936771157e-17
265.674,0.5198994794326416,0.0,0.6030127065840214,0.7184133414209873,-0.6956164682268038,-4.259422406240709e-17,4.399012995179834e-17
265.704,0.5187521825803173,0.0,0.6029489831148049,0.7171292004676325,-0.6969402483977045,-4.267528221986051e-17,4.3911498996389336e-17
265.732,0.5176772863624889,0.0,0.6028765977971655,0.7159984060315429,-0.6981019141646081,-4.274641373301638e-17,4.3842257807056793e-17
265.762,0.5165213937594234,0.0,0.6027851899350798,0.7148599767074805,-0.6992676266650563,-4.281779303713638e-17,4.377254911566837e-17
265.789,0.515477496267207,0.0,0.6026906554094963,0.7139005276082664,-0.70024712543547,-4.287777003883417e-17,4.3713799802253506e-17
265.818,0.5143526266335672,0.0,0.6025761585220988,0.7129391919813696,-0.7012258612864701,-4.293770032519108e-17,4.365493497233423e-17
265.837,0.5136136671199535,0.0,0.6024938589030863,0.7123484091434988,-0.7018260069210362,-4.297444864671076e-17,4.361875995676475e-17
265.866,0.512482878286032,0.0,0.6023571163722182,0.7115066029781586,-0.7026794104842414,-4.302670454381377e-17,4.3567214195470426e-17
265.911,0.5107215868927728,0.0,0.6021182884352763,0.7103444772399502,-0.7038541920417196,-4.309863916751692e-17,4.349605451719525e-17
265.94,0.5095825001088128,0.0,0.6019471954435126,0.7096889460283631,-0.7045151523460309,-4.313911131356883e-17,4.3455914807194676e-17
265.97,0.5084010032955071,0.0,0.6017560233310771,0.7090882203313876,-0.7051197740719412,-4.317613371663538e-17,4.341913096709635e-17
265.999,0.5072560223977481,0.0,0.6015575124090462,0.708582619214952,-0.705627856413335,-4.3207244787289943e-17,4.3388171827651943e-17
266.029,0.5060687603104425,0.0,0.6013379695429325,0.7081375200250015,-0.7060745376607491,-4.3234596125284185e-17,4.336091736273814e-17
266.053,0.5051170153723105,0.0,0.6011519471040704,0.707838650152018,-0.7063741539375354,-4.325294233100113e-17,4.3342616861072595e-17
266.088,0.503726165806516,0.0,0.6008641136232533,0.7074941570438943,-0.7067191929958812,-4.327406987992032e-17,4.3321522741963e-17
266.118,0.5025314663683881,0.0,0.6006017736360447,0.7072852991786609,-0.7069282181139412,-4.3286868977009005e-17,4.330873388615626e-17
266.147,0.5013745305111724,0.0,0.6003344731139477,0.7071593351243968,-0.7070542233424683,-4.3294584571998577e-17,4.3301020812363146e-17
266.173,0.5003356857575758,0.0,0.6000833755093817,0.7071099115392465,-0.7071036508199905,-4.3297611132105454e-17,4.3297994490595313e-17
266.224,0.49829402407615025,0.0,0.5995594224955396,0.7071874253096823,-0.7070261278650617,-4.3292864220174756e-17,4.330274084013801e-17
266.246,0.4974118705890932,0.0,0.599320567483812,0.7072921900591019,-0.7069213236855988,-4.328644681502893e-17,4.330915583089003e-17
266.278,0.4961273860358499,0.0,0.5989593467314922,0.7075212504946543,-0.7066920687955119,-4.327240900166224e-17,4.332318173735055e-17
266.309,0.4948816905028725,0.0,0.5985938395193173,0.707829702544432,-0.7063831199822522,-4.32534913428993e-17,4.334206897812309e-17
266.335,0.49383602907438207,0.0,0.5982754815766704,0.7081539650580101,-0.7060580441951062,-4.323358619178886e-17,4.336192433058993e-17
266.355,0.4930312006055248,0.0,0.598023272323932,0.7084440191489654,-0.7057670095237241,-4.321576545785141e-17,4.337968502129333e-17
266.394,0.49146080935825237,0.0,0.5975131869523246,0.7091109629286417,-0.7050969027406193,-4.3174733251500606e-17,4.342052354954293e-17
266.42,0.49041331835263774,0.0,0.5971597274957967,0.7096297993025519,-0.7045747284297244,-4.314275929657888e-17,4.345229311477244e-17
266.461,0.48876089985822224,0.0,0.5965806114873303,0.7105680611556167,-0.7036284747404328,-4.308481796899026e-17,4.3509745083528334e-17
266.492,0.4875112508833607,0.0,0.596125119779478,0.7113746080312545,-0.7028130384735183,-4.303488689828099e-17,4.355913183600894e-17
266.519,0.4864228297968767,0.0,0.5957160658787377,0.7121448729244481,-0.7020325348354033,-4.298709483417397e-17,4.3606296957806196e-17
266.549,0.4852136141310443,0.0,0.5952481226917016,0.7130743584405307,-0.7010884104980095,-4.2929283891784647e-17,4.366321153091242e-17
266.579,0.48400471309691834,0.0,0.5947660672885411,0.7140809166932195,-0.7000631717313598,-4.286650612308768e-17,4.372484544802795e-17
266.608,0.48283656914648015,0.0,0.5942867008210104,0.7151267238703087,-0.6989948274533362,-4.280108890306423e-17,4.378888266862533e-17
266.637,0.4816690343308042,0.0,0.5937942172746218,0.7162436156274342,-0.6978503299941473,-4.273100864556283e-17,4.385727256439322e-17
266.674,0.48018055025661494,0.0,0.5931468912932865,0.7177710063853902,-0.6962792416785841,-4.263480723172122e-17,4.3950798274532124e-17
266.722,0.4782519207058151,0.0,0.5922755231082537,0.7199217980844804,-0.6940551884704909,-4.249862324959998e-17,4.4082496283028306e-17
266.746,0.47728881055106676,0.0,0.5918265115085557,0.7210681396497917,-0.6928641555037961,-4.242569351408289e-17,4.4152689459462705e-17
266.771,0.4762865493651834,0.0,0.5913493784399733,0.7223120276760869,-0.6915673030692384,-4.234628420493552e-17,4.4228855633957715e-17
266.81,0.4747252454675292,0.0,0.5905859405846945,0.7243529227541986,-0.6894293606291003,-4.2215372986631695e-17,4.4353824415197964e-17
266.833,0.4738058762817786,0.0,0.5901248301447412,0.7256133109317877,-0.6881026980027101,-4.2134138329683835e-17,4.443100093256635e-17
266.862,0.4726482947306222,0.0,0.5895319726535269,0.7272618576944656,-0.6863601025283994,-4.2027435131192673e-17,4.453194530837426e-17
266.872,0.472249573542654,0.0,0.5893245842791031,0.727845548556584,-0.6857411008874743,-4.198953221228138e-17,4.4567686065673504e-17
266.919,0.47037887839309267,0.0,0.5883296442058311,0.7306922444487518,-0.6827069971096279,-4.1803746938290353e-17,4.474199591629796e-17
266.954,0.4689896094012719,0.0,0.5875671729119137,0.7329213541801143,-0.6803133752814121,-4.165717987277567e-17,4.487848952117103e-17
266.992,0.46748527731537265,0.0,0.5867186368377852,0.7354451504295695,-0.6775842609665812,-4.1490069817267425e-17,4.5033027471100794e-17
267.027,0.46610369085064496,0.0,0.5859181251766341,0.7378634379006724,-0.6749500329723679,-4.132876987320054e-17,4.5181104871646013e-17
267.062,0.46472619310414054,0.0,0.585099536739425,0.7403699103415267,-0.6721996696375859,-4.1160358690478895e-17,4.533458204423818e-17
267.084,0.4638625472997786,0.0,0.5845757921506232,0.7419897744742142,-0.6704111981282119,-4.105084639501284e-17,4.5433770115495645e-17
267.124,0.462296895950393,0.0,0.5836054336735483,0.7450210642835228,-0.6670409386041063,-4.0844477518088244e-17,4.561938308360853e-17
267.154,0.46112675875243225,0.0,0.5828624290887872,0.7473660454797239,-0.664412517991646,-4.068353317359513e-17,4.576297176940795e-17
267.183,0.45999913752417804,0.0,0.5821318562637012,0.7496898823334386,-0.6617893020643919,-4.052290752415592e-17,4.590526573764007e-17
267.207,0.4590686495609491,0.0,0.5815181242375321,0.7516546500792047,-0.6595568868674697,-4.0386211517891986e-17,4.60255730641861e-17
267.242,0.4577162773859535,0.0,0.5806083810767888,0.7545860460803375,-0.656201111749167,-4.01807295550276e-17,4.620506930067713e-17
267.271,0.4566000268690682,0.0,0.5798414474735472,0.7570730331338468,-0.6533302553085364,-4.000494029748611e-17,4.6357353337407176e-17
267.29,0.45587087110166324,0.0,0.5793325523334819,0.7587303779299848,-0.6514048001099028,-3.988704017019069e-17,4.645883643739087e-17
267.334,0.4541891779670002,0.0,0.5781346733836393,0.7626512256458698,-0.6468099473731465,-3.960568658535959e-17,4.6698919117651013e-17
267.364,0.45304827852736945,0.0,0.5773025228614103,0.7653890608796886,-0.643567856162587,-3.940716575418182e-17,4.6866563175435465e-17
267.389,0.4521011971559458,0.0,0.5765995905504057,0.7677093643653401,-0.6407981990188217,-3.9237573166389433e-17,4.700864078727314e-17
267.413,0.4511952257970983,0.0,0.5759167246228871,0.7699691849272702,-0.6380810718572016,-3.9071197112321715e-17,4.714701488816389e-17
267.441,0.4501423616690642,0.0,0.5751101432515068,0.7726446442730571,-0.6348387619515375,-3.887266288993095e-17,4.731083952436724e-17
267.475,0.448869996100548,0.0,0.5741164876112343,0.7759481951413029,-0.6307966379562867,-3.862515417930392e-17,4.751312367419812e-17
267.51,0.4475674323409535,0.0,0.5730774356000309,0.7794094404134403,-0.6265149034096539,-3.836297355393729e-17,4.772506382137747e-17
267.56,0.44571981586972637,0.0,0.5715649203642449,0.7844556845549887,-0.6201848748311781,-3.797537109208021e-17,4.8034057158160634e-17
267.591,0.4445823574691184,0.0,0.5706107048755433,0.7876414923191631,-0.6161338162909431,-3.772731529835734e-17,4.822913162221539e-17
267.617,0.44363326601647607,0.0,0.5698007820328932,0.7903455732623442,-0.6126613051471559,-3.751468531549521e-17,4.839470882580049e-17
267.647,0.44254385593312817,0.0,0.5688554516026127,0.7935005592728002,-0.6085695214466079,-3.7264135824911246e-17,4.858789600175347e-17
267.671,0.4416768159695587,0.0,0.5680909199209172,0.7960503777946432,-0.605230366069818,-3.705967152770917e-17,4.874402735631255e-17
267.706,0.4404197001676279,0.0,0.5669629260426265,0.7998080636725184,-0.600255829862915,-3.6755069035557854e-17,4.897411925543961e-17
267.736,0.4393492381655616,0.0,0.5659838652598392,0.8030640814442873,-0.5958926758184254,-3.6487902903819307e-17,4.917349284254779e-17
267.756,0.4386392961331427,0.0,0.5653249547663061,0.8052518535237215,-0.5929329240281829,-3.6306670376009743e-17,4.930745524626494e-17
267.794,0.43729873109110967,0.0,0.5640594863645169,0.8094441458021933,-0.5871968791015137,-3.595543892304921e-17,4.956415911226097e-17
267.823,0.43628315561951075,0.0,0.5630819170771706,0.8126729490987801,-0.5827200681314242,-3.568131331180381e-17,4.976186629337305e-17
267.854,0.43520486658970253,0.0,0.5620257461307486,0.8161505251948459,-0.5778393550323283,-3.538245582808559e-17,4.9974806415114965e-17
267.885,0.43413429872007053,0.0,0.5609581451825121,0.8196530583793199,-0.5728602481316253,-3.507757346165767e-17,5.0189274717778635e-17
267.917,0.4330374571342333,0.0,0.5598442547675658,0.8232925527720656,-0.5676172764724975,-3.475653403863911e-17,5.041212947570817e-17
267.946,0.4320508308763857,0.0,0.5588245131999628,0.8266099729049127,-0.5627752239519251,-3.4460043832608e-17,5.061526287306408e-17
267.975,0.431071354765307,0.0,0.5577951122173542,0.8299437865300138,-0.5578470320797835,-3.4158279112517885e-17,5.081940008231078e-17
268.004,0.43009915040259095,0.0,0.5567561629012556,0.8332922438666053,-0.5528327380969383,-3.385124215871413e-17,5.102443396027769e-17
268.039,0.42893565585258836,0.0,0.5554897027278085,0.837350474985513,-0.5466664266639537,-3.347366448076661e-17,5.127292894777621e-17
268.057,0.42834154840875655,0.0,0.5548330937345834,0.8394438507609494,-0.5434464292086468,-3.32764965019214e-17,5.140111124491626e-17
268.106,0.426739189906227,0.0,0.5530277290418278,0.8451600154725949,-0.5345133751800447,-3.2729504700784504e-17,5.175112538579204e-17
268.143,0.425543983860218,0.0,0.5516473811106886,0.8494892123415773,-0.5276059875658033,-3.2306549194171966e-17,5.201621224021594e-17
268.163,0.4249033018821216,0.0,0.550895213556544,0.8518324439723883,-0.5238143634877034,-3.207437917963121e-17,5.215969379603262e-17
268.202,0.4236649934235851,0.0,0.5494164893827042,0.8564052947073524,-0.5163041460197786,-3.1614510990481475e-17,5.243970014681024e-17
268.238,0.42253506889149606,0.0,0.5480376477844942,0.8606273324931292,-0.5092353037307615,-3.1181669236335365e-17,5.269822539982178e-17
268.266,0.4216650927493424,0.0,0.5469561673700853,0.8639094405815931,-0.5036471765770149,-3.083949513473215e-17,5.289919655807143e-17
268.3,0.42061926308289527,0.0,0.5456324724854541,0.8678902456040268,-0.49675599803664366,-3.041753214764123e-17,5.3142950564509084e-17
268.325,0.41985776144241477,0.0,0.5446519521030215,0.8708124534245678,-0.49161536892237706,-3.010275939812171e-17,5.332188418720253e-17
268.359,0.4188324427541906,0.0,0.5433087926906245,0.8747776826866253,-0.4845245152450163,-2.9668569835161605e-17,5.3564684453385733e-17
268.376,0.41832429279054717,0.0,0.5426330989016452,0.8767555804839468,-0.4809362245560814,-2.944885039983089e-17,5.368579576371225e-17
268.416,0.4171406521068463,0.0,0.5410325945203724,0.8813944112275012,-0.4723810875309537,-2.892499934112641e-17,5.3969842224806264e-17
268.44,0.41643864358598115,0.0,0.5400652364806433,0.8841659883772107,-0.4671728855541062,-2.8606088947113444e-17,5.413955237905535e-17
268.48,0.41528244040466167,0.0,0.538441452261868,0.8887623584789414,-0.4583682691362368,-2.8066961681420243e-17,5.44209988756944e-17
268.517,0.41422851877929884,0.0,0.5369268905017959,0.8929848290908347,-0.45008676387293683,-2.7559865735779134e-17,5.4679550631661847e-17
268.541,0.41355299220825653,0.0,0.5359381520280398,0.8957068622976885,-0.44464504588809917,-2.7226656610179433e-17,5.4846227094359164e-17
268.581,0.41244144610027855,0.0,0.5342794411261232,0.9002108197530834,-0.4354543374447908,-2.6663888026329723e-17,5.5122014948421424e-17
268.605,0.41178320511910055,0.0,0.5332778519570622,0.9028918315052769,-0.42986781759169496,-2.6321812343506377e-17,5.528617957146143e-17
268.644,0.41072762045784583,0.0,0.5316403286156465,0.9072111271643134,-0.42067561225872835,-2.5758952101600236e-17,5.555066015163194e-17
268.674,0.40992759586868377,0.0,0.5303725017410658,0.9104997932784763,-0.41350952400138496,-2.5320155749262085e-17,5.575203287314064e-17
268.708,0.4090336157406408,0.0,0.5289272312573626,0.9141885635965218,-0.405289119258497,-2.4816801131458413e-17,5.597790491127985e-17
268.742,0.4081532816532534,0.0,0.5274732529020443,0.9178337593524626,-0.3969649735089051,-2.4307094209064723e-17,5.620110877701877e-17
268.766,0.4075401613710082,0.0,0.5264417960383762,0.9203790376982768,-0.39102739925175833,-2.3943522643629e-17,5.635696212597579e-17
268.779,0.4072109397909912,0.0,0.5258813544726215,0.9217477089644553,-0.38779009917580115,-2.3745295184833978e-17,5.644076907023632e-17
268.825,0.40606241096835166,0.0,0.523888679736382,0.926531444375307,-0.37621733424153575,-2.3036667708132334e-17,5.673368838317968e-17
268.857,0.40527865353403475,0.0,0.522493889695218,0.9298020555788856,-0.36805996446405165,-2.253717286875947e-17,5.693395556026558e-17
268.887,0.40455533323640913,0.0,0.5211800778402602,0.9328232541360805,-0.36033425668811087,-2.2064109703811786e-17,5.711895061739845e-17
268.92,0.40377258834324353,0.0,0.5197281557983362,0.9360939745104947,-0.351750011919183,-2.1538476309843538e-17,5.731922447927007e-17
268.949,0.4030959719784791,0.0,0.5184465705726535,0.9389208529633257,-0.3441331600857738,-2.107207864897533e-17,5.749232086171198e-17
268.97,0.4026126236127604,0.0,0.5175153122188944,0.940939237659233,-0.3385754731714355,-2.073176847445995e-17,5.761591127957652e-17
269.01,0.4017074439371105,0.0,0.5157342408199311,0.9447147095445019,-0.32789345460110575,-2.0077683481930605e-17,5.784709225755478e-17
269.04,0.4010419802697947,0.0,0.5143923956268779,0.9474847610251537,-0.3198009187371222,-1.9582158574789976e-17,5.801670899151746e-17
269.065,0.4004962782130367,0.0,0.5132703691654179,0.9497514175066111,-0.31300518357398316,-1.9166039809020408e-17,5.815550167175663e-17
269.1,0.39974590261435416,0.0,0.5116938891786786,0.9528590061454033,-0.30341343808011245,-1.8578714788155168e-17,5.834578659573482e-17
269.134,0.3990322693034627,0.0,0.510156375575363,0.9558020719682642,-0.2940108828277843,-1.800297432847668e-17,5.852599740271715e-17
269.16,0.39849679226726004,0.0,0.5089767436195385,0.9580007727280625,-0.2867656176260241,-1.755932978656121e-17,5.866062899510564e-17
269.177,0.39815149693525825,0.0,0.5082036834698138,0.9594135091912452,-0.2820030467589675,-1.7267706428158545e-17,5.874713415448941e-17
269.201,0.397670543431007,0.0,0.5071100011970457,0.9613738252590621,-0.2752460137890435,-1.685395748824102e-17,5.886716889437787e-17
269.246,0.39678944826914575,0.0,0.5050523598283281,0.9649391261760792,-0.26247377540345745,-1.6071883445398274e-17,5.908548061217897e-17
269.271,0.396311680555268,0.0,0.503905461341699,0.9668561351920795,-0.25532178489395574,-1.5633950331148596e-17,5.920286355994803e-17
269.295,0.3958609496382622,0.0,0.5028020262248971,0.9686526310635089,-0.248419162573546,-1.5211286614627954e-17,5.931286720587941e-17
269.335,0.3951270727928411,0.0,0.5009579582152495,0.9715493392809544,-0.23683724652752772,-1.450209879394047e-17,5.949023942820734e-17
269.36,0.3946794612360972,0.0,0.4998023902367659,0.9732966675784688,-0.22955085902833744,-1.4055936237528937e-17,5.959723242853786e-17
269.395,0.39406717539613334,0.0,0.4981809101803387,0.9756595983011247,-0.21929055666600888,-1.3427673915213453e-17,5.974192020584324e-17
269.415,0.39372485569022236,0.0,0.49725251454744984,0.9769654798130275,-0.21339740217186562,-1.3066822275806784e-17,5.982188238652411e-17
269.451,0.39312259348455875,0.0,0.4955782360220983,0.9792333145264885,-0.2027365673021698,-1.241403441083621e-17,5.996074721266588e-17
269.485,0.39257028499341584,0.0,0.4939934665087683,0.9812758427578638,-0.19260768525644056,-1.179381926202404e-17,6.008581599570197e-17
269.51,0.3921744420973817,0.0,0.49282617362893766,0.9827151288115952,-0.18512421668925388,-1.133558897065779e-17,6.017394684863995e-17
269.544,0.3916501137102514,0.0,0.49123610938999335,0.9845861571554544,-0.17490025482501423,-1.0709551862075505e-17,6.0288514292261e-17
269.568,0.3912897600578525,0.0,0.49011207039959176,0.9858461561369002,-0.16765248709786168,-1.0265754084674461e-17,6.036566697823883e-17
269.592,0.39093751017671463,0.0,0.4889867767923455,0.9870552932282313,-0.16038032332593194,-9.820462480366007e-18,6.043970527167028e-17
269.627,0.3904383840676767,0.0,0.48734366234622245,0.9887264008969519,-0.14973344372370512,-9.168529129077292e-18,6.054203110454674e-17
269.662,0.38995660449632435,0.0,0.48569835503222797,0.9902867656109913,-0.13904000091959734,-8.513744603981496e-18,6.063757588717429e-17
269.686,0.3896362989614788,0.0,0.4845690232552045,0.991291997235032,-0.13168210287575663,-8.063203289589392e-18,6.069912857171344e-17
269.72,0.3891965812575993,0.0,0.4829677773715495,0.9926249863833266,-0.12122556004201704,-7.422924704015072e-18,6.07807506164013e-17
269.765,0.3886400057310812,0.0,0.4808464352283608,0.9942232937247478,-0.10733145957786006,-6.572156420991992e-18,6.087861871488756e-17
269.776,0.3885083670001187,0.0,0.48032759166378114,0.9945849923058513,-0.1039263829831953,-6.363655613366604e-18,6.090076636536779e-17
269.821,0.38798794610508147,0.0,0.4782041318843548,0.995945011754839,-0.08996406816420448,-5.508710405778366e-18,6.098404353861683e-17
269.846,0.3877114183976533,0.0,0.4770239517015771,0.9966169637675482,-0.08218654105602452,-5.032474221862648e-18,6.102518873269407e-17
269.875,0.3874019422920608,0.0,0.47565468492754737,0.9973210866377753,-0.07314813837444632,-4.4790316761926685e-18,6.106830382365558e-17
269.894,0.3872057706689291,0.0,0.47475750294727986,0.9977383318381845,-0.06721771478380457,-4.1158979627992996e-18,6.109385272361261e-17
269.934,0.386809856100629,0.0,0.47286873255938255,0.9985021312340995,-0.054712831410568485,-3.350194692962073e-18,6.114062194788252e-17
269.964,0.38652814071971103,0.0,0.4714523927403184,0.9989725634105319,-0.04531906390241247,-2.7749923274221894e-18,6.11694276108367e-17
269.998,0.38622466051473725,0.0,0.4698477060875091,0.9993991555266011,-0.03466017790947586,-2.1223237967358708e-18,6.1195548844311e-17
270.02,0.3860372456983998,0.0,0.4688097796392598,0.9996146853974198,-0.027757534793591655,-1.6996588068596654e-18,6.120874624263193e-17
270.054,0.3857614589239251,0.0,0.46720652087084114,0.999854069939721,-0.017083290812238337,-1.0460498706055532e-18,6.122340431830666e-17
270.084,0.3855321009429471,0.0,0.46579288090964577,0.9999706579775052,-0.0076604950254708995,-4.690700356413579e-19,6.123054327667122e-17
270.108,0.3853580606483582,0.0,0.4646627710805991,0.9999999926953361,-0.00012086905227803394,-7.401094899413419e-21,6.1232339510086e-17
270.123,0.3852535514989395,0.0,0.4639568594780694,0.999989459110983,0.004591477640542676,2.811469197923615e-19,6.123169451406792e-17
270.188,0.38483862040161537,0.0,0.46090212956975274,0.9996873251499815,0.02500503818183871,1.5311169985973066e-18,6.121319414465521e-17
270.215,0.38468439592478904,0.0,0.4596355536440094,0.9994394625545483,0.033477764093135624,2.049921831963437e-18,6.119801693794893e-17
270.245,0.38452551972780036,0.0,0.4582300706341676,0.9990800393572593,0.04288443724589528,2.6259144403210596e-18,6.117600861454396e-17
270.28,0.38435677251087796,0.0,0.4565929991521658,0.9985492444304523,0.05384613679153595,3.2971249534102517e-18,6.114350679913807e-17
270.308,0.38423464981544686,0.0,0.4552855856260005,0.998038483006673,0.06260340595957183,3.8333530362055984e-18,6.11122316820001e-17
270.34,0.3841090892478961,0.0,0.45379404311642235,0.9973614210048234,0.07259611484948367,4.44522998404769e-18,6.107077359133063e-17
270.382,0.38396695280639526,0.0,0.451841025278437,0.9963225288802483,0.08568207773896977,5.246514112366201e-18,6.100715979557962e-17
270.414,0.38387590991816894,0.0,0.4503568181954559,0.9954172794128937,0.095626564542668,5.855438309031807e-18,6.095172925244834e-17
270.446,0.3837997715529522,0.0,0.44887614288620836,0.9944144308712104,0.10554591264036123,6.462823203905227e-18,6.089032248961824e-17
270.463,0.38376537953676126,0.0,0.4480910449970864,0.9938422265554326,0.11080446162199482,6.784816462831085e-18,6.085528508042946e-17
270.503,0.38370101450038396,0.0,0.4462481144642388,0.9923887508014351,0.12314449757405774,7.540425739333941e-18,6.076628535894089e-17
270.528,0.3836725725045801,0.0,0.44509953566455585,0.9914045827425398,0.13083177487556447,8.011135716406356e-18,6.070602244578343e-17
270.557,0.38365092020462577,0.0,0.44377048026037086,0.9901906560763853,0.13972281352383908,8.555554817491603e-18,6.063169087547814e-17
270.585,0.38364155472244266,0.0,0.4424907565964222,0.9889455824485445,0.14827890934151447,9.079464585307313e-18,6.055545210382625e-17
270.609,0.3836425364697964,0.0,0.4413966994958547,0.9878218356835996,0.15558927002426484,9.527095075844459e-18,6.048664245988915e-17
270.65,0.38366341333537335,0.0,0.43953403860718815,0.9857827863079974,0.1680246952648364,1.0288545261689568e-17,6.036178669533241e-17
270.673,0.3836857077468929,0.0,0.43849278112737267,0.9845738097583386,0.17496974920811512,1.0713807165766666e-17,6.028775823224322e-17
270.699,0.38372004890144346,0.0,0.4373189904989625,0.9831515082564481,0.18279253762960687,1.1192814805806009e-17,6.02006673831576e-17
270.739,0.3837917734242381,0.0,0.4355202155091167,0.9808496402765854,0.194766483690837,1.1926007541658435e-17,6.005971862047765e-17
270.763,0.3838457714660174,0.0,0.4344452050172762,0.9794033232215013,0.20191367081671213,1.2363646533488943e-17,5.99711572428746e-17
270.799,0.3839421386274086,0.0,0.43283890381751206,0.9771437379712764,0.2125796682270474,1.3016750512902996e-17,5.983279755067018e-17
270.833,0.3840500358385561,0.0,0.4313289280855749,0.9749120990585878,0.2225902044322217,1.3629719068973764e-17,5.969614907810635e-17
270.86,0.3841473638493219,0.0,0.4301349037613214,0.9730736445198783,0.23049443017305515,1.4113713306636256e-17,5.958357620479592e-17
270.891,0.38427178095448933,0.0,0.4287697015827761,0.9708918338529954,0.23951836455179715,1.4666269924268363e-17,5.944997883231873e-17
270.921,0.3844050369614158,0.0,0.4274545246038869,0.9687095104925095,0.24819726888377044,1.519769954478122e-17,5.931635006641256e-17
270.946,0.3845257073563579,0.0,0.42636316619083986,0.96683867012328,0.2553879127019276,1.5637999491566968e-17,5.920179413291793e-17
270.975,0.3846766072349404,0.0,0.42510259276963946,0.9646101789488412,0.2636801142829784,1.614575039777289e-17,5.906533840373269e-17
271.009,0.38486840680873086,0.0,0.4236322651854276,0.9619194324008316,0.27333314026963884,1.6736827766605385e-17,5.890057769636586e-17
271.031,0.3850010394066793,0.0,0.42268534880093034,0.9601344655866453,0.2795385626217733,1.711680029765033e-17,5.879128000158698e-17
271.079,0.38531356083805995,0.0,0.4206319071566821,0.9561236580644923,0.2929633944529143,1.7938834164205247e-17,5.854568887188694e-17
271.119,0.3855981065574999,0.0,0.41893425945777407,0.9526632940616907,0.30402738058853956,1.8616307924545455e-17,5.833380268689117e-17
271.141,0.3857638967261212,0.0,0.41800595862213485,0.9507158866494418,0.31006338524947724,1.8985906613928248e-17,5.821455837418884e-17
271.164,0.38594423981682263,0.0,0.41703965329654924,0.9486473319949056,0.3163356437377038,1.936997167797982e-17,5.808789593236189e-17
271.203,0.3862663554684367,0.0,0.4154111319745146,0.945065709727026,0.326880412839547,2.001565256439583e-17,5.78685848200562e-17
271.224,0.38644826413270633,0.0,0.4145395500897648,0.943099671963084,0.3325101633681646,2.0360375362639312e-17,5.774819972732548e-17
271.255,0.3867275631080107,0.0,0.41325987474557563,0.9401510914125089,0.3407578690446758,2.086540168049176e-17,5.756765124066098e-17
271.292,0.3870776331345938,0.0,0.41174358340645545,0.9365619921189615,0.35050197562661783,2.1462056127298058e-17,5.734788229257775e-17
271.317,0.3873244023847581,0.0,0.41072602018195464,0.9340955353677344,0.3570231516387498,2.1861362993794753e-17,5.719685537429646e-17
271.35,0.38766269805508047,0.0,0.4093916071765987,0.9307907847472934,0.36555234239369583,2.2383625301662845e-17,5.699449776083129e-17
271.369,0.3878639241100279,0.0,0.4086279102851459,0.9288636232216657,0.37042188036820867,2.2681798506353526e-17,5.68764931511413e-17
271.424,0.3884727911528521,0.0,0.4064365861873833,0.9231894872538048,0.38434511916252695,2.3534350997514833e-17,5.652905252859292e-17
271.459,0.3888805004674219,0.0,0.40505743439466346,0.9195088345232112,0.3930693364201356,2.406855523449466e-17,5.630367754932819e-17
271.503,0.38941516822591016,0.0,0.4033410005177208,0.9148102678057476,0.4038838619172303,2.4730753936210383e-17,5.601597331477208e-17
271.539,0.3898707848999293,0.0,0.4019513385512388,0.9109108136997998,0.4126033076512702,2.5264666001636932e-17,5.577720061530854e-17
271.573,0.39031595890781445,0.0,0.4006512754755999,0.9071857392605401,0.42073035840346396,2.5762304336146042e-17,5.554910559087729e-17
271.605,0.3907480281800696,0.0,0.39943888556551,0.9036449595404444,0.42828236841731937,2.622473158067588e-17,5.5332295363342237e-17
271.633,0.3911364102512954,0.0,0.39838709734768096,0.9005210440799014,0.4348124298697593,2.6624582523474186e-17,5.5141010709864193e-17
271.643,0.3912774382502319,0.0,0.39801353060049527,0.8993998727297331,0.43712683392093404,2.6766298899134428e-17,5.5072358764600226e-17
271.691,0.3919712376154076,0.0,0.396235805730576,0.8939810622148932,0.4481047426675279,2.7438501939526823e-17,5.4740552316990984e-17
271.72,0.3924038254067763,0.0,0.3951742860102173,0.8906798233141601,0.45463111677606993,2.783812709763003e-17,5.4538409734340814e-17
271.745,0.3927847784997112,0.0,0.3942668756817778,0.8878191222531596,0.4601925750831158,2.817866820334579e-17,5.436324231445723e-17
271.784,0.3933937805737921,0.0,0.3928657427310407,0.8833320032264769,0.4687478768761513,2.8702529351174814e-17,5.408848551678622e-17
271.816,0.3939067390841834,0.0,0.3917294173131006,0.879630806012377,0.47565706671300073,2.912559521209477e-17,5.386185255072319e-17
271.838,0.39426626690088995,0.0,0.3909552547600561,0.8770774651913599,0.4803489565446134,2.9412890605306596e-17,5.370550551754365e-17
271.881,0.3949849732310432,0.0,0.3894589626506249,0.8720696699886482,0.4893817433107719,2.9965989275334424e-17,5.339886649925433e-17
271.908,0.3954469593457058,0.0,0.38853096691796446,0.868915840668244,0.49495985881261007,3.0307550340064436e-17,5.320575015013983e-17
271.938,0.39596985412634816,0.0,0.38751044104166205,0.8654052559897994,0.5010725924506644,3.0681847324258615e-17,5.2990788835660186e-17
271.972,0.3965745266601382,0.0,0.38636747216560285,0.8614210518712019,0.5078914956889041,3.109938472547891e-17,5.2746826694610676e-17
271.992,0.3969361417286206,0.0,0.38570197505100456,0.8590758009950289,0.5118483839426959,3.13416742522084e-17,5.260322149567554e-17
272.029,0.3976165727141044,0.0,0.38448431246861436,0.854736383109621,0.5190623424875698,3.1783401814266474e-17,5.233750878449916e-17
272.062,0.39823583692232434,0.0,0.3834132493282,0.8508679361312397,0.5253796296619851,3.2170224090138596e-17,5.210063472401186e-17
272.086,0.3986934623867961,0.0,0.38264325534840915,0.8480572239051706,0.5299046565017668,3.244730207190832e-17,5.192852823746287e-17
272.116,0.39927398383554635,0.0,0.3816914844583116,0.8445487928626706,0.5354786050573878,3.278860798477098e-17,5.1713698795151526e-17
272.145,0.3998440214376405,0.0,0.3807828724830953,0.8411643089921954,0.540779627276844,3.311320197943429e-17,5.1506458928214366e-17
272.176,0.4004628921681553,0.0,0.3798241538770502,0.8375560863558285,0.5463513541744982,3.3454371854981054e-17,5.1285519013102476e-17
272.205,0.4010506304791404,0.0,0.37893915063570904,0.8341916000245964,0.5514747269353365,3.3768087957601026e-17,5.107950364228655e-17
272.244,0.4018542505319904,0.0,0.37776724857455907,0.8296868253230743,0.5582291392298672,3.418167642743195e-17,5.08036657463316e-17
272.289,0.40280002289879174,0.0,0.376441412980961,0.8245224902542482,0.5658291818781824,3.464704482256408e-17,5.0487441425743487e-17
272.328,0.40363544018786707,0.0,0.37531548867617487,0.8200805543908367,0.5722480968164227,3.504009000421984e-17,5.021545129888625e-17
272.363,0.4043973900709941,0.0,0.37432354953230407,0.8161245704115114,0.5778760122817229,3.5384700437242426e-17,4.9973217142998306e-17
272.396,0.40512619978150255,0.0,0.37340449183773994,0.8124237465290187,0.5830674541386722,3.570258456989606e-17,4.974660703690317e-17
272.42,0.40566248537094113,0.0,0.3727460471025364,0.8097514272611381,0.5867730617952307,3.592948759767107e-17,4.958297467501768e-17
272.465,0.40668193994797536,0.0,0.37153428287100765,0.8047879757525396,0.5935623927474935,3.63452142186231e-17,4.9279050924881265e-17
272.484,0.4071177424743421,0.0,0.37103165604522603,0.8027119596709947,0.5963669254755425,3.6516942320048565e-17,4.9151931602419146e-17
272.507,0.40764948852648464,0.0,0.3704304225357601,0.8002154394179547,0.5997126399511099,3.6721808246216795e-17,4.899906382557455e-17
272.543,0.40849087797507005,0.0,0.36950531850066864,0.7963460466853229,0.6048412799476053,3.703584687400115e-17,4.876213185434147e-17
272.576,0.4092717271129678,0.0,0.36867454392660454,0.7928423199037575,0.6094268256071665,3.7316630564717436e-17,4.8547590464934924e-17
272.59,0.40960571869357665,0.0,0.3683271089280573,0.7913689607913673,0.6113388323147739,3.743370720943842e-17,4.845737323888576e-17
272.644,0.41090885612636197,0.0,0.3670152114163112,0.7857628282427485,0.6185279118616693,3.7873911372234476e-17,4.811409662482267e-17
272.671,0.41156911594789614,0.0,0.3663761862744918,0.7830076569173541,0.6220120651633658,3.8087254231667543e-17,4.794539103758533e-17
272.699,0.41225980824905684,0.0,0.36572550769880263,0.7801858675683035,0.6255477695961305,3.8303753687483356e-17,4.7772606272876187e-17
272.734,0.4131315647493002,0.0,0.364929473814686,0.7767113218398907,0.629856747622608,3.8567602494869456e-17,4.755985170763659e-17
272.769,0.41401243880229843,0.0,0.3641528110200677,0.7732976587478643,0.6340431617603581,3.8823946428554506e-17,4.735082512868571e-17
272.796,0.41469805960154404,0.0,0.36356699470553194,0.7707074105266891,0.6371892084453765,3.90165862286933e-17,4.7192218169032746e-17
272.825,0.41544024597220897,0.0,0.3629507884511752,0.7679685344147059,0.6404875722049013,3.921855275971958e-17,4.7024510375842677e-17
272.859,0.4163178485724293,0.0,0.36224559113435123,0.7648162386765657,0.6442484932513467,3.9448842755788343e-17,4.6831487931558713e-17
272.883,0.4169420693457791,0.0,0.3617590770984741,0.7626303877014557,0.6468345165143302,3.9607191011365014e-17,4.669764316155464e-17
272.913,0.41772773112705774,0.0,0.3611641237241766,0.7599450623912024,0.649987309220135,3.9800243886141966e-17,4.653321440926108e-17
272.938,0.4183869235418904,0.0,0.3606795762931243,0.7577481077088252,0.6525471670796639,3.9956989972839173e-17,4.6398689733278826e-17
272.988,0.4197171568835732,0.0,0.3597413405815336,0.7534688178767674,0.6574836427527202,4.0259261929443035e-17,4.613665880350616e-17
273.014,0.42041494099887583,0.0,0.35926981007677106,0.7513056135769507,0.65995444919158,4.041055518927615e-17,4.600420074242255e-17
273.059,0.4216320949419596,0.0,0.3584803105630833,0.7476649567822558,0.6640761344904571,4.066293562469428e-17,4.578127480790168e-17
273.103,0.42283337095316287,0.0,0.3577411636186794,0.7442353122148552,0.6679175099160501,4.089815203065807e-17,4.5571269645817674e-17
273.139,0.42382411535435294,0.0,0.35716068352196917,0.7415275776667656,0.6709223886260309,4.108214778535827e-17,4.540546872345474e-17
273.173,0.424766079801539,0.0,0.35663262121687217,0.7390534592038883,0.6736467801739771,4.124896865479908e-17,4.525397266064104e-17
273.193,0.4253229269498887,0.0,0.3563311856202341,0.737636508477565,0.6751980312182694,4.134395538610241e-17,4.5167209452063975e-17
273.238,0.42658300989287157,0.0,0.3556779494111181,0.734554313668451,0.6785498951964187,4.154919786070331e-17,4.497847945169747e-17
273.268,0.4274283839918666,0.0,0.35526176021029315,0.732582371232918,0.6806783890786859,4.167953052169947e-17,4.4857732802108556e-17
273.297,0.4282494548354836,0.0,0.35487418236210666,0.730740256270069,0.6826556070716434,4.180060020601407e-17,4.474493579246283e-17
273.331,0.4292167520168339,0.0,0.3544382966508766,0.728661946293713,0.6848735416290063,4.1936409528833703e-17,4.4617676009453807e-17
273.351,0.4297880154248251,0.0,0.3541912571938346,0.7274809657252572,0.6861278630892693,4.2013214566904354e-17,4.454536180580308e-17
273.391,0.43093535916393516,0.0,0.35371805487115265,0.7252125724352262,0.6885250356972372,4.2159999054971935e-17,4.440646277671089e-17
273.426,0.4319443131640826,0.0,0.353326908274712,0.7233313602123564,0.6905010813411825,4.228099695361327e-17,4.4291271750348175e-17
273.451,0.43266772285365007,0.0,0.3530606478595722,0.7220475983300971,0.6918433823819801,4.2363189187268513e-17,4.4212664006349364e-17
273.486,0.4336841224297866,0.0,0.35270631720131324,0.72033521380332,0.6936261094818486,4.247234973909887e-17,4.410781069486801e-17
273.515,0.43452932602447425,0.0,0.35242906180357164,0.7189921365788497,0.695018206623237,4.255759110451405e-17,4.4025570933670247e-17
273.544,0.43537713553782403,0.0,0.35216664470249537,0.7177183743339166,0.6963334941990654,4.2638129240498876e-17,4.394757549086364e-17
273.581,0.4364623798679027,0.0,0.3518534306475705,0.7161947863601196,0.6979004427499546,4.273407716686262e-17,4.3854282634097146e-17
273.614,0.43743344016268754,0.0,0.3515945515062357,0.7149328304600606,0.699193140648824,4.281323208406837e-17,4.377701012141353e-17
273.644,0.43831860513944454,0.0,0.35137599460800845,0.7138655528693981,0.700282780329824,4.28799532714464e-17,4.3711658217153205e-17
273.678,0.43932432743961486,0.0,0.35114766249303514,0.7127487040557202,0.7014194785339878,4.294955596231269e-17,4.3643270950913096e-17
273.702,0.44003574988379646,0.0,0.35099889542077245,0.7120200263317202,0.7021591572446922,4.299484822058577e-17,4.3598652308797766e-17
273.732,0.4409266334604704,0.0,0.3508273992104207,0.711179032820525,0.7030109410787734,4.3047004937884416e-17,4.354715630821832e-17
273.771,0.44208720087987863,0.0,0.3506285127275784,0.7102024003010843,0.703997550142455,4.310741731947679e-17,4.3487354813774506e-17
273.801,0.44298160210129545,0.0,0.35049405527610195,0.7095413438033525,0.704663807381742,4.3148213809251864e-17,4.344687677757437e-17
273.84,0.44414618875411255,0.0,0.350343384221896,0.7087998047602962,0.7054096942711845,4.319388620883596e-17,4.3401470606798286e-17
273.865,0.44489367777286487,0.0,0.350261157794463,0.7083947787060257,0.7058164332898751,4.3218791790702347e-17,4.3376669913751604e-17
273.895,0.4457914990301297,0.0,0.3501773049598373,0.7079814925282966,0.7062309864608077,4.32441758513953e-17,4.335136343401721e-17
273.919,0.4465103092722785,0.0,0.35012186925369826,0.707708128170816,0.706504922361451,4.3260949587590015e-17,4.3334624694747727e-17
273.959,0.44770917884002814,0.0,0.35005249528599275,0.7073658769157007,0.7068475904855881,4.328193195865973e-17,4.3313667849543676e-17
273.993,0.44872880943814175,0.0,0.350016160834364,0.7071865550770472,0.7070269982951559,4.329291751864619e-17,4.330268755375746e-17
274.019,0.44950873773726724,0.0,0.35000241342134303,0.7071186950254154,0.7070948671469435,4.3297073287251363e-17,4.3298532324006415e-17
274.05,0.4504387302182392,0.0,0.3500019248644575,0.7071162832842844,0.7070972789611198,4.3297220968276925e-17,4.32983846474536e-17
274.085,0.4514886111441156,0.0,0.35002216260268826,0.7072161789221569,0.7069973665232026,4.329110309591241e-17,4.330450149111207e-17
274.125,0.4526880134825627,0.0,0.3500722857729687,0.707463529311836,0.7067498529845202,4.327594726276776e-17,4.331964733426148e-17
274.162,0.45379670335475597,0.0,0.3501442754737799,0.7078186308596306,0.7063942141665643,4.325417066576465e-17,4.334139103295543e-17
274.195,0.45478466699144393,0.0,0.3502292482649383,0.7082375355495476,0.7059742157038763,4.322845317711576e-17,4.336704154733816e-17
274.23,0.45583136357534715,0.0,0.3503407502746781,0.7087868343670788,0.7054227267588529,4.3194684218551355e-17,4.340067639927141e-17
274.254,0.45654828802503855,0.0,0.3504299185964877,0.7092257895400416,0.7049814036209074,4.316766097013763e-17,4.342755465164831e-17
274.283,0.457413557362449,0.0,0.3505514473365498,0.7098235895321494,0.7043794941249317,4.313080464325648e-17,4.346415934399157e-17
274.312,0.4582775793458215,0.0,0.35068804590593666,0.7104948867767154,0.7037023631224656,4.3089342327517796e-17,4.350526444508328e-17
274.341,0.4591402084875229,0.0,0.3508396974577335,0.711239376834197,0.7029498907038133,4.3043266680570336e-17,4.3550851313377875e-17
274.352,0.4594670181362567,0.0,0.35090115439949465,0.7115408473280972,0.7026447342602188,4.302458123747598e-17,4.356931105714749e-17
274.4,0.4608903102776441,0.0,0.35119461586289197,0.7129785218143931,0.7011858722417067,4.293525170240755e-17,4.365734323004039e-17
274.425,0.4616296609268692,0.0,0.3513637318801404,0.7138056194134426,0.7003438710332173,4.288369399816481e-17,4.370798835140331e-17
274.441,0.4621020876507076,0.0,0.35147780550848534,0.7143629394349114,0.6997753859360253,4.2848884325432855e-17,4.374211436042294e-17
274.485,0.46339799054307873,0.0,0.35181496835866255,0.7160074474667044,0.698092640823705,4.274584590465366e-17,4.384281143528831e-17
274.52,0.4644251383788258,0.0,0.35210768753734734,0.7174318558852937,0.6966286903085339,4.2656204789027944e-17,4.3930031295813504e-17
274.551,0.46533195085839774,0.0,0.35238505240943774,0.7187786906650837,0.6952389473021401,4.257110757280706e-17,4.401250114091602e-17
274.575,0.4660319815813227,0.0,0.3526114376496067,0.7198759130567427,0.6941027804300463,4.2501537416646714e-17,4.4079686635410914e-17
274.606,0.46693343859105607,0.0,0.3529188675207119,0.7213629593966958,0.6925572039986595,4.240689815516994e-17,4.4170741962431285e-17
274.638,0.4678605531906863,0.0,0.35325392635630837,0.7229797380011607,0.6908692339652801,4.2303539800248206e-17,4.426974109957567e-17
274.672,0.46884159242540796,0.0,0.353629585619768,0.7247875693804318,0.6889724082077641,4.2187392720624097e-17,4.4380438845176796e-17
274.703,0.46973227040586574,0.0,0.35398969876915987,0.7265157542051832,0.6871498081871767,4.207579065655719e-17,4.448625964587514e-17
274.733,0.47059059896791744,0.0,0.35435413049152076,0.728259838121278,0.6853011076742617,4.196259039827101e-17,4.459305398513964e-17
274.763,0.4714452115383245,0.0,0.3547341875238398,0.7300735187659124,0.6833686100464075,4.1844259046555435e-17,4.4704109894945986e-17
274.794,0.4723242425564872,0.0,0.35514327511725574,0.7320198110310204,0.681283345061443,4.1716573392094896e-17,4.4823285924579476e-17
274.82,0.4730581827253742,0.0,0.355499162437455,0.7337079870774766,0.6794649289689036,4.1605227519732575e-17,4.4926656894163966e-17
274.851,0.4739291689466391,0.0,0.3559386772459442,0.7357864098266219,0.677213673159698,4.14673778586923e-17,4.5053923582514756e-17
274.886,0.4749069842851746,0.0,0.35645468464940505,0.7382174446242297,0.6745628246890518,4.1305060203962226e-17,4.520278153169007e-17
274.915,0.47571254378930594,0.0,0.3568980635181417,0.740298425403434,0.6722783957150462,4.116517927241745e-17,4.5330204854207055e-17
274.945,0.4765413093608483,0.0,0.35737176567623646,0.7425136544636389,0.6698309286193433,4.10153151351789e-17,4.5465848513104963e-17
274.984,0.4776115077709542,0.0,0.3580103338826058,0.7454866292647859,0.6665205815182511,4.0812614836107936e-17,4.5647890716813484e-17
275.008,0.4782659171356959,0.0,0.3584160284622403,0.7473674995721507,0.6644108823486198,4.0683433019345296e-17,4.576306080688976e-17
275.037,0.4790522878615454,0.0,0.3589191245550009,0.7496913715701451,0.661787615019558,4.0522804222453126e-17,4.5905356927088363e-17
275.073,0.480021621815485,0.0,0.3595631810705369,0.7526524743945358,0.6584179924544762,4.031647434802002e-17,4.608667218188017e-17
275.112,0.48106289273359326,0.0,0.3602851801438184,0.7559533266075,0.6546255173693234,4.00842522243261e-17,4.628879108673343e-17
275.138,0.48175181031324626,0.0,0.3607804592798974,0.7582062494422593,0.6520147876441932,3.992439113426012e-17,4.642674282364913e-17
275.163,0.48241015687484784,0.0,0.3612671577588924,0.7604110719150897,0.6494420695558183,3.976685758565828e-17,4.656174926285112e-17
275.198,0.4833249696601383,0.0,0.3619656920021959,0.7635597886935475,0.6457371362174126,3.9539995847961636e-17,4.6754552559059115e-17
275.217,0.4838181523520908,0.0,0.36235323900961836,0.7652986659614344,0.6436753466442915,3.941374764789973e-17,4.68610280830705e-17
275.257,0.48484834546717837,0.0,0.36318820682565234,0.7690255252390082,0.6392180704038861,3.914081819386333e-17,4.7089232397328176e-17
275.297,0.4858672954054054,0.0,0.3640488830737446,0.7728390960842362,0.6346020261263753,3.885816700140453e-17,4.732274626377468e-17
275.32,0.48644797012693497,0.0,0.36455533496391834,0.7750697834356769,0.6318756450481162,3.869122430836723e-17,4.74593364700167e-17
275.349,0.4871745707781188,0.0,0.3652058642798305,0.7779205046880315,0.6283627044835794,3.847611873746949e-17,4.763389280286457e-17
275.383,0.4880183991748648,0.0,0.36598544052583853,0.7813150934262989,0.6241367837135172,3.8217355720244135e-17,4.784175141450161e-17
275.416,0.4888289202183309,0.0,0.3667594000363681,0.7846618075827154,0.6199240660927963,3.795940116274776e-17,4.804667855346744e-17
275.451,0.4896792202837207,0.0,0.36759876265416364,0.7882648610173555,0.615336094248736,3.767846891107743e-17,4.8267301946261884e-17
275.485,0.49049581506637263,0.0,0.3684322358754959,0.7918152720019609,0.6107606528129171,3.739830392562434e-17,4.848470191865961e-17
275.514,0.49118484427678044,0.0,0.3691571225394893,0.7948808779957238,0.6067655146732939,3.715367226888229e-17,4.867241614704505e-17
275.545,0.4919136352817337,0.0,0.36994613059008963,0.7981940471886753,0.6024004175235629,3.688638715626302e-17,4.8875289249404127e-17
275.569,0.49247226454320053,0.0,0.37056693403248536,0.8007835427143462,0.5989538527448178,3.667534593004581e-17,4.903385011975009e-17
275.609,0.4933922631760754,0.0,0.3716207665149169,0.8051441649293323,0.5930791462193289,3.631562390292731e-17,4.930086122164377e-17
275.634,0.4939601318418819,0.0,0.37229148120010885,0.8078963954697995,0.589324540628426,3.608572061697931e-17,4.946938673773871e-17
275.654,0.4944104166168344,0.0,0.3728346877091737,0.8101121932208946,0.5862748795529552,3.589898273325133e-17,4.9605065218910536e-17
275.694,0.4953001314238293,0.0,0.3739386583030221,0.8145788540625721,0.5800528342436633,3.551799233964262e-17,4.9878569314042396e-17
275.713,0.495717606585106,0.0,0.3744711857176971,0.8167158862167663,0.5770399996544106,3.533350942783818e-17,5.000942479340784e-17
275.749,0.49649938877782374,0.0,0.37549443679149114,0.8207899757346979,0.5712300900105263,3.497775506540227e-17,5.0258890827786573e-17
275.784,0.4972477075358255,0.0,0.3765069959598139,0.824779634009952,0.5654542910991212,3.462408938293372e-17,5.050318693961066e-17
275.808,0.497754044475585,0.0,0.37721133161490433,0.8275301914474851,0.5614212164167727,3.4377134782910707e-17,5.067161000769795e-17
275.833,0.49827552226933264,0.0,0.3779536004800639,0.8304069291718605,0.5571573673419032,3.411604932683139e-17,5.0847759390005095e-17
275.873,0.4990970725134717,0.0,0.37915928643503466,0.8350314993034869,0.5502021402820702,3.369016449902301e-17,5.1130932640461525e-17
275.898,0.49960242508633185,0.0,0.37992401786054925,0.8379337067812795,0.5457720247867095,3.3418898160960684e-17,5.130864159536854e-17
275.929,0.5002202705252139,0.0,0.3808841022899997,0.8415430751341577,0.5401900153591748,3.3077098662048645e-17,5.152965166538334e-17
275.959,0.5008088047954189,0.0,0.38182555510906113,0.8450452881755983,0.5346947362114387,3.274060986111384e-17,5.174410036493996e-17
275.994,0.5014836116235456,0.0,0.38293908945500155,0.8491400381991221,0.5281677721398698,3.2340948578194e-17,5.1994831490420806e-17
276.023,0.5020329750992484,0.0,0.3838739756809801,0.8525378714421917,0.5226654549105164,3.200402881905296e-17,5.220288877067889e-17
276.054,0.5026103205535297,0.0,0.38488546842927823,0.8561728822932109,0.51668945762976,3.163810452197338e-17,5.2425468990857216e-17
276.084,0.5031591844491446,0.0,0.3858761378477539,0.8596913662456592,0.5108138161822483,3.127832524739174e-17,5.2640913996368076e-17
276.119,0.5037871245031738,0.0,0.38704641992690153,0.8637944215389488,0.503844417770201,3.085157267452692e-17,5.2892153672950657e-17
276.146,0.5042623084049639,0.0,0.38795975429742086,0.866956332481352,0.4983841064585462,3.0517225036018614e-17,5.308576487869081e-17
276.181,0.5048661893814341,0.0,0.38915720341388327,0.8710481550670217,0.49119762983379484,3.007718025623616e-17,5.333631675030177e-17
276.196,0.5051207769794421,0.0,0.38967501293983664,0.8727986572368933,0.48808042772219007,2.988630667682256e-17,5.344350409426346e-17
276.242,0.5058855586979607,0.0,0.3912800103708816,0.8781517032400553,0.4783822593873961,2.929246513638268e-17,5.377128362693651e-17
276.267,0.5062910139112862,0.0,0.39216294660110407,0.8810494331921742,0.47302420262788736,2.896437878337356e-17,5.39487184124693e-17
276.287,0.5066101624440861,0.0,0.39287462818066565,0.8833607256310433,0.4686937469314015,2.869921484799602e-17,5.409024425682702e-17
276.319,0.5071110794203738,0.0,0.39402306754880834,0.8870444204005934,0.461684087051065,2.8269996971217736e-17,5.431580550725529e-17
276.358,0.5077052460850822,0.0,0.39543873131126894,0.8915068003378113,0.45300731224941393,2.7738697746829517e-17,5.458904747258995e-17
276.393,0.5082230414044653,0.0,0.39672392615942675,0.8954826445330931,0.44509643150672185,2.72542960078308e-17,5.483249771597298e-17
276.42,0.5086124127959246,0.0,0.39772473079040316,0.8985289327421704,0.4389142934847489,2.687574923080599e-17,5.501902907119932e-17
276.44,0.50889513759434,0.0,0.39847125922629817,0.9007727942892003,0.4342906550553743,2.659263303065857e-17,5.515642596426432e-17
276.486,0.5095268437458921,0.0,0.400204787266328,0.9058892746167612,0.4235146067543814,2.593279037769516e-17,5.546972002706671e-17
276.517,0.5099378400762996,0.0,0.4013858059537823,0.909299530284344,0.4161422403754171,2.548136313328815e-17,5.567853796144568e-17
276.543,0.5102733272663238,0.0,0.40238412669488605,0.9121343717862367,0.4098913121866909,2.5098604173386975e-17,5.585212194001483e-17
276.573,0.5106499007450251,0.0,0.40354472914994455,0.9153747729567919,0.4026028129984956,2.4652312313316403e-17,5.605053928608852e-17
276.602,0.5110031262936634,0.0,0.40467536318559605,0.9184742407818615,0.3954808073980117,2.4216215245209298e-17,5.624032695364011e-17
276.642,0.5114727836602433,0.0,0.4062486643362959,0.922692936909591,0.3855356587621352,2.3607250523010755e-17,5.649864758911006e-17
276.668,0.5117670698255004,0.0,0.4072797389383994,0.9253980347868414,0.37899667176988777,2.3206853048524655e-17,5.666428706194782e-17
276.706,0.5121814830266813,0.0,0.40879839778004756,0.9292961008102966,0.3693355615409639,2.2615280662621588e-17,5.690297476587229e-17
276.733,0.5124645328782851,0.0,0.4098857364866898,0.9320238135660185,0.36239703495731806,2.2190418444048552e-17,5.70699990006367e-17
276.771,0.5128467377485584,0.0,0.41142748755639136,0.9358007830027939,0.35252928180699794,2.1586192828532764e-17,5.730127167719792e-17
276.787,0.5130019820079771,0.0,0.41208057303031786,0.9373685791964814,0.34833912604697415,2.1329619786560666e-17,5.739727150671366e-17
276.818,0.5132931291524739,0.0,0.41335242678404105,0.9403668185473573,0.3401620886799727,2.0828920654660336e-17,5.758086071792005e-17
276.875,0.513795064080508,0.0,0.4157128593421453,0.9457383376501693,0.324929217982462,1.9896176337583734e-17,5.790977140171094e-17
276.902,0.5140176152735518,0.0,0.4168405841249417,0.9482159433092521,0.3176263919357857,1.944900721044413e-17,5.806148099370818e-17
276.918,0.5141448572951003,0.0,0.41751171621428423,0.9496631454362793,0.31327290051977413,1.918243274405743e-17,5.815009656633734e-17
276.954,0.5144184702159158,0.0,0.41902937067343105,0.9528606162964057,0.30340838141230364,1.8578405156552847e-17,5.834588518904837e-17
276.985,0.5146399474398415,0.0,0.4203445050916531,0.9555470279849826,0.2948387310192927,1.805366541037221e-17,5.851038046282877e-17
277.004,0.5147691975273105,0.0,0.4211542523714832,0.9571620697174064,0.2895527107355256,1.7729990019335042e-17,5.860927324723387e-17
277.039,0.5149943143718881,0.0,0.4226530828074192,0.9600729248013135,0.27974985087297444,1.7129737971676876e-17,5.878751171529831e-17
277.069,0.515173829319449,0.0,0.4239450448904918,0.9625000698184911,0.27128143246341,1.66111968967212e-17,5.893613148411595e-17
277.103,0.5153622094486001,0.0,0.4254171362310609,0.9651730207945397,0.26161238489479605,1.6019138488935867e-17,5.909980252697074e-17
277.138,0.5155393304068039,0.0,0.4269410074726172,0.9678359896055492,0.2515819890696617,1.5404953881864282e-17,5.926286233850234e-17
277.177,0.5157165247727605,0.0,0.4286488471235944,0.970694589148219,0.24031648840304348,1.471514091525596e-17,5.943790107750107e-17
277.208,0.5158421417326516,0.0,0.4300134987686741,0.9728830679399263,0.23129750564110427,1.416288749670726e-17,5.957190675486439e-17
277.233,0.5159335839990742,0.0,0.43111848914062023,0.9745928119617016,0.22398404155783813,1.3715066977694711e-17,5.96765983820458e-17
277.255,0.5160067486931853,0.0,0.43209409283870154,0.9760559832692451,0.2175194647021434,1.3319225809986279e-17,5.976619178496518e-17
277.281,0.51608437712931,0.0,0.43325085916873995,0.9777344836151053,0.20984584711140553,1.2849352248967382e-17,5.986897028876145e-17
277.321,0.5161850525945189,0.0,0.4350382483593693,0.980207738042265,0.19797169060768866,1.2122269861224802e-17,6.002041344464635e-17
277.357,0.5162561629167537,0.0,0.4366546303794505,0.9823185690271553,0.1872170637106616,1.1463738890951392e-17,6.01496645651057e-17
277.382,0.5162946447867679,0.0,0.43778126199575473,0.9837191708296582,0.17971252861781725,1.1004218646924351e-17,6.023542669082147e-17
277.412,0.5163289994139744,0.0,0.43913754187735604,0.9853282687827597,0.17066986476109286,1.0450515179529201e-17,6.033395552371048e-17
277.443,0.5163509183006986,0.0,0.4405438084697007,0.986907860777158,0.16128507164723524,9.875862337151908e-18,6.043067763770541e-17
277.474,0.5163590028059525,0.0,0.4419547390502209,0.9884018518780893,0.15186105229440378,9.29880758037452e-18,6.052215820869092e-17
277.503,0.5163540157032438,0.0,0.4432786920503756,0.9897210311834352,0.14301146958617522,8.756926923503427e-18,6.060293464438058e-17
277.523,0.5163434961003476,0.0,0.4441939587939715,0.9905862022475913,0.136890379196984,8.382118235882693e-18,6.065591109310226e-17
277.563,0.5163050880172977,0.0,0.446029636186712,0.9922061795361815,0.12460697127454251,7.629976426140733e-18,6.075510609316044e-17
277.594,0.5162593678021683,0.0,0.4474567842530953,0.9933594631419813,0.11505206206876338,7.044906977390684e-18,6.082572434697803e-17
277.623,0.5162039651105363,0.0,0.4487952232869458,0.9943567508356669,0.10608794496800998,6.496013111659699e-18,6.088679060607308e-17
277.66,0.5161155267546692,0.0,0.45050734902900935,0.9955136509004524,0.09461802614117519,5.7936831427715395e-18,6.095763030413673e-17
277.693,0.5160198370380688,0.0,0.45203834904035656,0.9964353487620303,0.08435991783715142,5.16555516778006e-18,6.101406802093485e-17
277.715,0.5159472292875116,0.0,0.45306097180708893,0.9969917395594419,0.07750787863332427,4.7459887738501045e-18,6.10481371313911e-17
277.751,0.5158131945043182,0.0,0.4547375199078995,0.997801394607506,0.06627500976473642,4.0581739285922015e-18,6.109771420454237e-17
277.787,0.515660251865252,0.0,0.45641772767918987,0.9984852523908289,0.05502000325357015,3.369003543678082e-18,6.113958841681329e-17
277.825,0.515478289428525,0.0,0.4581949076579281,0.9990699074489554,0.04311983337091763,2.6403282958730753e-18,6.117538821409028e-17
277.852,0.5153361883384244,0.0,0.45945970788412305,0.9993993552993936,0.034654417137737904,2.1219710512023955e-18,6.119556107686654e-17
277.876,0.5152009400635269,0.0,0.46058529536161336,0.9996320746663501,0.0271240723020828,1.660870416229354e-18,6.120981102825868e-17
277.905,0.5150262944912248,0.0,0.4619469018081252,0.9998376334577911,0.018019620460036006,1.1033835259116625e-18,6.122239787405742e-17
277.941,0.5147924142035869,0.0,0.4636392566632197,0.9999774721824252,0.006712311647052343,4.1101054867210747e-19,6.123096052638342e-17
277.971,0.5145830683945494,0.0,0.46505110701469865,0.999996321638493,-0.0027123254752647458,-1.6608203557643973e-19,6.123211472268538e-17
278.0,0.5143682248763864,0.0,0.46641705808872136,0.9999301149856066,-0.01182223095999719,-7.23902865197065e-19,6.122806073440839e-17
278.036,0.5140844730318299,0.0,0.4681140635806199,0.9997325286945257,-0.023127279780581905,-1.4161374578137465e-18,6.121596206346201e-17
278.068,0.5138164094636761,0.0,0.4696235257924997,0.9994497300017965,-0.03316982362534035,-2.0310659165527658e-18,6.119864563776933e-17
278.094,0.5135876424986385,0.0,0.4708505078794118,0.9991458380242353,-0.04132304876032954,-2.5303069697673784e-18,6.118003762088897e-17
278.119,0.5133584133363976,0.0,0.47203064046936094,0.9987911180299291,-0.04915590040396174,-3.0099308044458917e-18,6.115831728560796e-17
278.145,0.5131103945917757,0.0,0.4732582204932668,0.9983573706087641,-0.05729363447325496,-3.508223303459507e-18,6.113175791605954e-17
278.185,0.5127097022063567,0.0,0.4751470198688142,0.9975614799665529,-0.0697932209239608,-4.273602230335634e-18,6.108302366968677e-17
278.195,0.5126059118704731,0.0,0.4756192181140923,0.9973382448335858,-0.07291382168191833,-4.464683916818108e-18,6.10693544601345e-17
278.247,0.5120429252473546,0.0,0.47807427320921403,0.9960218910821653,-0.0891088799453071,-5.456345230031306e-18,6.098875103972337e-17
278.273,0.5117468179500818,0.0,0.4793013662277844,0.9952664431275178,-0.09718388335675479,-5.950796584077974e-18,6.094249319374429e-17
278.307,0.5113449388870561,0.0,0.48090533581354805,0.9941815051703282,-0.10771784799772338,-6.595815888072654e-18,6.087605990391701e-17
278.337,0.510976572098708,0.0,0.4823197618085777,0.9931335486963616,-0.11698612932211892,-7.163334440948563e-18,6.081189107684257e-17
278.361,0.5106726078256507,0.0,0.4834506085800321,0.9922344736840368,-0.12438146659757021,-7.61616824709839e-18,6.075683861004072e-17
278.407,0.5100670429949706,0.0,0.4856159849482521,0.9903618988798825,-0.13850382394372157,-8.480913233117358e-18,6.064217647303713e-17
278.438,0.5096419733911952,0.0,0.4870734526958756,0.9889904379586971,-0.1479794364979961,-9.061127162344998e-18,6.055819871167287e-17
278.464,0.5092749623736794,0.0,0.4882945547612439,0.9877730062858511,-0.15589896745332185,-9.5460585741044e-18,6.048365252160629e-17
278.485,0.5089715559261292,0.0,0.4892798856836137,0.9867453959003814,-0.1622760723871507,-9.936543631356415e-18,6.042072953313949e-17
278.531,0.508285247720148,0.0,0.49143496838827455,0.9843578310358438,-0.17618076080664768,-1.0787960239660327e-17,6.027453334968387e-17
278.568,0.5077116786708512,0.0,0.4931648058119901,0.9823033056485821,-0.1872971321506771,-1.1468641668890275e-17,6.014872995272001e-17
278.594,0.5072971933222121,0.0,0.49437825316344736,0.9807892568020999,-0.19507033024420822,-1.1944612777109336e-17,6.005602119904015e-17
278.619,0.5068897811989361,0.0,0.4955432619204545,0.9792794859504133,-0.20251342769479336,-1.2400371050539382e-17,5.996357439699195e-17
278.649,0.5063894515622153,0.0,0.4969388401247264,0.9773989149351384,-0.2114033137952526,-1.2944719578424979e-17,5.984842263327067e-17
278.686,0.5057552720490668,0.0,0.4986561523268709,0.974977841485247,-0.22230206614597312,-1.3612075687475459e-17,5.970017464072517e-17
278.718,0.5051916298985488,0.0,0.5001376852525532,0.9727950808726635,-0.23166728433239767,-1.4185529911241528e-17,5.95665191008499e-17
278.752,0.5045774313069026,0.0,0.5017077952093345,0.9703874847605031,-0.24155357463756258,-1.4790890600124614e-17,5.941909635723005e-17
278.778,0.504097145761593,0.0,0.5029055201425648,0.9684861365246771,-0.249067467485227,-1.5250983841376036e-17,5.930267235567661e-17
278.821,0.503282773908508,0.0,0.5048804414666231,0.9652297007336464,-0.261403184413724,-1.600632865395962e-17,5.910327317227089e-17
278.857,0.5025818686048608,0.0,0.5065278614589943,0.9623988325772358,-0.2716403634476543,-1.6633175080769675e-17,5.892993249094307e-17
278.905,0.5016204491893759,0.0,0.5087153707224282,0.958480924215584,-0.2851566550421715,-1.7460809242648067e-17,5.869002979422058e-17
278.939,0.5009209961969494,0.0,0.5102582525758579,0.9556097605513889,-0.29463534332954217,-1.8041211506210263e-17,5.851422172466136e-17
278.969,0.5002912211238746,0.0,0.5116148463453375,0.9530124280844771,-0.3029311999720886,-1.8549186220384253e-17,5.83551809800651e-17
278.994,0.4997574323279472,0.0,0.5127417960637535,0.9508034350763573,-0.3097948157200168,-1.8969461473198137e-17,5.821991916922846e-17
279.029,0.49899650579038274,0.0,0.514313915784394,0.9476447767787651,-0.31932644275713284,-1.9553105300281663e-17,5.802650713054114e-17
279.055,0.49842102229480195,0.0,0.5154773988643272,0.9452498959199562,-0.3263474134466395,-1.9983015764372246e-17,5.787986297163716e-17
279.092,0.4975871490008795,0.0,0.5171264572393957,0.9417730583794811,-0.3362491732488847,-2.0589323686759524e-17,5.766696807338224e-17
279.121,0.49692141207038076,0.0,0.5184133082058914,0.9389934651571854,-0.343934982797769,-2.105994378990439e-17,5.749676707625145e-17
279.156,0.49610381921486774,0.0,0.5199595575895704,0.9355775249774784,-0.35312135981418047,-2.1622447150349844e-17,5.728760106589359e-17
279.189,0.4953189164015731,0.0,0.521410371748456,0.9322978854816796,-0.36169137773299076,-2.214720940099517e-17,5.708678106534923e-17
279.211,0.49478814058658627,0.0,0.5223736554607015,0.9300809547513863,-0.3673546210526686,-2.2493983041206973e-17,5.695103320920997e-17
279.252,0.4937830759259551,0.0,0.5241602388842098,0.9258871759414558,-0.37780012894009934,-2.3133585931197498e-17,5.66942383194143e-17
279.283,0.4930095329668473,0.0,0.5255034079200067,0.9226649760856034,-0.38560256988893754,-2.3611347647874045e-17,5.649693548243017e-17
279.31,0.4923263362685264,0.0,0.5266677364330146,0.9198244046190933,-0.3923303004703187,-2.4023302333974756e-17,5.632300064471962e-17
279.336,0.4916601803679773,0.0,0.527783963935736,0.917060393083267,-0.39874833596889614,-2.4416293665482105e-17,5.615375375071182e-17
279.381,0.49048824400075575,0.0,0.5297040512900846,0.9122139152550546,-0.4097142575198525,-2.5087762701836087e-17,5.585699257273888e-17
279.413,0.4896403857820414,0.0,0.5310600676331265,0.9087223567048751,-0.41740110017193016,-2.55584460643069e-17,5.564319627261323e-17
279.43,0.48918511310109614,0.0,0.5317772056872588,0.9068531611897479,-0.4214467274047351,-2.5806169286366796e-17,5.552874105738418e-17
279.471,0.4880733954499803,0.0,0.5334973055573405,0.9023069257724293,-0.43109420281779215,-2.6396906780589454e-17,5.52503644247847e-17
279.499,0.4873031420883643,0.0,0.5346641589257959,0.8991732412308924,-0.43759282701425933,-2.6794832746642707e-17,5.505848158761816e-17
279.523,0.4866358731869762,0.0,0.5356591402899893,0.8964699901774585,-0.4431044534996545,-2.7132322533314453e-17,5.489295520012419e-17
279.558,0.48565122141971323,0.0,0.5371014193183881,0.8925014956715589,-0.45104443264941235,-2.7618506035866838e-17,5.4649954995419997e-17
279.587,0.4848250927355933,0.0,0.538288448874801,0.8891917846468779,-0.4575346654806611,-2.8015918178992326e-17,5.444729364479608e-17
279.616,0.4839897576785991,0.0,0.5394680841332387,0.8858645464112395,-0.463943967965539,-2.840837476763598e-17,5.424355906203232e-17
279.647,0.4830867452120402,0.0,0.5407207468974649,0.8822905656015364,-0.4707051708346966,-2.882237904024096e-17,5.402471585409147e-17
279.677,0.4822030700473843,0.0,0.5419246610126512,0.8788169715581897,-0.4771590201403428,-2.921756333495791e-17,5.381201956275538e-17
279.707,0.4813098778099106,0.0,0.5431202259430993,0.8753308050988513,-0.4835245408921834,-2.9607339065640295e-17,5.3598553432969196e-17
279.726,0.4807393190225122,0.0,0.5438730337781723,0.8731173337549439,-0.48751012450682274,-2.98513856764604e-17,5.346301740315317e-17
279.774,0.47928130735943403,0.0,0.5457594500633189,0.8675101504590516,-0.4974194797658347,-3.0458158686438554e-17,5.3119676449375815e-17
279.802,0.4784199635974397,0.0,0.5468494852738355,0.8642317690313245,-0.5030938773201155,-3.0805615326535526e-17,5.291893348328331e-17
279.834,0.4774259459451311,0.0,0.5480857019078601,0.8604808892866697,-0.5094827172460537,-3.119681894481378e-17,5.26892583396194e-17
279.866,0.4764218028202193,0.0,0.5493115852383191,0.8567279577251187,-0.5157685589992349,-3.1581715743962794e-17,5.2459457558405775e-17
279.913,0.47492892287687166,0.0,0.5510930223062469,0.8512173134461928,-0.5248133813932776,-3.2135551383648824e-17,5.2122027914534464e-17
279.94,0.47406176377356996,0.0,0.5521059592949712,0.8480550741905288,-0.529908096880673,-3.244751273435909e-17,5.1928396605405115e-17
279.966,0.4732202443187191,0.0,0.5530740659213187,0.8450140542922492,-0.5347440958520026,-3.274363226740502e-17,5.1742187841176534e-17
279.996,0.4722414732581704,0.0,0.5541820822900546,0.8415119135232585,-0.5402385578597885,-3.3080071032948607e-17,5.152774356703114e-17
280.015,0.47161732509543947,0.0,0.55487876616267,0.8392984819471171,-0.5436709098354121,-3.3290241975973333e-17,5.139220997228848e-17
280.056,0.4702594010624251,0.0,0.556368591818247,0.8345369775240542,-0.5509519336067497,-3.373607609877755e-17,5.110065191474698e-17
280.078,0.46952460955712727,0.0,0.5571602902053078,0.8319917753298491,-0.554787964706775,-3.397096525918134e-17,5.094480322873118e-17
280.118,0.4681778311292135,0.0,0.55858573037996,0.827384674414568,-0.5616356475010283,-3.439026489995928e-17,5.066269965926878e-17
280.128,0.46783899010713903,0.0,0.558939238034995,0.8262374725413093,-0.5633219674116652,-3.449352221400427e-17,5.059245380416568e-17
280.167,0.4665094484200626,0.0,0.5603068876324556,0.8217828908863721,-0.5698007373165087,-3.489023245532321e-17,5.0319689345902715e-17
280.208,0.46509813697755525,0.0,0.5617255211862576,0.8171368301553145,-0.5764437533738438,-3.5296999872888204e-17,5.003520017575601e-17
280.233,0.4642308930333277,0.0,0.5625807799054275,0.814324483794486,-0.5804098854196437,-3.553985541863243e-17,4.98629936273119e-17
280.273,0.4628330006288003,0.0,0.5639336123552834,0.8098603975272997,-0.5866226525773823,-3.5920277689311055e-17,4.958964717940053e-17
280.3,0.4618823997940946,0.0,0.564835814578306,0.8068738525003106,-0.5907237816029646,-3.6171399416014535e-17,4.940677403900995e-17
280.336,0.46060633102072035,0.0,0.5660248464888785,0.8029279123610228,-0.5960761424109924,-3.6499136992586186e-17,4.916515489094965e-17
280.355,0.45992896295742214,0.0,0.5666459253135154,0.8008629275361577,-0.5988477029247211,-3.666884612817524e-17,4.903871103814671e-17
280.391,0.45863832362282886,0.0,0.5678103325371479,0.7969856385337416,-0.6039982549403303,-3.6984226480163126e-17,4.88012955598378e-17
280.432,0.4571572127021309,0.0,0.5691165308193522,0.7926294178730329,-0.6097037033857159,-3.733358443898021e-17,4.853455397541198e-17
280.464,0.4559931547902203,0.0,0.5701210862935899,0.7892762364022524,-0.614038290866861,-3.759900137320064e-17,4.83292308276544e-17
280.496,0.4548222190360868,0.0,0.5711124254628087,0.7859663290953186,-0.6182693017839631,-3.785807607203997e-17,4.812655745820886e-17
280.513,0.4541974239651628,0.0,0.5716336559508528,0.7842262361638561,-0.620474987821646,-3.799313538933859e-17,4.8020007496272133e-17
280.553,0.45272001858727967,0.0,0.5728451231031477,0.7801840287929984,-0.6255500629176899,-3.830389411292872e-17,4.77724936803616e-17
280.572,0.45201474155164556,0.0,0.5734131635073627,0.7782904590647602,-0.6279044205360914,-3.8448056938999897e-17,4.765654597502914e-17
280.601,0.450934022942271,0.0,0.5742709014040084,0.775434355127469,-0.6314281913947509,-3.86638256741492e-17,4.7481660047787345e-17
280.622,0.4501483012366031,0.0,0.5748849855032669,0.7733925487496339,-0.6339274134619398,-3.8816858889396264e-17,4.735663546553263e-17
280.666,0.4484937500468726,0.0,0.5761523147186546,0.7691889523768616,-0.6390214046034657,-3.9128775886713997e-17,4.709923942339147e-17
280.69,0.4475866829083711,0.0,0.5768324754562326,0.7669399283317462,-0.6417188997766048,-3.9293949828189013e-17,4.696152641848867e-17
280.737,0.4458013370785798,0.0,0.5781415250755162,0.7626287276565455,-0.6468364737342496,-3.960731085652049e-17,4.669754151312035e-17
280.747,0.4454199825145461,0.0,0.578416103865147,0.7617277698740303,-0.6478972176223142,-3.9672262686882164e-17,4.664237375989415e-17
280.802,0.443313552823411,0.0,0.5799013458272602,0.7568783188581146,-0.6535558204488077,-4.001875217883773e-17,4.6345430526680993e-17
280.831,0.44219699513500876,0.0,0.5806673585688655,0.7543953673207299,-0.6564203148631378,-4.0194151874621973e-17,4.6193393594046184e-17
280.852,0.44138602085960366,0.0,0.5812146238920217,0.752630185265579,-0.6584434707908494,-4.0318034446174375e-17,4.608530736635854e-17
280.9,0.4395250135572864,0.0,0.5824419070245833,0.7487015845199849,-0.6629071860654883,-4.059135817734395e-17,4.5844749949947556e-17
280.932,0.43827891648172945,0.0,0.5832417218894493,0.7461665296260082,-0.6657593484630009,-4.076600275488207e-17,4.568952260686898e-17
280.966,0.43695043812025924,0.0,0.5840752986637429,0.7435485958718429,-0.668681901637102,-4.094495752438211e-17,4.552922039724806e-17
281.001,0.43557828876367277,0.0,0.584915817897697,0.740936750601488,-0.6715748146022962,-4.112209735453396e-17,4.536929099973765e-17
281.024,0.43467417454590984,0.0,0.5854583967032552,0.7392671520968963,-0.6734122643897603,-4.1234608704574557e-17,4.526705757651218e-17
281.058,0.43333432854302717,0.0,0.586246210088868,0.7368681882788333,-0.6760364436202163,-4.13952933393229e-17,4.5120163408459117e-17
281.104,0.4315156595526931,0.0,0.5872848395333672,0.7337562948679011,-0.6794127609500207,-4.1602033149865436e-17,4.492961489320983e-17
281.14,0.43008794156862007,0.0,0.588075693665039,0.73143035385197,-0.6819161513441238,-4.175532160152316e-17,4.478719208220155e-17
281.166,0.429054581441605,0.0,0.5886347920930013,0.7298113254646192,-0.6836486153160669,-4.186140442441708e-17,4.4688055185586656e-17
281.19,0.428099156467157,0.0,0.5891418559726592,0.7283627076368724,-0.6851917732459168,-4.195589559538555e-17,4.459935292628976e-17
281.225,0.42670333544972006,0.0,0.5898657262281064,0.7263300483079631,-0.6873460998106791,-4.2087810051978264e-17,4.447488843924447e-17
281.235,0.42630401835697374,0.0,0.5900691362256809,0.7257668686431874,-0.6879407331884502,-4.2124220845115944e-17,4.444040363055385e-17
281.28,0.4245045118442361,0.0,0.5909656493671309,0.7233303986903026,-0.6905020885779622,-4.228105862907818e-17,4.429121287410289e-17
281.305,0.42350310785929224,0.0,0.5914503503910967,0.722046673724881,-0.6918443473519426,-4.2363248274637306e-17,4.4212607390608437e-17
281.345,0.4218986668855206,0.0,0.5922059289449406,0.720097865096471,-0.6938725132785595,-4.248743762014586e-17,4.409327727816179e-17
281.382,0.42041245856482873,0.0,0.5928828978210191,0.7184117234545397,-0.6956181392136622,-4.259432638084247e-17,4.399003087992678e-17
281.416,0.41904525525955744,0.0,0.5934863085435576,0.7169621278103873,-0.6971121195945469,-4.268580629541444e-17,4.390126874664332e-17
281.448,0.41775739375139914,0.0,0.5940378314976338,0.7156859892743556,-0.6984221966378124,-4.276602537829801e-17,4.3823127797972326e-17
281.48,0.4164686948251856,0.0,0.5945734058773162,0.7144960914091539,-0.6996394323943169,-4.284055957194856e-17,4.375026756737575e-17
281.518,0.41493756397162934,0.0,0.5951886191420517,0.7131960091901448,-0.7009646585065833,-4.292170626777524e-17,4.367066049096886e-17
281.53,0.41445392039925727,0.0,0.595378197966949,0.7128110819038662,-0.701356087529751,-4.294567438279102e-17,4.364709049251658e-17
281.565,0.41304308905811343,0.0,0.5959182219226626,0.7117590380150299,-0.7024237124442193,-4.30110475545007e-17,4.3582671383465285e-17
281.606,0.4113903051002416,0.0,0.5965263015862965,0.7106612182853494,-0.7035343863843351,-4.307905671878366e-17,4.351544931256558e-17
281.626,0.41058415596970044,0.0,0.596813302497729,0.7101786718333208,-0.7040214869398947,-4.310888302559511e-17,4.3485901864169744e-17
281.667,0.40893199989959783,0.0,0.5973818798964057,0.7092986044773778,-0.7049081427295647,-4.316317503433335e-17,4.343201328064526e-17
281.693,0.40788476575068255,0.0,0.5977286421582702,0.708816830700017,-0.7053925860940016,-4.319283863511464e-17,4.340251314492736e-17
281.723,0.40667704999936105,0.0,0.598115418985706,0.7083348138769487,-0.7058766120575949,-4.322247667746558e-17,4.337299812695207e-17
281.765,0.40498770037357046,0.0,0.5986328641389718,0.707793384729051,-0.7064195103009214,-4.3255719607263207e-17,4.3339845153305166e-17
281.785,0.4041839654372874,0.0,0.5988693931402682,0.7075903941446369,-0.70662283724363,-4.326816979174163e-17,4.332741556483218e-17
281.816,0.402939247690677,0.0,0.599223407296903,0.7073458074612342,-0.7068676740854787,-4.3283161724475794e-17,4.331243894988502e-17
281.842,0.4018964169642339,0.0,0.5995084940990572,0.7072064118717422,-0.707007136461504,-4.329170133209584e-17,4.330390343176069e-17
281.881,0.40033435678427004,0.0,0.5999158694074855,0.7071098842022424,-0.7071036781572356,-4.3297612806028944e-17,4.329799281668659e-17
281.906,0.3993345694642607,0.0,0.6001642119445606,0.7071190870713264,-0.7070944750876037,-4.329704928054059e-17,4.3298556329894924e-17
281.937,0.39809667273330057,0.0,0.600458262749654,0.7072076171632623,-0.7070059308282078,-4.3291627508347985e-17,4.33039772345808e-17
281.957,0.39729919316886403,0.0,0.6006398053097408,0.7073100258885409,-0.7069034780488435,-4.328535408493237e-17,4.3310247960461654e-17
282.001,0.3955482353133528,0.0,0.6010166389748602,0.7076602384770899,-0.7065528903617536,-4.326388678049162e-17,4.333169229674104e-17
282.026,0.39455567863291113,0.0,0.6012169251489123,0.7079356302818385,-0.7062769593986881,-4.3246990881956427e-17,4.3348555181350875e-17
282.056,0.3933669898751519,0.0,0.6014440432504566,0.7083390291122216,-0.705872382117586,-4.3222217668340955e-17,4.33732562356713e-17
282.08,0.39241801646978364,0.0,0.6016153496407803,0.7087189071419752,-0.7054909713522097,-4.3198862994692035e-17,4.3396517056331504e-17
282.11,0.3912344161694253,0.0,0.6018164988120323,0.7092650102376247,-0.7049419445972996,-4.316524480178969e-17,4.342995622673609e-17
282.155,0.3894648208552876,0.0,0.6020911807243878,0.7102320543040549,-0.7039676335166568,-4.3105585454475536e-17,4.3489170597765496e-17
282.185,0.3882892107737636,0.0,0.6022562828412027,0.7109748872616583,-0.7032173985925493,-4.30596468145547e-17,4.3534655997957e-17
282.211,0.38727317024498853,0.0,0.6023877184313582,0.7116818593723262,-0.7025019082111796,-4.301583566428644e-17,4.35779455545778e-17
282.221,0.3868831081211073,0.0,0.6024353908566776,0.7119693368065779,-0.7022105549243771,-4.2997995420781254e-17,4.3595548470561977e-17
282.251,0.3857154141414217,0.0,0.6025688148214527,0.7128834470000854,-0.7012825329303991,-4.2941170462558077e-17,4.365152157668932e-17
282.307,0.3835462074022316,0.0,0.6027794113957589,0.7147958747622225,-0.6993331519547097,-4.282180530394824e-17,4.3768624003564407e-17
282.345,0.3820824894313077,0.0,0.6028938338125602,0.7162450751709031,-0.6978488319782641,-4.273091691854501e-17,4.385736193565509e-17
282.361,0.3814682804960015,0.0,0.602935133215287,0.7168915846552986,-0.6971846640958297,-4.269024836497902e-17,4.389694922418926e-17
282.402,0.37990026373456476,0.0,0.6030223866637467,0.7186456906815912,-0.6953764241508182,-4.257952560194159e-17,4.400435724071248e-17
282.433,0.3787205230252602,0.0,0.6030706453880534,0.7200642453177687,-0.6939074020465211,-4.248957394104638e-17,4.4091218660442995e-17
282.471,0.37728154018409227,0.0,0.6031090380634256,0.7219103227234733,-0.6919866226635386,-4.2371960124884493e-17,4.420425829973672e-17
282.504,0.3760385338922844,0.0,0.6031238663502728,0.7236082320285501,-0.6902109290213507,-4.226323024812591e-17,4.4308225259521955e-17
282.539,0.37472719483379385,0.0,0.6031208352453564,0.7255040925261409,-0.6882178519392104,-4.2141189474671054e-17,4.442431323402218e-17
282.571,0.3735347826227937,0.0,0.6031012089279186,0.7273220094759624,-0.6862963605701607,-4.202353206193626e-17,4.453562854270791e-17
282.604,0.372311855779113,0.0,0.6030641523883931,0.7292802158127307,-0.6842151465907028,-4.189609446002206e-17,4.4655534098827585e-17
282.644,0.3708390180763831,0.0,0.6029964125904047,0.731765759975174,-0.6815562137696025,-4.1733281781596647e-17,4.480772978396136e-17
282.674,0.36974143919154967,0.0,0.6029292465929074,0.7337091974110409,-0.6794636220096306,-4.160514749155806e-17,4.4926731005720236e-17
282.708,0.3685050487402165,0.0,0.6028362299589957,0.7359925526088573,-0.6769896324939536,-4.145365932448316e-17,4.506654618743635e-17
282.724,0.3679260512998401,0.0,0.6027862631793335,0.7370963782649307,-0.675787636131886,-4.138005827461352e-17,4.5134136015262704e-17
282.769,0.3663076030829908,0.0,0.6026245510548276,0.7402997622367903,-0.6722769236201341,-4.1165089132601343e-17,4.533028671164159e-17
282.784,0.3657714610958366,0.0,0.6025637225957103,0.7413995201669761,-0.6710638952411145,-4.1090812566519286e-17,4.539762746309354e-17
282.824,0.3643501329094895,0.0,0.6023846540049759,0.7444088321120494,-0.667724112694438,-4.08863098662375e-17,4.558189467515204e-17
282.844,0.36364413032196236,0.0,0.6022859521802681,0.7459546465558072,-0.6659967456991068,-4.078053914314825e-17,4.5676548510683226e-17
282.894,0.3618930966142074,0.0,0.6020125856687701,0.7499364194607122,-0.661509914337228,-4.050579995986631e-17,4.5920361782829404e-17
282.95,0.3599563630660435,0.0,0.6016615397429894,0.7545891631422306,-0.6561975273256584,-4.018051007238877e-17,4.620526016567063e-17
282.979,0.3589638750930548,0.0,0.6014612330824913,0.7570762160497495,-0.6533265669569798,-4.000471445108971e-17,4.635754823479579e-17
282.998,0.35831758634566013,0.0,0.6013231831612392,0.7587336031613591,-0.651401043469982,-3.9886810142337964e-17,4.645903392585482e-17
283.033,0.35713541423904754,0.0,0.6010548195763439,0.7618432727589188,-0.6477613972381957,-3.9663946086948674e-17,4.6649446271807695e-17
283.059,0.3562643643008355,0.0,0.6008437151147521,0.7641997155833742,-0.6449796854958224,-3.949361536787627e-17,4.679373677992484e-17
283.1,0.35490340676258225,0.0,0.6004905859627745,0.7679935667078255,-0.6404575563574785,-3.921671481914608e-17,4.702604316172489e-17
283.126,0.35404851525533887,0.0,0.600253888000744,0.7704473881380098,-0.6375035859595763,-3.9035836299517735e-17,4.717629638973261e-17
283.136,0.35372142177326316,0.0,0.6001602248841131,0.7714008253753264,-0.6363495632199847,-3.896517278680853e-17,4.723467758277599e-17
283.195,0.35181127380231947,0.0,0.5995780959330883,0.7771317347185589,-0.6293379592026239,-3.8535835865971046e-17,4.7585594571945656e-17
283.246,0.35018789490753965,0.0,0.5990345347098833,0.7822247053743417,-0.6229963967006745,-3.8147527154990786e-17,4.789744908253345e-17
283.278,0.34918279030758176,0.0,0.598674545278796,0.7854824790905341,-0.6188838946375876,-3.7895709030588474e-17,4.809693019022752e-17
283.31,0.3481882949084605,0.0,0.5983000737147135,0.788785839644045,-0.6146681211654292,-3.763756735615802e-17,4.829920268664186e-17
283.324,0.34775658373647145,0.0,0.5981317136986664,0.7902448817222022,-0.6127911772470803,-3.7522637688068763e-17,4.838854324718368e-17
283.356,0.3467776432301312,0.0,0.5977365983277172,0.7936102375434388,-0.6084264876435334,-3.725537753045599e-17,4.859461185890715e-17
283.392,0.3456895282444039,0.0,0.5972750816594404,0.7974447116253257,-0.603392021741091,-3.694710540281386e-17,4.882940567944696e-17
283.423,0.3447639117591836,0.0,0.5968633404412168,0.8007855322404878,-0.5989511927981434,-3.6675183055286775e-17,4.903397194309115e-17
283.463,0.3435853767406521,0.0,0.5963126410426942,0.8051461794558575,-0.593076411356611,-3.6315456440883634e-17,4.9300984575816817e-17
283.473,0.34329356058359156,0.0,0.5961715696134136,0.806244683229453,-0.5915822096414318,-3.6223962973494895e-17,4.936824853232606e-17
283.519,0.3419659302192664,0.0,0.5955052820317295,0.8113380226971876,-0.5845772942270491,-3.579503561146881e-17,4.968012562613267e-17
283.555,0.34094401395937196,0.0,0.5949641038466971,0.8153671399659536,-0.5789442348480042,-3.545011020457109e-17,4.992683790446185e-17
283.587,0.3400484520160228,0.0,0.5944686549099246,0.818977457104096,-0.5738256919616869,-3.5136689846469747e-17,5.01479060708185e-17
283.617,0.339219958905869,0.0,0.5939919708661431,0.822384703699222,-0.5689318053348247,-3.48370257168209e-17,5.0356539752649835e-17
283.642,0.3385378470155888,0.0,0.5935857880053163,0.8252393634609695,-0.5647831380224926,-3.4582993109582166e-17,5.0531337249643773e-17
283.667,0.3378633593168888,0.0,0.5931715343587994,0.8281067397134813,-0.5605704484193834,-3.432504026766972e-17,5.0706913407123256e-17
283.708,0.3367738982429573,0.0,0.5924748420842468,0.8328338295210008,-0.5535230911221181,-3.389351408984253e-17,5.099636417722631e-17
283.739,0.33596410163009327,0.0,0.591933930431465,0.836425651704023,-0.5480804039294785,-3.3560245617381214e-17,5.121629985420354e-17
283.769,0.3351920021998312,0.0,0.5913989922513584,0.8399138414040193,-0.542719761035052,-3.3232000909279644e-17,5.142988987174949e-17
283.803,0.3343308762212643,0.0,0.5907792208901248,0.8438791406450968,-0.5365333130236116,-3.2853190221514545e-17,5.167269442291185e-17
283.824,0.3338064665630881,0.0,0.5903893168578405,0.8463334664686235,-0.5326534178386573,-3.2615615160550464e-17,5.182297853610418e-17
283.847,0.3332387100554634,0.0,0.5899561082331557,0.8490250908742791,-0.5283525291563598,-3.235226168263723e-17,5.198779299674883e-17
283.893,0.3321240965642245,0.0,0.5890705337607284,0.8544159280329072,-0.5195896668753777,-3.181569112044854e-17,5.231788657030076e-17
283.913,0.33164825867955494,0.0,0.5886776162548445,0.8567614569858384,-0.5157129102742177,-3.157830824231434e-17,5.2461508796526485e-17
283.948,0.33082848046318347,0.0,0.5879786489442811,0.8608661499923308,-0.5088314768146541,-3.1156941969324345e-17,5.271284875412066e-17
283.978,0.33013903608066114,0.0,0.5873681436946887,0.8643823849870534,-0.5028350549873122,-3.078976702946476e-17,5.292815605068751e-17
284.003,0.32957390867748565,0.0,0.586851447334664,0.8673095532866858,-0.49776916214009226,-3.047957055645619e-17,5.3107393415123026e-17
284.054,0.3284478540020551,0.0,0.5857753011062315,0.8732672290692786,-0.48724156907397,-2.983494139889857e-17,5.3472195843998525e-17
284.071,0.32808056927661217,0.0,0.5854100787428218,0.8752476541001206,-0.48367503966220504,-2.961655445748943e-17,5.3593461902747127e-17
284.11,0.32725336990789433,0.0,0.5845600983295339,0.8797776788470527,-0.47538535505681306,-2.9108957671592706e-17,5.387084591806656e-17
284.135,0.3267344765509393,0.0,0.5840064607560874,0.8826701441128596,-0.46999299642844,-2.877877093488812e-17,5.404795833453732e-17
284.17,0.32602307242614126,0.0,0.5832200068060096,0.8867019895568391,-0.46234141250372895,-2.8310246546797887e-17,5.429483766541864e-17
284.195,0.32552575443526305,0.0,0.5826502380660756,0.8895676810210754,-0.45680339412354,-2.7971140722652006e-17,5.4470310659369684e-17
284.226,0.32492170935867415,0.0,0.5819345720357953,0.893102698968242,-0.4498528304853062,-2.7545541447060357e-17,5.468676808006599e-17
284.251,0.32444483017456616,0.0,0.5813501308178166,0.8959372111921821,-0.44418072178019535,-2.7198224958553864e-17,5.48603318961756e-17
284.276,0.3239771670202279,0.0,0.5807592607410035,0.8987558810592607,-0.4384493884833139,-2.6847282009710237e-17,5.5032925647704145e-17
284.317,0.3232302953061834,0.0,0.5797765158689401,0.9033410992491311,-0.42892290496937974,-2.6263953132586762e-17,5.5313689286684995e-17
284.356,0.32254321580938167,0.0,0.5788261608217218,0.9076554135995141,-0.4197161542798836,-2.570020224446481e-17,5.55778648496706e-17
284.396,0.3218623916515849,0.0,0.5778360027174788,0.9120277794150524,-0.4101284305863816,-2.5113123487846984e-17,5.584559503970561e-17
284.423,0.3214166072868303,0.0,0.5771589701028543,0.9149466546147397,-0.4035748000176626,-2.4711829352908184e-17,5.6024324598226e-17
284.454,0.3209185637376749,0.0,0.5763731618075318,0.9182635147363405,-0.395969844185214,-2.4246160112014927e-17,5.622742370478289e-17
284.481,0.32049685839075776,0.0,0.5756814802818105,0.9211207717483593,-0.3892769243786575,-2.383633697111246e-17,5.640238023748839e-17
284.511,0.32004155924098915,0.0,0.5749051380681983,0.9242591513765277,-0.38176566254279726,-2.3376404832870262e-17,5.659455056579569e-17
284.536,0.31967286433318975,0.0,0.5742520058639495,0.9268438853801151,-0.3754469498257937,-2.2989495267689758e-17,5.675281987700271e-17
284.581,0.31903392955363524,0.0,0.5730624834160978,0.931422603975799,-0.36393946310195874,-2.2284864928561e-17,5.703318553062276e-17
284.609,0.3186525042782409,0.0,0.5723135023489797,0.93422134289884,-0.35669382174673014,-2.184119735388848e-17,5.720455886381031e-17
284.627,0.3184138733944723,0.0,0.5718285026237615,0.9359993052185308,-0.3520018474815546,-2.1553896790612034e-17,5.731342765700101e-17
284.668,0.3178896186411011,0.0,0.5707137083583481,0.9399846840977906,-0.3412166374337232,-2.0893493142451605e-17,5.755746173139476e-17
284.708,0.31740413435976655,0.0,0.5696129004565492,0.943782949272128,-0.3305657947568136,-2.0241317122826632e-17,5.779003839579802e-17
284.732,0.3171252316184698,0.0,0.568946301722063,0.9460174917477892,-0.3241155739967175,-1.984635501244436e-17,5.792686466031689e-17
284.767,0.3167352380455586,0.0,0.5679661447828896,0.9492142543784162,-0.31463041697335525,-1.9265556653040828e-17,5.812260991647845e-17
284.802,0.3163651981154552,0.0,0.5669766670606016,0.952335056180801,-0.30505399648113213,-1.8679170017886322e-17,5.831370391338164e-17
284.84,0.3159861500482565,0.0,0.565892099598017,0.9556342038656805,-0.2945560530731068,-1.8036356378272905e-17,5.851571844599175e-17
284.89,0.31552362656276645,0.0,0.5644492380386751,0.9598282426018534,-0.28058821198303685,-1.7181072784175253e-17,5.877252925167945e-17
284.923,0.3152410295646348,0.0,0.5634874243133466,0.9625015361816636,-0.2712762297879006,-1.6610878324725717e-17,5.893622127296424e-17
284.953,0.31499983865973535,0.0,0.5626066765570105,0.9648643416517148,-0.26274855320058965,-1.6088708732885008e-17,5.908090138075954e-17
284.98,0.31479560936119133,0.0,0.5618089463529816,0.9669346316848799,-0.2550243479521625,-1.5615737571212833e-17,5.920767008388066e-17
285.006,0.31461047945032966,0.0,0.561036342314684,0.9688768439094887,-0.24754325144505226,-1.5157652526635583e-17,5.932659628308726e-17
285.021,0.31450883480015823,0.0,0.5605886767670273,0.9699740361403406,-0.24320848918904395,-1.4892224890541316e-17,5.939377993076536e-17
285.062,0.31425032982850654,0.0,0.5593580236028658,0.9728843421835617,-0.23129214585467117,-1.416255930444229e-17,5.957198477978386e-17
285.108,0.3139940971801906,0.0,0.557965423413669,0.9759915307905054,-0.2178084750995837,-1.3336922592893559e-17,5.97622452088759e-17
285.124,0.31391337796136043,0.0,0.5574781979054985,0.9770322829485649,-0.21309133740327277,-1.3048081213847333e-17,5.982597289882956e-17
285.174,0.31368918520971006,0.0,0.5559465204086468,0.9801486432285023,-0.19826405921731324,-1.2140172275322197e-17,6.001679493092032e-17
285.185,0.3136455797563245,0.0,0.5556077518894581,0.980806201452037,-0.1949851153119804,-1.1939394867409719e-17,6.005705875960556e-17
285.227,0.31349810430642483,0.0,0.554308526980695,0.9832221909093682,-0.18241196041757207,-1.1169511172578667e-17,6.020499544739028e-17
285.246,0.31344130929743086,0.0,0.5537178731085821,0.9842652580628077,-0.17669720362969663,-1.0819583242169802e-17,6.026886488992805e-17
285.297,0.31331949687561633,0.0,0.5521238667689594,0.9869087713445359,-0.16127949976118636,-9.87552115753116e-18,6.043073339387665e-17
285.324,0.31327311981497685,0.0,0.5512751294126655,0.9882147923785255,-0.15307359055130262,-9.373054135132265e-18,6.051070411782138e-17
285.353,0.3132373043583552,0.0,0.5503599538708167,0.989544432150407,-0.14422834950219918,-8.831439328208698e-18,6.059212107235406e-17
285.387,0.31321380604755444,0.0,0.5492824743821872,0.9910057987353104,-0.1338189331633961,-8.194046408193332e-18,6.06816039678832e-17
285.419,0.31320995258486795,0.0,0.5482641245744977,0.9922839959763696,-0.12398577067215438,-7.591938859673583e-18,6.075987097588031e-17
285.435,0.3132146752615501,0.0,0.5477534667143236,0.9928874361527886,-0.11905687350985665,-7.290130953016863e-18,6.079682102990673e-17
285.487,0.31326068136102736,0.0,0.5460873557079785,0.9946828280969695,-0.10298578294606832,-6.306060472129332e-18,6.090675707978953e-17
285.53,0.31333418952747305,0.0,0.5447025882570506,0.9959740681374087,-0.0896418183540493,-5.488978295851747e-18,6.098582272891228e-17
285.564,0.31341507089462184,0.0,0.5436034962392333,0.9968698342450911,-0.07906031603886046,-4.841048148828431e-18,6.104067258374017e-17
285.602,0.3135292743844459,0.0,0.5423710702084008,0.9977391045956445,-0.0672062434650346,-4.115195547108618e-18,6.109390004136011e-17
285.633,0.31364106448502604,0.0,0.5413627432148267,0.9983445217043909,-0.05751709296227416,-3.521906189625491e-18,6.113097114757888e-17
285.661,0.3137564265233152,0.0,0.5404498983256885,0.9988108518219391,-0.04875327971257437,-2.9852773973969897e-18,6.115952563186895e-17
285.69,0.31389031159270175,0.0,0.5395025003510974,0.9992129908713409,-0.03966609224450767,-2.4288476450959987e-18,6.118414954685205e-17
285.734,0.31412143849708807,0.0,0.5380616067582332,0.999665501142954,-0.025862827080706686,-1.5836414200644463e-18,6.121185780963767e-17
285.758,0.3142617295897881,0.0,0.5372740667665253,0.9998320303670859,-0.01832787636445447,-1.1222587562448798e-18,6.122205478370255e-17
285.791,0.31447101869598704,0.0,0.5361895508982659,0.9999682940932404,-0.007963090370879071,-4.875986567009082e-19,6.12303985305063e-17
285.828,0.31472823505798897,0.0,0.5349715569519023,0.999993300126272,0.003660560417161329,2.241446798981061e-19,6.123192970842187e-17
285.865,0.31500928631477876,0.0,0.5337517245373761,0.9998832094356849,0.015282914924661734,9.358086422064154e-19,6.122518859782971e-17
285.91,0.3153832008201499,0.0,0.5322661146365071,0.9995674171151178,0.029410519237379078,1.8008749122658973e-18,6.120585189510081e-17
285.961,0.3158495038336172,0.0,0.5305803940430666,0.9989687612288505,0.045402798249621956,2.780119577436629e-18,6.116919479435541e-17
285.992,0.316154994660792,0.0,0.5295550158127177,0.9984803235669352,0.05510937714825296,3.374476116380614e-18,6.113928661339304e-17
286.023,0.3164771338366328,0.0,0.5285293110592737,0.9978981226196775,0.06480229063947616,3.967995890452549e-18,6.110363708706704e-17
286.038,0.31663897757086495,0.0,0.528032939188874,0.9975828714792564,0.06948679393382227,4.254838988703359e-18,6.108433352206484e-17
286.083,0.3171478345431729,0.0,0.5265438266068724,0.9965065152967574,0.08351505834945845,5.1138224444134366e-18,6.101842571438285e-17
286.115,0.31753094012563643,0.0,0.5254851353290798,0.9956225965096477,0.09346467417900305,5.723060703333318e-18,6.096430129871584e-17
286.148,0.31794447833147765,0.0,0.5243938025963917,0.9946086794311215,0.1036994445514563,6.34975964216497e-18,6.090221678347495e-17
286.168,0.3182042137823478,0.0,0.5237326989460481,0.9939439291460611,0.10988842392941033,6.728725331424988e-18,6.086151256803336e-17
286.215,0.3188415824245437,0.0,0.5221803455841599,0.9922337651091945,0.12438711901652767,7.616514357937573e-18,6.075679522234509e-17
286.247,0.31929715035338074,0.0,0.5211246728148108,0.9909517066768245,0.1342189071416125,8.21853775080158e-18,6.0678291784569e-17
286.258,0.31945778655747414,0.0,0.5207620619049058,0.9904891826594929,0.1375906211721197,8.424995690556622e-18,6.064997035670131e-17
286.309,0.3202294557161055,0.0,0.5190830143633282,0.9882004521776632,0.1531661395866005,9.37872112912435e-18,6.050982603376712e-17
286.326,0.32049649081110004,0.0,0.5185242091416068,0.9873852882225613,0.1583360117018537,9.69528449602165e-18,6.045991163734732e-17
286.371,0.32122694669532137,0.0,0.5170474524690949,0.9851032231575806,0.17196406521289812,1.052976210156712e-17,6.03201754534836e-17
286.402,0.32175001600742326,0.0,0.5160324054638754,0.9834275475486508,0.1813015684500447,1.11015192741371e-17,6.021756991493934e-17
286.422,0.32209605250407797,0.0,0.5153786187720459,0.9823022565123801,0.18730263439334272,1.1468978584083706e-17,6.014866571165543e-17
286.456,0.3226996973967351,0.0,0.5142692849328826,0.9803107497807835,0.19746096795123372,1.2090997117900824e-17,6.002672109443892e-17
286.476,0.32306380614297325,0.0,0.5136180523365966,0.9790936586591995,0.20340994954363223,1.2455267181166692e-17,5.995219575712299e-17
286.511,0.323717024001445,0.0,0.5124809118682063,0.9768837031053453,0.21377144478902563,1.3089725780499268e-17,5.981687500735873e-17
286.546,0.32439056558482804,0.0,0.5113471919524579,0.9745735597336375,0.22406779480350625,1.3720195384905994e-17,5.967541952307205e-17
286.585,0.3251649126585403,0.0,0.5100882427243459,0.9718838876871445,0.23546063121915262,1.441780541738753e-17,5.951072460994737e-17
286.617,0.32581894527945093,0.0,0.5090589102845305,0.9695880357043914,0.24474280585729127,1.4986174690373694e-17,5.937014422084763e-17
286.642,0.3263415664496342,0.0,0.5082571680506266,0.9677397903460497,0.25195177749121683,1.542759689220524e-17,5.925697183274102e-17
286.678,0.3271120260564534,0.0,0.5071065927866674,0.9649959682240421,0.2622647161006289,1.6059082255096226e-17,5.908896118378371e-17
286.703,0.3276594342238672,0.0,0.5063104407650402,0.9630345439743792,0.2693779261781847,1.6494640752753294e-17,5.896885858732772e-17
286.733,0.3283296414926682,0.0,0.5053582959843954,0.9606216559625725,0.27785973816968335,1.7014001948071217e-17,5.882111180830972e-17
286.758,0.328899198003083,0.0,0.5045676456499234,0.9585626530315521,0.2848818004245136,1.7443979251260783e-17,5.869503424086426e-17
286.803,0.32994957546959286,0.0,0.5031511989864943,0.9547489714924327,0.2974128467873268,1.8211284542170098e-17,5.846151359637176e-17
286.826,0.33049886864660116,0.0,0.5024307141927694,0.9527478531321958,0.3037622892196987,1.860007575972883e-17,5.833898043664281e-17
286.867,0.3314987695075762,0.0,0.5011524755752372,0.9490964986186902,0.3149854541240637,1.9287296408550505e-17,5.811539945576697e-17
286.892,0.33212142697859903,0.0,0.5003770381005657,0.9468186938438271,0.32176755738866725,1.9702580461274682e-17,5.797592413943603e-17
286.907,0.33249971086732094,0.0,0.49991326706696165,0.9454338495640235,0.325814112798312,1.9950360517774376e-17,5.789112688370709e-17
286.942,0.33339598443114643,0.0,0.4988356070161012,0.942150998683658,0.33518874634955415,2.0524391266359776e-17,5.76901102425712e-17
286.994,0.3347625388792289,0.0,0.49724650123219716,0.9371454524658965,0.34893896446583605,2.1366349296543907e-17,5.738360893489291e-17
287.024,0.3355697865963066,0.0,0.49633649368046606,0.9341911718727467,0.3567728330394906,2.184603540022726e-17,5.720271142128371e-17
287.064,0.3366673868573139,0.0,0.495131184211619,0.930180380794755,0.3671027910334172,2.2478562899856704e-17,5.695712129849814e-17
287.087,0.3373094388207358,0.0,0.4944424110072605,0.927838608188372,0.37298192604342717,2.2838556093444895e-17,5.681372908216125e-17
287.121,0.3382730726736389,0.0,0.4934301178686413,0.9243314940728494,0.3815904729746982,2.3365677565679437e-17,5.659898027837029e-17
287.151,0.33913761909983514,0.0,0.49254290603098194,0.921194023806642,0.3891035472762076,2.3825720685434425e-17,5.640686563242373e-17
287.188,0.34022218315643876,0.0,0.4914566318274693,0.9172720169028596,0.3982612798238863,2.4386470078032538e-17,5.61667119723762e-17
287.219,0.3411462993078307,0.0,0.49055345565792474,0.9139439056175197,0.4058405319637187,2.4850565421681362e-17,5.596292393073631e-17
287.246,0.34196254327130904,0.0,0.489772108155147,0.9110157669246477,0.41237152231294527,2.525047324300349e-17,5.578362714685205e-17
287.276,0.34288180008658,0.0,0.4889098511064544,0.9077319627125137,0.41955057367388715,2.5690063356508084e-17,5.558255213098123e-17
287.312,0.34400188342197463,0.0,0.4878835403500918,0.9037520133022403,0.4280564197067336,2.6210896212416365e-17,5.533885051567824e-17
287.339,0.34485399530297395,0.0,0.48711995444862904,0.9007408285811864,0.43435694967028865,2.659669240505635e-17,5.5154468629164237e-17
287.379,0.3461351840691236,0.0,0.4859986349836048,0.8962419610677843,0.443565493722598,2.716055310497975e-17,5.487899244416044e-17
287.415,0.34730725675749186,0.0,0.4849998100152234,0.8921578876245061,0.451723702665002,2.766009932838427e-17,5.4628915070670774e-17
287.447,0.3483640505377265,0.0,0.4841204023997029,0.8885026631065778,0.4588714609261718,2.8097773292165305e-17,5.440509712036848e-17
287.482,0.3495358618772282,0.0,0.4831678409392846,0.8844809526289331,0.4665763007661394,2.8569558664563265e-17,5.4158838377191234e-17
287.509,0.3504510996235298,0.0,0.4824397681096644,0.8813634951221455,0.472438767954193,2.892853124841108e-17,5.396794915933297e-17
287.526,0.3510323531170473,0.0,0.4819844203086693,0.879394703414435,0.47609343159367123,2.915231485481344e-17,5.3847395436181196e-17
287.566,0.3524150864970925,0.0,0.4809225198009747,0.8747465612113353,0.4845806987994298,2.967201008566547e-17,5.3562778812630805e-17
287.591,0.3532899425096238,0.0,0.48026571275295377,0.8718319861137919,0.4898050510038469,2.999190939590336e-17,5.3384312559426745e-17
287.622,0.3543860137929218,0.0,0.4794587536320072,0.8682099001314575,0.49619710732099653,3.038330996134171e-17,5.316252375920163e-17
287.657,0.355638323050328,0.0,0.4785577893346171,0.8641124579952996,0.5032987780010215,3.0818161874686267e-17,5.2911627789364764e-17
287.682,0.35654234091609605,0.0,0.47792091882089793,0.861182257066038,0.5082962916593475,3.1124171329954475e-17,5.273220472992083e-17
287.721,0.35796824238769226,0.0,0.4769386964155541,0.8566085185649811,0.5159669039017022,3.1593860866459477e-17,5.245214401914801e-17
287.752,0.3591150797144504,0.0,0.4761679305550456,0.8529733000842794,0.5219545472005526,3.196049827647814e-17,5.222955108531838e-17
287.783,0.36027365518013255,0.0,0.47540614370071704,0.8493408005381249,0.5278448678743188,3.2321176394432104e-17,5.200712463821326e-17
287.813,0.3614058968152791,0.0,0.47467760312511414,0.8458301713195733,0.5334522671106585,3.266453057074834e-17,5.179216059643864e-17
287.844,0.362587144499353,0.0,0.4739338653160948,0.842209533417339,0.5391503517767082,3.301343762812576e-17,5.15704604655465e-17
287.875,0.3637796946267832,0.0,0.4731994902618799,0.8385982083328765,0.5447504428459784,3.335634430827153e-17,5.134933058027812e-17
287.905,0.364944395439038,0.0,0.47249783807117907,0.8351143123010374,0.5500764359522824,3.3682467328767336e-17,5.1136003474080425e-17
287.93,0.36592285866412305,0.0,0.4719199976331788,0.8322207240950531,0.5544444664587297,3.3949932057682266e-17,5.0958822297354966e-17
287.965,0.3673045788722999,0.0,0.471121642874671,0.8281867400331349,0.5604522491999552,3.431780265288299e-17,5.0711812013892986e-17
288.001,0.368740013783852,0.0,0.4703135725887312,0.8240611844081212,0.5665008070178582,3.4688170001440626e-17,5.0459194589349114e-17
288.015,0.3693020854818178,0.0,0.47000294900923234,0.8224639968538915,0.5688171708722601,3.483000638043832e-17,5.036139505805285e-17
288.062,0.3712045510814108,0.0,0.4689751754554222,0.8171347581388355,0.5764466905459573,3.529717972280957e-17,5.003507330133858e-17
288.088,0.3722670998850278,0.0,0.468416679914742,0.814210275517233,0.5805700881393663,3.5549665006028584e-17,4.9856000387253196e-17
288.114,0.37333673780324994,0.0,0.46786543609413256,0.8113041555265306,0.5846242957878018,3.579791362701535e-17,4.96780518600256e-17
288.139,0.37437183206036906,0.0,0.46734229452178394,0.8085282478862106,0.5884573666545898,3.603262152541119e-17,4.950807653970328e-17
288.18,0.3760831583324181,0.0,0.46649914220556454,0.8040177042410646,0.5946053575834379,3.640907739602123e-17,4.923188539783115e-17
288.2,0.3769240637941885,0.0,0.4660945850268672,0.801837521492134,0.5975421233079317,3.658890243323858e-17,4.909838770657945e-17
288.235,0.37840512060084114,0.0,0.4653973505613366,0.7980559261834637,0.6025833873278071,3.689759082551844e-17,4.886683177705776e-17
288.26,0.37947028673642896,0.0,0.4649077661465636,0.7953823704511717,0.6061079811184432,3.7113409950718297e-17,4.8703123703563086e-17
288.3,0.381186905350843,0.0,0.46413921175958817,0.7911552809289766,0.6116153378212422,3.745063828861057e-17,4.844428912090981e-17
288.325,0.3822673731202566,0.0,0.4636681865627733,0.7885465190054323,0.6149751111747658,3.765636507277323e-17,4.828454852393951e-17
288.366,0.38405168904630393,0.0,0.4629113876268881,0.7843263616190513,0.6203484169959822,3.7985385161512856e-17,4.802613841218303e-17
288.4,0.3855427555042653,0.0,0.4622987159567401,0.780884173242894,0.6246758423204485,3.82503635401207e-17,4.781536516333687e-17
288.425,0.38664557219207607,0.0,0.4618569299538215,0.7783878623427131,0.6277836695530886,3.8440663073758486e-17,4.7662510205657707e-17
288.455,0.3879760167113759,0.0,0.46133660473767946,0.7754325596211371,0.6314303963853908,3.866396069088567e-17,4.7481550104733237e-17
288.479,0.3890458198759413,0.0,0.4609281087874063,0.7731009363053113,0.6342830143428492,3.883863316342525e-17,4.7338779353206066e-17
288.525,0.39110949004123974,0.0,0.46016461090047234,0.7687160825090291,0.6395901691645766,3.916360267167564e-17,4.707028449488876e-17
288.551,0.39228341437127623,0.0,0.4597444660952983,0.7662882400662718,0.6424969518496844,3.9341591777232356e-17,4.692162202107092e-17
288.586,0.3938720226067136,0.0,0.4591919948527865,0.7630797160729537,0.6463043763723254,3.9574729289964727e-17,4.672515658915069e-17
288.611,0.39501246102166904,0.0,0.458806642435057,0.760831016447179,0.6489500477016336,3.9736729936216383e-17,4.658746344920325e-17
288.643,0.3964790041599688,0.0,0.4583247401759631,0.7580065470961044,0.6522469429283984,3.993860654554547e-17,4.6414514581699084e-17
288.681,0.39823015481118784,0.0,0.45776914399252566,0.7547331776557555,0.6560318822630846,4.017036723760499e-17,4.621407851132159e-17
288.692,0.39873897323942387,0.0,0.4576117088992014,0.7538023340291711,0.6571012412194746,4.023584658875912e-17,4.615708077793142e-17
288.726,0.4003169644410016,0.0,0.4571347832745897,0.7509736403324628,0.6603321827124654,4.04336846966403e-17,4.5983873243859314e-17
288.779,0.4027922141803035,0.0,0.456420735021012,0.746713789104491,0.6651454857106178,4.0728414502140983e-17,4.5723032585300334e-17
288.811,0.404295472890856,0.0,0.4560070803489127,0.7442325038940764,0.6679206391088343,4.089834363845442e-17,4.5571097685765033e-17
288.834,0.40537987384988894,0.0,0.45571794296806256,0.7424922676574414,0.6698546353268823,4.1016766752354194e-17,4.5464538948917273e-17
288.893,0.4081760571880021,0.0,0.45500771904143616,0.7381972476549389,0.6745849268659009,4.1306413571968846e-17,4.520154482400034e-17
288.925,0.40970097989565535,0.0,0.4546415763821346,0.7359717612606937,0.677012235212062,4.145504334180234e-17,4.506527308453743e-17
288.944,0.4106090665980087,0.0,0.4544305592580026,0.7346856896972386,0.6784076483605509,4.154048775409159e-17,4.498652391335444e-17
288.973,0.4119988004343293,0.0,0.4541176822819954,0.7327741650928231,0.680471911964422,4.1666887444845447e-17,4.486947678894e-17
289.009,0.4137300059962886,0.0,0.45374481417516155,0.7304888838327388,0.6829245863174055,4.181707043463205e-17,4.472954366992432e-17
289.039,0.4151775660465285,0.0,0.4534472898547182,0.7286597489489782,0.6848758794567174,4.193655267949487e-17,4.461754146089401e-17
289.064,0.4163871248623118,0.0,0.45320855577895014,0.727188444501116,0.6864378822472194,4.2032197765377247e-17,4.452745004676172e-17
289.105,0.418376930803677,0.0,0.4528352161519974,0.7248811612941148,0.6888739376699451,4.218136313917658e-17,4.43861696970527e-17
289.135,0.4198374870105763,0.0,0.4525764092888679,0.7232771261290009,0.690557889549148,4.2284475453115777e-17,4.428795087051887e-17
289.171,0.4215950068688241,0.0,0.45228193391893706,0.7214474790861607,0.6924691581003617,4.240150689879352e-17,4.417591730078969e-17
289.197,0.42286745528867964,0.0,0.45208021138919546,0.7201913424838546,0.6937754897741079,4.2481496643937424e-17,4.409900111732439e-17
289.237,0.424829893944513,0.0,0.4517878704112365,0.7183669111152708,0.6956644169531058,4.2597160075116535e-17,4.398728691553438e-17
289.253,0.42561642572823266,0.0,0.45167705951512904,0.7176741288373418,0.696379095606382,4.264092152137422e-17,4.3944866235575793e-17
289.287,0.4272905885152508,0.0,0.451453239787978,0.716272752526643,0.6978204238827539,4.272917742438319e-17,4.3859056684910884e-17
289.323,0.429067114974732,0.0,0.45123357038747103,0.7148946740768646,0.6992321538491587,4.281562095361409e-17,4.3774673716786124e-17
289.34,0.42990733124589464,0.0,0.45113604310413763,0.7142819924040346,0.6998580108331424,4.285394364122207e-17,4.373715778430975e-17
289.389,0.43233343173887967,0.0,0.4508772641489521,0.7126537677845309,0.7015159351451055,4.295546222631578e-17,4.3637457780881346e-17
289.426,0.4341692492002631,0.0,0.4507038801443293,0.7115607878925639,0.7026245406571803,4.302334473590976e-17,4.357053206456986e-17
289.472,0.4364556869912275,0.0,0.45051481339442945,0.7103670704179654,0.7038313897985776,4.3097242932813057e-17,4.349743795035219e-17
289.525,0.43909485097529727,0.0,0.4503334681169981,0.7092202682248273,0.7049869581340522,4.3168001085974805e-17,4.3427216568598104e-17
289.571,0.4413888585841644,0.0,0.4502078135509624,0.7084245936641081,0.7057865081537358,4.321695940459299e-17,4.337849555340072e-17
289.622,0.44393508330080517,0.0,0.45010303937214535,0.7077604807909683,0.7064524766964423,4.325773821680091e-17,4.3337830368182556e-17
289.669,0.44628352441739333,0.0,0.45003868066866093,0.7073522457610665,0.7068612313720252,4.328276722205536e-17,4.33128331820491e-17
289.696,0.44763317907309275,0.0,0.45001568623026966,0.7072063346170971,0.7070072137379154,4.3291706063911334e-17,4.3303898701278e-17
289.731,0.44938306097494346,0.0,0.45000106572349,0.7071135452766816,0.7071000170317084,4.3297388626746034e-17,4.329821699284125e-17
289.761,0.45088305260261263,0.0,0.45000218341013754,0.7071206391078493,0.707092922993652,4.3296954242196095e-17,4.329865136472292e-17
289.794,0.45253291148750774,0.0,0.45001796520325926,0.7072207971177251,0.7069927468681483,4.3290820223623637e-17,4.3304784274033086e-17
289.823,0.4539824859486738,0.0,0.45004441716061705,0.7073886421717994,0.7068248078034174,4.328053692171991e-17,4.3315061819444325e-17
289.854,0.4555315231584378,0.0,0.45008570577750534,0.7076505538864979,0.7065625899976115,4.3264480711891926e-17,4.333109928659756e-17
289.879,0.45678022964832177,0.0,0.4501287926884048,0.7079237740294829,0.706288843295612,4.324771856077289e-17,4.334782919527602e-17
289.921,0.45887670509126427,0.0,0.4502208415279751,0.7085071299083785,0.7057036537166235,4.3211886033532756e-17,4.338354944076869e-17
289.956,0.4606221627201962,0.0,0.4503163621397426,0.7091119997477437,0.7050958600174559,4.317466940312138e-17,4.342058703640266e-17
289.99,0.462316058490567,0.0,0.45042550976975093,0.7098025512348084,0.7044006943924439,4.313210278524397e-17,4.3462871119816666e-17
290.025,0.4640577498358301,0.0,0.4505546810599687,0.7106189470250295,0.7035770832887028,4.308167115014703e-17,4.351286094438324e-17
290.065,0.4660453702479381,0.0,0.4507231558106688,0.7116823794399143,0.7025013813472126,4.301580340317291e-17,4.357797739953316e-17
290.095,0.4675338185978454,0.0,0.4508640798556774,0.7125707144050573,0.7016002971580516,4.296062790977199e-17,4.363237222811481e-17
290.136,0.4695645258848086,0.0,0.4510768251922509,0.713909720870251,0.7002377528004046,4.287719613045755e-17,4.371436272719666e-17
290.151,0.47030637501567174,0.0,0.4511604621415224,0.7144354457446549,0.69970136048434,4.2844351573809766e-17,4.3746554091430204e-17
290.187,0.4720842358010445,0.0,0.4513738474232637,0.7157749978495956,0.6983309762952029,4.276043974326832e-17,4.382857800131055e-17
290.208,0.4731195447579441,0.0,0.4515065586393634,0.7166068426916858,0.6974773351209725,4.270816929668624e-17,4.3879513807473194e-17
290.243,0.47484194964708293,0.0,0.45174119697412424,0.7180751947524835,0.695965526934476,4.2615597743860356e-17,4.396942444003706e-17
290.275,0.47641310783791574,0.0,0.45197040178609527,0.7195066023175685,0.694485600442103,4.2524978381767454e-17,4.405707287467989e-17
290.299,0.4775890764164094,0.0,0.4521514809966243,0.7206354003783557,0.6933142287026329,4.2453252549199774e-17,4.412619182128123e-17
290.335,0.47934895191441107,0.0,0.4524378019401775,0.7224165269161055,0.6914581416387198,4.233959999511177e-17,4.4235254366947816e-17
290.365,0.48081158037082156,0.0,0.45268983769539967,0.7239805942293747,0.6898203383340343,4.223931346637597e-17,4.433102586839012e-17
290.391,0.4820761508891917,0.0,0.45291811501780166,0.7253941606137296,0.6883337212046948,4.2148284420925805e-17,4.441758184578925e-17
290.432,0.48406425164955386,0.0,0.4532965982125177,0.7277314178425088,0.6858622190242963,4.199694855921027e-17,4.4560697574989673e-17
290.469,0.48585172806646054,0.0,0.45365751791075376,0.7299527167600633,0.6834976454199405,4.185216018441414e-17,4.4696712905456304e-17
290.489,0.486815177590826,0.0,0.4538602257322035,0.7311970726400042,0.6821662854192433,4.17706378962458e-17,4.4772907727724796e-17
290.52,0.4883045538447412,0.0,0.4541849435741025,0.7331855670017445,0.6800286202361856,4.163974365504179e-17,4.4894667890486184e-17
290.551,0.4897889324999427,0.0,0.4545224023360054,0.7352457506157356,0.677800624226257,4.150331824593818e-17,4.5020817753912684e-17
290.576,0.4909822402771526,0.0,0.4548037879575757,0.7369586579850922,0.6759378199367246,4.138925438040749e-17,4.5125703080268606e-17
290.611,0.49264700798253547,0.0,0.4552115263432397,0.7394327119026585,0.6732304691324362,4.122347695557545e-17,4.5277195190821884e-17
290.622,0.49316876943736654,0.0,0.455342985150642,0.7402283440818715,0.6723555596689972,4.1169904201878235e-17,4.532591361090048e-17
290.677,0.495766774301086,0.0,0.45602391218203225,0.7443336615781838,0.6678079066929454,4.0891440768840494e-17,4.55772918074676e-17
